ts,open,high,low,close,volume
1606975200000,24,31.5,24,30.54,11987.1932
1606978800000,30.55,30.78,30.49,30.69,10040.8548
1606982400000,30.66,30.75,30.47,30.54,7814.122
1606986000000,30.53,30.69,30.46,30.53,10540.817
1606989600000,30.53,30.66,30.49,30.55,11734.2271
1606993200000,30.55,30.6,30.44,30.5,11529.5253
1606996800000,30.5,30.54,30.42,30.47,9875.5075
1607000400000,30.44,30.68,30.44,30.53,9810.2842
1607004000000,30.53,30.62,30.52,30.58,9183.662
1607007600000,30.59,30.72,30.59,30.61,10896.2379
1607011200000,30.61,30.72,30.49,30.55,10451.1166
1607014800000,30.54,30.68,30.52,30.63,4170.1844
1607018400000,30.65,30.68,30.49,30.55,3315.9718
1607022000000,30.54,30.57,30.41,30.44,7405.0499
1607025600000,30.44,30.44,30.33,30.36,10305.3651
1607029200000,30.37,30.45,30.34,30.38,5560.4258
1607032800000,30.4,30.44,30.21,30.41,7328.6752
1607036400000,30.42,30.49,30.29,30.42,8883.3715
1607040000000,30.4,30.5,30.37,30.48,4213.2172
1607043600000,30.48,30.49,30.29,30.37,6950.615
1607047200000,30.36,30.44,30.29,30.32,7385.9464
1607050800000,30.31,30.33,30.22,30.28,8846.0334
1607054400000,30.29,30.42,30.25,30.33,8367.8516
1607058000000,30.33,30.42,30.29,30.32,8547.7376
1607061600000,30.3,30.41,30.29,30.35,3109.0819
1607065200000,30.35,30.38,30.24,30.25,7137.2182
1607068800000,30.25,30.53,30.25,30.46,13890.6434
1607072400000,30.47,30.52,30.39,30.5,8890.556
1607076000000,30.51,30.51,30.13,30.21,23234.4079
1607079600000,30.22,30.26,30.1,30.14,16308.4275
1607083200000,30.14,30.18,29.9,30.13,24423.3961
1607086800000,30.13,30.14,29.99,30.01,7632.5623
1607090400000,30.01,30.09,29.99,30.03,13127.1908
1607094000000,30.03,30.06,29.74,29.77,11438.0576
1607097600000,29.74,29.74,29.51,29.74,15561.4327
1607101200000,29.74,29.8,29.54,29.6,5829.8616
1607104800000,29.6,29.65,29.52,29.59,4088.838
1607108400000,29.61,29.61,29.5,29.51,3416.6382
1607112000000,29.51,29.51,29.25,29.29,9385.7298
1607115600000,29.29,29.31,28.99,29.02,15654.7033
1607119200000,29.02,29.1,28.94,29.03,9671.9653
1607122800000,29.03,29.27,29.01,29.03,12761.5953
1607126400000,29.02,29.24,28.94,29.19,12898.2746
1607130000000,29.19,29.32,29.09,29.28,13427.9199
1607133600000,29.27,29.38,29.27,29.33,10773.732
1607137200000,29.33,29.41,29.29,29.39,6772.6017
1607140800000,29.39,29.45,29.36,29.38,7701.431
1607144400000,29.38,29.67,29.35,29.45,8892.8407
1607148000000,29.45,29.7,29.39,29.61,9407.0596
1607151600000,29.6,29.69,29.58,29.64,7244.3595
1607155200000,29.64,29.85,29.62,29.78,10429.8782
1607158800000,29.81,30.38,29.61,29.71,5020.0457
1607162400000,29.71,29.73,29.49,29.59,7527.5481
1607166000000,29.59,29.71,29.48,29.71,9550.3988
1607169600000,29.7,29.91,29.69,29.79,6011.2023
1607173200000,29.78,29.82,29.68,29.74,8165.6859
1607176800000,29.76,29.83,29.71,29.78,3984.328
1607180400000,29.8,29.98,29.76,29.96,8696.0905
1607184000000,29.96,30.17,29.84,30.09,9927.633
1607187600000,30.1,30.11,29.81,29.82,3340.0221
1607191200000,29.83,30.03,29.82,29.94,5743.2474
1607194800000,29.94,29.96,29.84,29.86,3632.7263
1607198400000,29.88,29.89,29.73,29.74,3610.2597
1607202000000,29.75,29.85,29.72,29.74,3745.4981
1607205600000,29.75,29.75,29.65,29.69,1781.5011
1607209200000,29.69,29.87,29.69,29.86,1688.398
1607212800000,29.85,30.08,29.82,30.03,5387.8262
1607216400000,30.03,30.03,29.79,29.91,2777.0675
1607220000000,29.91,29.93,29.79,29.87,4982.3508
1607223600000,29.88,29.95,29.82,29.85,3734.1167
1607227200000,29.85,29.93,29.83,29.9,1596.6326
1607230800000,29.89,29.92,29.82,29.84,3155.9592
1607234400000,29.85,29.91,29.8,29.89,1681.5741
1607238000000,29.91,29.94,29.87,29.9,2780.1486
1607241600000,29.89,29.92,29.68,29.72,5153.0058
1607245200000,29.75,29.84,29.46,29.62,10647.0265
1607248800000,29.63,29.67,29.49,29.53,7447.3714
1607252400000,29.52,29.66,29.46,29.6,4117.1019
1607256000000,29.62,29.62,29.5,29.53,4194.6367
1607259600000,29.54,29.55,29.44,29.49,8479.0541
1607263200000,29.52,29.6,29.47,29.51,4373.1321
1607266800000,29.53,29.57,29.44,29.5,4244.3084
1607270400000,29.5,29.6,29.39,29.4,10300.5131
1607274000000,29.4,29.41,29.12,29.21,9419.8108
1607277600000,29.19,29.2,29.02,29.02,6584.7648
1607281200000,29.03,29.22,29.02,29.04,7927.7157
1607284800000,29.05,29.05,29.01,29.01,4218.417
1607288400000,29.01,29.09,29.01,29.09,5107.612
1607292000000,29.08,29.25,29.05,29.25,6639.4159
1607295600000,29.25,29.35,29.22,29.29,6403.8349
1607299200000,29.31,29.36,29.18,29.29,6255.6346
1607302800000,29.27,29.48,29.27,29.48,3504.9011
1607306400000,29.48,29.74,29.36,29.66,11391.8807
1607310000000,29.66,29.7,29.63,29.68,10454.5471
1607313600000,29.67,29.7,29.43,29.47,6509.1148
1607317200000,29.49,29.58,29.49,29.56,7970.2556
1607320800000,29.55,29.57,29.46,29.5,6330.7681
1607324400000,29.53,29.62,29.43,29.48,9574.4167
1607328000000,29.45,29.59,29.41,29.5,4106.9921
1607331600000,29.52,29.56,29.45,29.53,4076.1398
1607335200000,29.54,29.57,29.44,29.47,10143.3863
1607338800000,29.47,29.53,29.43,29.45,5052.7059
1607342400000,29.44,29.8,29.43,29.75,6123.3099
1607346000000,29.76,29.95,29.6,29.82,9907.9782
1607349600000,29.84,29.89,29.75,29.85,5894.005
1607353200000,29.84,29.92,29.72,29.83,5295.6413
1607356800000,29.82,29.96,29.82,29.94,7468.2364
1607360400000,29.93,33.57,29.75,32.33,28663.9325
1607364000000,32.64,32.64,30.53,30.79,79494.0631
1607367600000,30.78,30.91,30.5,30.7,28683.2356
1607371200000,30.7,30.92,30.45,30.66,20586.503
1607374800000,30.65,30.66,30.29,30.32,22826.8592
1607378400000,30.32,31.02,30.28,30.91,15483.2433
1607382000000,30.92,30.93,30.23,30.45,17849.8176
1607385600000,30.44,30.92,30.36,30.78,23237.8581
1607389200000,30.78,30.88,30.55,30.85,19263.9977
1607392800000,30.84,31.02,30.57,30.66,24806.6765
1607396400000,30.65,30.77,30.4,30.54,18180.6301
1607400000000,30.53,30.73,30.42,30.57,12833.786
1607403600000,30.57,30.87,30.55,30.87,12818.6143
1607407200000,30.81,30.88,30.21,30.38,19808.0747
1607410800000,30.38,30.44,30.32,30.37,10615.7695
1607414400000,30.37,30.65,30.3,30.45,18296.2023
1607418000000,30.44,30.85,30.01,30.18,26936.6129
1607421600000,30.18,30.49,30.11,30.29,17064.1004
1607425200000,30.29,30.38,30.19,30.3,12045.7671
1607428800000,30.29,30.39,29.9,30.12,14773.2074
1607432400000,30.13,30.46,30.01,30.32,9046.1529
1607436000000,30.32,30.92,30.24,30.55,16190.0316
1607439600000,30.56,31.88,30.47,30.85,11861.771
1607443200000,30.86,31.44,30.81,31.19,15013.9138
1607446800000,31.19,31.37,30.41,30.5,10677.3091
1607450400000,30.5,30.54,30.3,30.31,5702.164
1607454000000,30.33,30.49,30.26,30.33,4829.4771
1607457600000,30.34,30.43,30.1,30.32,11649.307
1607461200000,30.32,30.44,30.1,30.44,10868.4069
1607464800000,30.44,31,29.9,30.07,12117.6577
1607468400000,30.06,30.3,29.91,30.08,18300.0706
1607472000000,30.08,30.27,29.9,29.98,15606.6604
1607475600000,29.99,30.08,29.75,29.83,17770.6913
1607479200000,29.84,29.96,29.75,29.86,14104.9788
1607482800000,29.84,29.95,29.76,29.79,11033.8737
1607486400000,29.79,29.89,29.76,29.8,9996.5555
1607490000000,29.8,29.98,29.75,29.92,7830.664
1607493600000,29.91,30.41,29.86,30.28,15286.849
1607497200000,30.29,30.29,29.81,29.84,22532.653
1607500800000,29.85,30.27,29.81,30.06,29807.0919
1607504400000,30.06,30.21,30,30.18,13421.9239
1607508000000,30.18,30.5,30.13,30.31,13723.3958
1607511600000,30.31,30.58,30.23,30.25,18168.4742
1607515200000,30.26,30.85,30.26,30.62,43490.7834
1607518800000,30.63,30.9,30.46,30.7,33528.7536
1607522400000,30.72,30.76,30.47,30.71,23325.6705
1607526000000,30.73,30.77,30.52,30.74,18161.1375
1607529600000,30.73,30.78,30.55,30.68,18511.4301
1607533200000,30.66,31.44,30.5,31.04,58853.8766
1607536800000,31.07,31.14,30.21,30.35,39205.1168
1607540400000,30.36,30.71,30.27,30.68,17292.6356
1607544000000,30.68,30.88,30.59,30.62,15327.4947
1607547600000,30.62,30.77,30.45,30.62,10358.2403
1607551200000,30.62,30.63,30.41,30.58,10988.826
1607554800000,30.58,30.59,30.43,30.49,9473.8875
1607558400000,30.48,30.75,30.46,30.74,13217.6149
1607562000000,30.74,31.12,30.7,30.95,25964.3725
1607565600000,30.94,31.9,30.84,30.9,21693.9909
1607569200000,30.91,30.93,30.65,30.66,21213.7018
1607572800000,30.67,30.82,30.64,30.78,15194.2367
1607576400000,30.78,30.83,30.73,30.79,12295.4966
1607580000000,30.78,30.84,30.68,30.78,16878.8791
1607583600000,30.78,30.99,30.76,30.92,10745.9016
1607587200000,30.93,31.08,30.86,30.89,12640.7671
1607590800000,30.89,30.97,30.68,30.69,8272.971
1607594400000,30.71,30.77,30.54,30.56,1621.9199
1607598000000,30.55,30.67,30.52,30.64,10108.6073
1607601600000,30.64,30.69,30.56,30.58,8748.4491
1607605200000,30.61,30.66,30.49,30.63,14124.1748
1607608800000,30.63,30.67,30.5,30.53,11471.9721
1607612400000,30.52,30.81,30.42,30.73,15448.3484
1607616000000,30.73,31.03,30.67,31.01,19603.7852
1607619600000,31.01,31.34,30.88,31.04,24098.9976
1607623200000,31.04,32.41,31.02,32.2,51202.1746
1607626800000,32.22,32.53,31.48,31.54,61898.0413
1607630400000,31.53,31.53,30.87,31.08,41420.5886
1607634000000,31.09,31.09,30.49,30.65,28562.604
1607637600000,30.65,30.78,30.64,30.75,13900.2471
1607641200000,30.77,30.78,30.54,30.56,19118.4724
1607644800000,30.57,30.59,29.95,30.21,43638.2779
1607648400000,30.22,30.33,30.02,30.27,30844.2941
1607652000000,30.27,30.57,30.23,30.28,24350.8478
1607655600000,30.28,30.57,30.17,30.57,26314.3032
1607659200000,30.61,30.64,30.54,30.64,12830.0965
1607662800000,30.64,30.74,30.35,30.35,18460.3867
1607666400000,30.35,30.44,30.27,30.35,10371.8703
1607670000000,30.35,30.37,30.11,30.27,15261.8215
1607673600000,30.27,30.32,30.07,30.29,26689.8372
1607677200000,30.29,30.33,30.12,30.32,12472.0787
1607680800000,30.28,30.35,30.17,30.23,12998.9779
1607684400000,30.23,30.29,30.13,30.2,9977.8577
1607688000000,30.18,31,30.18,30.42,14265.3029
1607691600000,30.41,30.7,30.37,30.64,14512.4956
1607695200000,30.64,30.82,30.54,30.67,11463.1589
1607698800000,30.68,30.74,30.51,30.58,9477.09
1607702400000,30.57,30.61,30.36,30.36,9508.0513
1607706000000,30.38,30.47,30.27,30.46,6803.4829
1607709600000,30.46,30.48,30.21,30.27,10796.5518
1607713200000,30.27,30.3,30.06,30.08,15623.1061
1607716800000,30.09,30.16,30.08,30.09,11008.1316
1607720400000,30.1,30.11,29.96,29.97,14361.6701
1607724000000,29.97,30.01,29.8,29.92,12553.0207
1607727600000,29.92,29.93,29.81,29.82,8670.7731
1607731200000,29.82,30.11,29.8,30.08,9444.0244
1607734800000,30.08,30.14,30.06,30.13,6243.0037
1607738400000,30.13,30.29,30.12,30.28,10525.8883
1607742000000,30.3,30.3,30.22,30.26,5931.6991
1607745600000,30.26,30.26,30.17,30.22,6003.7316
1607749200000,30.22,30.26,30.05,30.06,10299.7778
1607752800000,30.06,30.18,30.06,30.06,13602.743
1607756400000,30.06,30.48,30.05,30.26,21250.0366
1607760000000,30.26,30.32,30.11,30.26,7769.6618
1607763600000,30.29,30.46,30.14,30.35,5764.809
1607767200000,30.32,30.46,30.19,30.45,4606.8432
1607770800000,30.42,30.99,30.22,30.34,6258.2542
1607774400000,30.36,30.92,30.29,30.45,6851.4474
1607778000000,30.44,30.48,30.04,30.29,17705.6248
1607781600000,30.3,30.45,30.13,30.19,13543.3473
1607785200000,30.18,30.29,30.13,30.24,10359.4316
1607788800000,30.24,30.24,30.04,30.07,17378.3699
1607792400000,30.08,30.42,30.02,30.19,6432.0395
1607796000000,30.2,30.49,30.01,30.09,8389.9614
1607799600000,30.1,30.16,30.02,30.03,5787.3395
1607803200000,30.04,30.12,30.02,30.06,4726.8119
1607806800000,30.07,30.15,30.02,30.04,3644.2086
1607810400000,30.04,30.18,30.03,30.09,6160.6987
1607814000000,30.1,30.29,30.04,30.17,6768.0746
1607817600000,30.15,30.76,30.07,30.14,6563.263
1607821200000,30.12,30.21,30.08,30.1,3849.4385
1607824800000,30.11,30.88,30.09,30.22,5870.6781
1607828400000,30.21,30.44,30.08,30.18,5259.0836
1607832000000,30.15,30.6,30.08,30.09,6014.548
1607835600000,30.13,30.26,30.08,30.23,3170.6594
1607839200000,30.22,30.45,30.16,30.43,4524.685
1607842800000,30.43,30.46,30.08,30.25,10041.118
1607846400000,30.24,30.36,30.14,30.25,10451.8701
1607850000000,30.24,30.37,30.21,30.31,8845.5357
1607853600000,30.32,30.48,30.29,30.41,7441.4692
1607857200000,30.41,30.42,30.22,30.28,6238.5414
1607860800000,30.29,30.44,30.22,30.31,7288.1352
1607864400000,30.3,30.8,30.27,30.45,11744.543
1607868000000,30.46,30.8,30.3,30.39,11416.5875
1607871600000,30.38,30.61,30.15,30.17,12588.5377
1607875200000,30.17,30.4,30.11,30.32,11046.9306
1607878800000,30.33,30.42,30.2,30.24,9248.5471
1607882400000,30.23,30.5,30.15,30.23,5038.2298
1607886000000,30.22,30.25,30.13,30.14,2686.4777
1607889600000,30.15,30.22,30.13,30.18,4772.6517
1607893200000,30.17,30.21,30.13,30.14,2121.9178
1607896800000,30.13,30.2,30.09,30.11,1954.1546
1607900400000,30.11,30.51,30.1,30.21,4909.4469
1607904000000,30.21,30.39,30.09,30.17,12683.4306
1607907600000,30.19,30.19,30.09,30.15,4212.1046
1607911200000,30.16,30.32,30.14,30.24,12196.9198
1607914800000,30.23,30.29,30.08,30.1,6729.9345
1607918400000,30.1,30.11,30.05,30.08,8696.6237
1607922000000,30.11,30.11,30.04,30.06,6675.7563
1607925600000,30.06,30.14,30.05,30.13,4689.1842
1607929200000,30.13,30.19,30.09,30.15,5122.1926
1607932800000,30.14,30.15,30.04,30.06,7999.4388
1607936400000,30.08,30.11,30.05,30.09,8431.3907
1607940000000,30.07,30.09,30.01,30.03,11239.2922
1607943600000,30.03,30.03,30,30.01,5827.88
1607947200000,30.01,30.04,30,30.01,13415.1611
1607950800000,30,30.02,29.98,29.99,18619.5715
1607954400000,29.99,30,29.88,29.88,10085.5628
1607958000000,29.88,29.92,29.84,29.85,6099.6507
1607961600000,29.86,29.86,29.75,29.78,11784.1726
1607965200000,29.77,29.78,29.71,29.71,9792.8129
1607968800000,29.72,29.76,29.55,29.57,11796.5717
1607972400000,29.58,29.59,29.34,29.37,20723.1832
1607976000000,29.37,29.41,29.16,29.22,19178.2181
1607979600000,29.21,29.22,29.12,29.15,19330.9729
1607983200000,29.15,29.32,29.11,29.31,22600.1218
1607986800000,29.29,29.6,29.29,29.38,26834.1482
1607990400000,29.39,29.8,29.38,29.61,17610.5224
1607994000000,29.6,29.63,29.5,29.59,8750.9526
1607997600000,29.59,29.77,29.54,29.77,21935.2293
1608001200000,29.76,29.77,29.65,29.65,12313.263
1608004800000,29.68,29.72,29.43,29.43,17050.3363
1608008400000,29.44,29.5,29.2,29.35,26447.6564
1608012000000,29.33,29.42,29.29,29.4,9674.907
1608015600000,29.4,29.54,29.39,29.44,13140.3982
1608019200000,29.43,29.56,29.38,29.5,11815.7716
1608022800000,29.49,29.55,29.41,29.52,13347.4672
1608026400000,29.52,29.54,29.42,29.48,13711.8961
1608030000000,29.48,29.53,29.42,29.48,10911.1965
1608033600000,29.48,29.62,29.47,29.53,15443.3195
1608037200000,29.52,30.8,29.47,29.56,18940.4689
1608040800000,29.56,29.62,29.5,29.6,14533.8685
1608044400000,29.59,29.64,29.51,29.59,11124.2414
1608048000000,29.55,30.2,29.48,29.55,9248.4641
1608051600000,29.56,29.61,29.41,29.41,16211.0115
1608055200000,29.41,29.43,29.22,29.22,22094.5363
1608058800000,29.22,29.24,29.14,29.14,20089.8671
1608062400000,29.13,29.21,29.12,29.14,18324.7535
1608066000000,29.14,29.25,29.13,29.22,13111.7731
1608069600000,29.22,29.25,29.08,29.09,11313.8648
1608073200000,29.1,29.21,29.09,29.17,8387.7759
1608076800000,29.18,29.25,29.11,29.15,11413.012
1608080400000,29.15,29.19,29.03,29.13,14202.2595
1608084000000,29.13,29.23,29.11,29.22,12629.9483
1608087600000,29.21,29.22,29.14,29.2,15013.6035
1608091200000,29.2,29.29,29.18,29.26,13168.7464
1608094800000,29.26,29.27,29.16,29.17,9571.2917
1608098400000,29.17,29.18,29.11,29.14,10032.9915
1608102000000,29.14,29.17,29.08,29.14,12111.4017
1608105600000,29.14,29.6,29.09,29.4,17998.9893
1608109200000,29.4,29.4,29.2,29.22,10729.5516
1608112800000,29.22,29.33,29.22,29.27,6653.07
1608116400000,29.26,29.31,29.17,29.2,9170.81
1608120000000,29.2,29.29,29.07,29.17,13178.5328
1608123600000,29.17,29.39,29.09,29.37,19822.0457
1608127200000,29.36,29.38,29.12,29.13,34937.8083
1608130800000,29.13,29.34,29.04,29.3,35916.4069
1608134400000,29.31,29.5,29.25,29.49,23023.1405
1608138000000,29.48,29.49,29.27,29.28,10381.4115
1608141600000,29.29,29.39,29.14,29.17,13760.6815
1608145200000,29.17,29.26,29.06,29.09,10060.9532
1608148800000,29.13,29.13,28.93,29.03,20474.8389
1608152400000,29.03,29.07,27.96,28.22,52389.1207
1608156000000,28.21,28.62,28.14,28.56,26614.7017
1608159600000,28.56,28.7,28.38,28.62,26323.2418
1608163200000,28.63,28.95,28.53,28.95,21647.6979
1608166800000,28.95,29.01,28.69,28.77,23020.5026
1608170400000,28.76,28.83,28.67,28.79,15829.1726
1608174000000,28.78,28.83,28.56,28.68,22717.961
1608177600000,28.68,28.95,28.63,28.81,11182.7308
1608181200000,28.81,28.99,28.7,28.71,18302.3968
1608184800000,28.71,28.8,28.71,28.76,15509.1592
1608188400000,28.75,29.09,28.73,28.93,20230.037
1608192000000,29.04,29.09,28.68,28.92,21873.9305
1608195600000,28.93,29.04,28.71,28.88,36969.1277
1608199200000,28.88,29.5,28.83,29.35,38996.7241
1608202800000,29.33,29.5,29.07,29.17,24947.5946
1608206400000,29.17,29.22,28.8,28.99,16541.3315
1608210000000,28.96,29.11,28.75,29,21265.7749
1608213600000,28.99,29.1,28.69,28.74,29246.3329
1608217200000,28.75,29.28,28.7,28.9,29432.8025
1608220800000,28.9,29.31,28.73,29.26,26196.3369
1608224400000,29.26,29.27,28.79,28.79,25352.4844
1608228000000,28.8,29,28.7,28.82,27191.5982
1608231600000,28.83,28.86,28.64,28.65,12116.5023
1608235200000,28.66,28.74,28.55,28.56,11299.868
1608238800000,28.57,28.59,28.36,28.48,15995.7327
1608242400000,28.48,28.6,28.4,28.56,10446.6126
1608246000000,28.54,28.59,28.47,28.5,6939.6693
1608249600000,28.5,28.58,28.42,28.58,12490.5925
1608253200000,28.57,28.69,28.41,28.65,24017.5495
1608256800000,28.63,28.84,28.63,28.8,13383.2698
1608260400000,28.8,28.83,28.57,28.77,15747.2526
1608264000000,28.77,28.8,28.7,28.73,8058.0278
1608267600000,28.72,28.77,28.71,28.75,9773.1165
1608271200000,28.75,28.9,28.73,28.82,7623.9821
1608274800000,28.83,28.89,28.75,28.78,7449.2148
1608278400000,28.79,28.88,28.77,28.85,10892.1999
1608282000000,28.84,28.87,28.77,28.79,12530.2033
1608285600000,28.8,28.82,28.64,28.75,13599.9729
1608289200000,28.76,28.76,28.6,28.69,22504.915
1608292800000,28.68,28.77,28.61,28.69,10254.338
1608296400000,28.69,28.78,28.65,28.67,8470.0798
1608300000000,28.66,28.68,28.5,28.55,16592.71
1608303600000,28.56,28.56,28.45,28.48,12767.4204
1608307200000,28.49,28.52,28.43,28.51,11850.4293
1608310800000,28.51,28.55,28.49,28.53,6540.7612
1608314400000,28.52,28.58,28.5,28.52,8857.2813
1608318000000,28.5,28.54,28.48,28.48,5388.2802
1608321600000,28.48,28.49,28.4,28.42,6803.8561
1608325200000,28.43,28.6,28.41,28.55,15505.5701
1608328800000,28.56,28.68,28.5,28.51,7432.3376
1608332400000,28.51,28.55,28.43,28.49,10120.7208
1608336000000,28.48,28.5,28.32,28.32,15510.463
1608339600000,28.32,28.47,28.13,28.39,29256.2681
1608343200000,28.41,28.42,28.25,28.32,13785.7327
1608346800000,28.32,28.56,28.3,28.5,21886.2169
1608350400000,28.51,28.73,28.43,28.55,26318.4621
1608354000000,28.55,28.78,28.53,28.69,10468.7964
1608357600000,28.68,28.75,28.58,28.66,13986.5899
1608361200000,28.64,28.67,28.53,28.54,8337.8803
1608364800000,28.53,28.57,28.51,28.56,7250.2265
1608368400000,28.57,28.88,28.42,28.65,24339.5708
1608372000000,28.66,28.84,28.6,28.81,16742.0695
1608375600000,28.83,28.86,28.69,28.84,10420.9564
1608379200000,28.84,28.9,28.72,28.8,10128.5535
1608382800000,28.79,28.79,28.69,28.71,14306.859
1608386400000,28.73,28.75,28.29,28.36,25946.0367
1608390000000,28.36,28.53,28.33,28.36,17348.6438
1608393600000,28.37,28.46,28.34,28.41,13921.3501
1608397200000,28.41,28.41,28.21,28.24,12837.979
1608400800000,28.24,28.36,28.22,28.32,7732.3737
1608404400000,28.31,28.32,28.21,28.23,8637.7287
1608408000000,28.23,28.28,28.22,28.28,7173.7536
1608411600000,28.28,28.29,28.2,28.2,8033.3328
1608415200000,28.21,28.21,28.15,28.19,10987.2097
1608418800000,28.19,28.28,28.17,28.21,8760.3656
1608422400000,28.2,28.24,28.13,28.19,9580.8474
1608426000000,28.18,28.26,28.18,28.25,5950.9205
1608429600000,28.25,28.48,28.25,28.37,15934.8103
1608433200000,28.37,28.4,28.3,28.31,10661.7729
1608436800000,28.31,28.38,28.27,28.32,8262.4653
1608440400000,28.33,28.37,28.32,28.34,5841.7549
1608444000000,28.34,28.35,28.32,28.33,5000.9061
1608447600000,28.34,28.37,28.31,28.32,8077.6284
1608451200000,28.33,28.38,28.3,28.36,12386.801
1608454800000,28.36,28.43,28.3,28.31,11915.9929
1608458400000,28.32,28.33,28.27,28.28,9368.3194
1608462000000,28.29,28.31,28.27,28.28,6519.9214
1608465600000,28.3,28.35,28.19,28.23,10409.1576
1608469200000,28.23,28.29,28.11,28.12,9042.2072
1608472800000,28.12,28.18,28.06,28.15,8674.4223
1608476400000,28.17,28.2,28.08,28.12,8308.5476
1608480000000,28.12,28.16,28.1,28.13,6021.605
1608483600000,28.13,28.15,28.1,28.14,5983.4449
1608487200000,28.13,28.14,28.1,28.12,4541.2207
1608490800000,28.12,28.15,28.09,28.15,9789.3311
1608494400000,28.14,28.15,28.09,28.13,8256.4744
1608498000000,28.13,28.13,28.04,28.06,10144.5942
1608501600000,28.07,28.1,27.94,28.01,17716.9014
1608505200000,28.02,28.4,28,28.39,9813.2424
1608508800000,28.39,28.39,28.13,28.19,12985.7678
1608512400000,28.19,28.24,28.15,28.16,11900.024
1608516000000,28.16,28.26,28.15,28.25,10239.3549
1608519600000,28.24,28.29,28.12,28.14,13570.1749
1608523200000,28.15,28.16,28.05,28.09,16153.5596
1608526800000,28.07,28.13,27.9,28,17899.8786
1608530400000,28,28,27.85,27.99,15154.5101
1608534000000,27.98,28.07,27.87,27.98,16493.1707
1608537600000,27.95,28.07,27.85,27.86,14002.3854
1608541200000,27.86,27.88,27.7,27.74,15101.6037
1608544800000,27.73,27.76,23.99,25.58,136334.7886
1608548400000,25.62,26.1,25.39,26.01,85393.6386
1608552000000,26.01,26.44,25.95,26.39,36915.1222
1608555600000,26.39,26.66,26.33,26.5,14291.0235
1608559200000,26.5,26.57,26.36,26.36,16842.5737
1608562800000,26.34,26.46,26.34,26.41,8703.418
1608566400000,26.42,26.43,26.1,26.17,16983.1268
1608570000000,26.17,26.2,25.92,25.92,5380.6294
1608573600000,25.94,26.16,25.76,25.78,24680.1247
1608577200000,25.78,25.79,25.19,25.33,14045.2892
1608580800000,25.34,25.39,25.18,25.19,6653.2145
1608584400000,25.21,25.27,25.15,25.17,11957.8175
1608588000000,25.17,25.46,25.01,25.32,30396.9288
1608591600000,25.37,25.56,24.98,25,31436.4135
1608595200000,25,25.23,24.67,24.67,38904.8171
1608598800000,24.66,25,24.65,24.76,18718.2537
1608602400000,24.76,24.85,24.51,24.77,31018.2649
1608606000000,24.79,24.83,24.46,24.46,21050.3205
1608609600000,24.46,24.85,24.46,24.71,29314.5035
1608613200000,24.71,24.75,24.5,24.54,27543.5521
1608616800000,24.55,24.97,24.42,24.82,44321.3926
1608620400000,24.82,25.56,24.54,24.68,63705.3031
1608624000000,24.68,25.1,24.41,24.8,52696.3174
1608627600000,24.8,25.07,24.62,25.07,38553.011
1608631200000,25.06,25.16,24.81,24.95,32183.9237
1608634800000,24.95,25,24.8,25,25777.9518
1608638400000,24.99,25.31,24.9,25.17,32419.5438
1608642000000,25.18,25.18,24.91,24.91,28625.6353
1608645600000,24.91,25.16,24.9,25.12,23443.266
1608649200000,25.13,25.46,25.12,25.2,21164.0765
1608652800000,25.19,25.56,25.18,25.39,26832.3387
1608656400000,25.4,25.47,25.18,25.2,19835.5092
1608660000000,25.21,25.26,24.97,25.05,20571.7769
1608663600000,25.05,25.09,24.95,24.97,13248.0915
1608667200000,24.96,24.99,24.74,24.79,7574.1906
1608670800000,24.8,24.99,24.61,24.99,18205.3275
1608674400000,24.98,24.98,24.58,24.69,16129.8937
1608678000000,24.69,24.69,24.43,24.65,17767.0103
1608681600000,24.64,24.9,24.64,24.9,14760.654
1608685200000,24.89,24.9,24.65,24.81,19112.3121
1608688800000,24.79,24.79,24.61,24.65,13046.6919
1608692400000,24.64,24.99,24.63,24.97,15353.7588
1608696000000,24.97,24.98,24.77,24.83,19476.7994
1608699600000,24.84,24.93,24.71,24.76,22521.9796
1608703200000,24.77,24.97,24.69,24.78,16343.2845
1608706800000,24.78,24.95,24.69,24.92,16718.8006
1608710400000,24.91,25,24.81,24.93,13627.1144
1608714000000,24.93,24.95,24.77,24.94,15085.0947
1608717600000,24.93,25,24.69,24.74,15959.4627
1608721200000,24.73,24.77,24.05,24.49,56872.9314
1608724800000,24.49,24.62,24.33,24.49,32849.7269
1608728400000,24.49,24.5,23.84,24.1,32596.4245
1608732000000,24.11,24.11,23.72,23.93,35773.2351
1608735600000,23.92,23.94,23.25,23.54,32637.3101
1608739200000,23.58,23.58,22.88,23.05,53516.4772
1608742800000,23.04,23.32,22.97,22.98,21538.408
1608746400000,22.98,23.05,22.91,22.95,13862.9424
1608750000000,22.94,22.98,22.86,22.94,14910.7535
1608753600000,22.91,23.03,22.47,22.47,27295.2838
1608757200000,22.48,22.57,22.03,22.15,40576.0687
1608760800000,22.15,22.79,21.7,21.89,45762.5487
1608764400000,21.9,23.26,21.7,22.49,54645.7605
1608768000000,22.49,22.61,22.06,22.28,42288.4019
1608771600000,22.28,22.92,22.24,22.91,19753.9042
1608775200000,22.92,22.94,22.55,22.55,16406.3438
1608778800000,22.56,22.91,22.56,22.91,13135.6209
1608782400000,22.9,23.02,22.77,22.99,17317.198
1608786000000,22.99,23.03,22.79,22.87,9835.9065
1608789600000,22.89,22.97,22.64,22.71,18534.446
1608793200000,22.7,22.95,22.7,22.9,14792.4408
1608796800000,22.89,23.99,22.89,23.83,28503.7155
1608800400000,23.9,24.45,23.43,24.35,47909.8704
1608804000000,24.39,24.4,23.68,23.71,37807.9095
1608807600000,23.69,23.72,22.5,22.92,46937.3385
1608811200000,22.92,23.07,22.58,22.71,23013.507
1608814800000,22.71,23.16,22.6,23.15,23208.4785
1608818400000,23.15,23.24,22.81,22.92,19676.4386
1608822000000,22.93,23.04,22.78,22.94,12662.0707
1608825600000,22.94,22.94,22.48,22.51,22804.5909
1608829200000,22.52,22.68,22.24,22.68,18241.9219
1608832800000,22.68,22.79,22.2,22.29,12766.7373
1608836400000,22.31,22.4,22.2,22.35,9744.6997
1608840000000,22.35,22.36,22.12,22.31,9504.5456
1608843600000,22.33,22.51,22.33,22.4,10435.5829
1608847200000,22.39,22.97,22.38,22.88,14546.5083
1608850800000,22.88,24.19,22.71,23.7,41665.069
1608854400000,23.7,24.04,23.25,23.74,59348.3736
1608858000000,23.75,23.77,23.49,23.52,39323.7291
1608861600000,23.57,23.65,23.52,23.54,6111.7761
1608865200000,23.54,23.54,23.12,23.3,44300.9369
1608868800000,23.3,23.85,23.28,23.76,20769.7798
1608872400000,23.76,23.83,23.51,23.8,29631.3115
1608876000000,23.82,23.98,23.6,23.98,28468.9915
1608879600000,23.98,24.19,23.79,24.11,25365.0396
1608883200000,24.12,24.42,23.92,23.96,26947.4998
1608886800000,23.95,24.32,23.95,24.26,36147.7486
1608890400000,24.26,24.31,24.03,24.12,19640.7311
1608894000000,24.12,24.34,23.92,24.23,23188.5579
1608897600000,24.21,24.22,23.93,23.94,11792.952
1608901200000,23.92,24.12,23.91,24.11,10388.5342
1608904800000,24.12,24.21,23.96,24.01,20593.8619
1608908400000,24,24.18,23.9,23.96,7075.5269
1608912000000,24.03,24.59,23.78,23.85,29325.5407
1608915600000,23.84,23.95,23.55,23.71,37196.5381
1608919200000,23.71,23.72,23.5,23.62,15170.7726
1608922800000,23.62,24.07,23.48,23.88,14478.827
1608926400000,23.88,23.89,23.65,23.65,7730.9421
1608930000000,23.66,23.84,23.59,23.84,12523.9972
1608933600000,23.85,24.1,23.6,23.65,21872.7063
1608937200000,23.65,24.44,23.57,24.38,21465.1948
1608940800000,24.38,24.39,23.86,24.06,14112.4737
1608944400000,24.06,24.11,23.91,24.02,6523.128
1608948000000,24,24.05,23.84,23.93,8727.0484
1608951600000,23.92,24.12,23.88,23.9,11697.6159
1608955200000,23.91,23.91,23.68,23.68,13253.1719
1608958800000,23.68,23.78,23.65,23.72,9509.0255
1608962400000,23.72,23.89,23.71,23.89,8874.3199
1608966000000,23.89,24.03,23.84,23.93,10504.6886
1608969600000,23.94,24.11,23.93,24.06,8164.4229
1608973200000,24.06,24.07,23.9,23.99,5451.6934
1608976800000,23.99,23.99,23.9,23.91,8168.9244
1608980400000,23.92,23.98,23.83,23.97,7995.4465
1608984000000,23.98,24,23.74,23.86,9186.7293
1608987600000,23.87,23.91,23.68,23.75,8037.5203
1608991200000,23.74,23.84,23.67,23.67,10012.7631
1608994800000,23.67,23.81,23.57,23.62,9935.2596
1608998400000,23.62,23.98,23.6,23.86,14274.7636
1609002000000,23.85,23.86,23.72,23.79,5668.6084
1609005600000,23.8,23.95,23.77,23.86,7978.0463
1609009200000,23.88,23.88,23.77,23.77,3002.9113
1609012800000,23.79,23.81,23.67,23.71,8712.5971
1609016400000,23.7,23.73,23.57,23.61,11372.6551
1609020000000,23.58,23.61,23.45,23.51,14535.1729
1609023600000,23.52,23.7,23.51,23.58,9131.8163
1609027200000,23.57,23.71,23.46,23.49,12076.4465
1609030800000,23.5,23.53,23.16,23.22,17911.042
1609034400000,23.2,23.55,23.18,23.31,21096.7637
1609038000000,23.32,23.4,23.25,23.29,13533.0561
1609041600000,23.31,23.4,23.24,23.31,10224.8513
1609045200000,23.31,23.38,23.23,23.32,9096.7146
1609048800000,23.3,23.41,23.07,23.14,14628.9678
1609052400000,23.14,23.47,23.11,23.29,12726.6319
1609056000000,23.28,23.37,23.1,23.15,11338.1216
1609059600000,23.18,23.38,23.11,23.14,9281.4963
1609063200000,23.14,23.19,22.96,23.01,14792.3233
1609066800000,23.01,23.12,22.72,22.91,25850.1791
1609070400000,22.91,23,22.65,22.71,33368.351
1609074000000,22.75,23.08,22.65,23.02,23201.1262
1609077600000,23.02,23.4,22.92,23.07,47934.4276
1609081200000,23.08,23.55,23.08,23.47,37016.9303
1609084800000,23.51,23.66,23,23.12,38152.617
1609088400000,23.09,23.18,22.92,22.98,13564.4227
1609092000000,22.95,23.03,22.66,22.71,15059.1552
1609095600000,22.7,22.89,22.7,22.79,5779.499
1609099200000,22.79,22.83,22.5,22.58,14086.2444
1609102800000,22.52,22.74,22.5,22.68,14851.2134
1609106400000,22.68,22.79,22.46,22.5,9079.4303
1609110000000,22.5,22.51,22.22,22.24,21046.3579
1609113600000,22.24,22.66,22.13,22.64,42135.9023
1609117200000,22.65,22.82,22.5,22.55,22405.6053
1609120800000,22.59,22.66,22.45,22.6,13606.3182
1609124400000,22.6,22.7,22.51,22.65,10140.3296
1609128000000,22.65,22.75,22.62,22.71,9065.1658
1609131600000,22.71,23.1,22.66,23.03,17470.6044
1609135200000,23.03,23.13,23,23.01,8709.9623
1609138800000,23.01,23.1,22.82,22.89,12242.957
1609142400000,22.88,22.93,22.77,22.83,6484.1282
1609146000000,22.82,23.1,22.82,22.88,11852.8232
1609149600000,22.89,22.9,22.5,22.66,17106.1166
1609153200000,22.64,22.82,22.61,22.73,8326.5689
1609156800000,22.74,22.74,22.5,22.58,12068.4466
1609160400000,22.59,22.71,22.57,22.68,10563.7732
1609164000000,22.69,22.77,22.66,22.77,10042.2172
1609167600000,22.78,22.78,22.57,22.62,11073.821
1609171200000,22.59,22.68,22.5,22.53,11718.6308
1609174800000,22.55,22.58,22.5,22.51,13044.9123
1609178400000,22.51,22.52,22.36,22.38,6636.0535
1609182000000,22.38,22.43,22.21,22.23,11551.9078
1609185600000,22.23,22.36,22.2,22.26,17199.9193
1609189200000,22.26,22.26,22.05,22.05,15457.684
1609192800000,22.05,22.2,22,22.02,21261.3933
1609196400000,22.03,22.09,21.97,22.03,14126.7795
1609200000000,22.03,22.3,21.97,21.99,21904.1548
1609203600000,21.99,21.99,21.76,21.8,20611.057
1609207200000,21.79,21.82,21.65,21.77,20797.6888
1609210800000,21.77,21.79,21.45,21.45,35231.6134
1609214400000,21.44,21.68,21.41,21.61,21052.2266
1609218000000,21.62,21.99,21.52,21.95,25017.9898
1609221600000,21.97,21.99,21.75,21.75,15223.048
1609225200000,21.75,21.82,21.58,21.71,12778.9577
1609228800000,21.71,21.89,21.7,21.86,14408.7321
1609232400000,21.89,21.89,21.68,21.71,13188.6908
1609236000000,21.7,21.71,21.61,21.64,8776.4705
1609239600000,21.64,21.67,21.51,21.51,9524.0694
1609243200000,21.51,21.61,21.51,21.55,13629.4115
1609246800000,21.55,21.55,21.43,21.47,12370.5292
1609250400000,21.47,21.49,20.97,21.09,29262.6356
1609254000000,21.09,21.31,20.99,21,23599.0606
1609257600000,21,21,20.46,20.51,49036.7713
1609261200000,20.51,20.51,20.01,20.16,46615.5282
1609264800000,20.13,20.46,20.05,20.39,38509.8218
1609268400000,20.39,20.63,20.16,20.35,41364.8489
1609272000000,20.34,20.34,20.07,20.09,28592.3136
1609275600000,20.1,20.23,20,20.17,35063.2267
1609279200000,20.17,20.23,20,20.14,22499.8701
1609282800000,20.15,20.5,20.14,20.47,22447.2607
1609286400000,20.46,20.77,20.23,20.77,22721.4266
1609290000000,20.76,21.81,20.75,21.73,73980.285
1609293600000,21.72,21.72,21.11,21.14,26368.1294
1609297200000,21.16,21.52,21.16,21.51,24799.2959
1609300800000,21.52,21.65,21.43,21.65,16934.8916
1609304400000,21.65,21.69,21.49,21.68,16853.4974
1609308000000,21.66,21.7,21.21,21.41,20085.3058
1609311600000,21.4,21.74,21.4,21.67,16203.3931
1609315200000,21.67,21.7,21.31,21.37,26773.4648
1609318800000,21.36,21.39,21.25,21.27,27082.9168
1609322400000,21.27,21.52,21.23,21.43,16772.0843
1609326000000,21.43,21.54,21.33,21.37,16035.1755
1609329600000,21.35,21.5,21.32,21.48,14396.308
1609333200000,21.48,22,21.35,21.37,39338.0563
1609336800000,21.43,21.7,21.39,21.55,21550.8029
1609340400000,21.57,21.66,21.31,21.34,19057.3853
1609344000000,21.34,21.6,21.31,21.39,19852.9865
1609347600000,21.4,21.56,21.4,21.43,14078.9236
1609351200000,21.43,21.45,21.23,21.26,14047.8584
1609354800000,21.25,21.51,21.24,21.33,16756.772
1609358400000,21.35,21.36,21.21,21.27,17335.063
1609362000000,21.26,21.28,21.18,21.2,14592.1978
1609365600000,21.19,21.19,20.95,21.04,17830.4915
1609369200000,21.06,21.88,20.97,21.49,26815.2739
1609372800000,21.5,21.61,21.35,21.35,14391.6073
1609376400000,21.35,21.38,21.08,21.14,16587.3527
1609380000000,21.14,21.33,21.12,21.23,15061.115
1609383600000,21.24,21.3,21.14,21.19,12930.694
1609387200000,21.19,21.4,21.17,21.4,11662.2909
1609390800000,21.41,21.47,21.28,21.46,11447.5199
1609394400000,21.46,21.66,21.37,21.47,19431.978
1609398000000,21.46,21.74,21.45,21.7,15040.3416
1609401600000,21.68,22.16,21.58,22.09,41733.3688
1609405200000,22.1,22.13,21.74,21.95,19755.5101
1609408800000,21.94,22.03,21.81,21.86,17303.889
1609412400000,21.84,21.86,21.55,21.6,18769.5612
1609416000000,21.6,21.83,21.31,21.54,29833.3818
1609419600000,21.53,21.84,21.39,21.74,20662.863
1609423200000,21.79,22.08,21.57,21.81,34948.4159
1609426800000,21.82,22.62,21.8,22.62,32563.7142
1609430400000,22.62,24.47,22.57,23.9,115686.8125
1609434000000,23.88,26.24,23.47,24.97,120486.9378
1609437600000,24.99,25.5,24.7,24.91,73757.5514
1609441200000,24.91,25.3,24.4,24.82,55008.1652
1609444800000,24.82,24.9,24.01,24.01,43392.7268
1609448400000,24.01,24.1,23.66,23.99,43686.5484
1609452000000,23.99,24.52,23.82,24.44,38574.6131
1609455600000,24.45,24.86,24.21,24.3,59775.3848
1609459200000,24.29,25,24,24.97,67387.2446
1609462800000,24.98,25.05,23.82,23.85,56045.9164
1609466400000,23.85,24.46,23.8,24.26,46033.5717
1609470000000,24.25,24.63,24.1,24.24,40600.9431
1609473600000,24.25,24.3,23.5,23.74,47520.9085
1609477200000,23.76,24.2,23.74,23.83,46958.5689
1609480800000,23.83,23.85,23.5,23.65,34254.784
1609484400000,23.64,23.69,23.24,23.62,39849.609
1609488000000,23.62,23.68,22.9,23.09,39545.6918
1609491600000,23.09,23.26,22.89,22.98,28898.3631
1609495200000,22.98,23.37,22.85,23.32,39945.4455
1609498800000,23.3,23.55,22.96,23.21,44691.8956
1609502400000,23.22,23.49,22.9,22.95,40581.5071
1609506000000,22.94,23.19,22.93,23.17,29275.9404
1609509600000,23.17,23.33,23.01,23.03,28399.6959
1609513200000,23.03,23.14,22.59,22.62,34561.2878
1609516800000,22.6,22.62,22.2,22.39,52410.7054
1609520400000,22.39,22.5,22.1,22.15,28807.1968
1609524000000,22.15,22.34,21.87,22.15,38217.971
1609527600000,22.16,22.21,21.95,22.21,24406.1252
1609531200000,22.21,22.28,21.99,22.15,23178.5304
1609534800000,22.15,22.44,22.11,22.38,18797.4557
1609538400000,22.38,22.73,22.3,22.57,46031.6986
1609542000000,22.57,22.74,22.19,22.22,34594.5308
1609545600000,22.22,22.28,21.91,22.02,27736.215
1609549200000,22.03,22.8,21.98,22.65,24421.8636
1609552800000,22.65,23.24,22.5,22.6,33575.8839
1609556400000,22.6,22.7,22.6,22.69,11894.0284
1609560000000,22.69,22.75,22.42,22.61,19416.9134
1609563600000,22.61,22.68,22.28,22.42,25733.9511
1609567200000,22.43,22.45,22.2,22.22,14929.5562
1609570800000,22.21,22.3,22.2,22.21,12391.7059
1609574400000,22.22,22.67,22.18,22.31,34004.3617
1609578000000,22.32,22.65,22.28,22.32,38760.6572
1609581600000,22.33,22.66,22.26,22.27,33160.2412
1609585200000,22.28,22.33,22.21,22.24,14352.8367
1609588800000,22.24,22.32,22.07,22.23,27853.0316
1609592400000,22.24,22.46,22.24,22.41,22225.9352
1609596000000,22.42,22.42,22.1,22.13,28646.422
1609599600000,22.13,22.32,22.08,22.27,28262.6334
1609603200000,22.27,22.28,22.04,22.11,21752.8947
1609606800000,22.13,22.44,22.05,22.09,21024.2561
1609610400000,22.09,22.49,22.08,22.1,19318.2309
1609614000000,22.09,22.12,21.51,21.63,35361.8124
1609617600000,21.63,21.71,21.44,21.51,25374.223
1609621200000,21.51,21.71,21.34,21.69,18025.9449
1609624800000,21.69,21.71,21.52,21.61,11639.5784
1609628400000,21.62,21.79,21.62,21.75,13049.153
1609632000000,21.76,21.8,21.45,21.52,20847.6468
1609635600000,21.52,21.74,21.48,21.7,19858.3985
1609639200000,21.7,21.78,21.48,21.64,27358.394
1609642800000,21.63,21.71,21.62,21.69,14299.9274
1609646400000,21.69,21.75,21.67,21.67,16595.435
1609650000000,21.67,21.69,21.61,21.62,22109.547
1609653600000,21.61,21.64,21.5,21.56,18806.2556
1609657200000,21.57,21.57,21.32,21.38,37635.5769
1609660800000,21.38,21.54,21.24,21.48,28749.299
1609664400000,21.47,21.57,21.26,21.36,24781.1153
1609668000000,21.35,21.45,21.16,21.18,30830.6749
1609671600000,21.18,21.52,21.15,21.3,28226.6641
1609675200000,21.33,21.45,21.25,21.33,20097.614
1609678800000,21.36,21.49,21.23,21.43,28630.0907
1609682400000,21.43,21.76,21.29,21.43,47915.2895
1609686000000,21.43,21.53,21.2,21.3,46718.0304
1609689600000,21.3,21.47,21.18,21.24,39568.4461
1609693200000,21.25,21.26,21.04,21.07,27064.8065
1609696800000,21.07,21.15,21,21.03,26570.5886
1609700400000,21.02,21.06,20.98,21,14650.7489
1609704000000,21.01,21.83,20.98,21.39,37443.3531
1609707600000,21.41,22.01,21.37,21.45,40721.9851
1609711200000,21.45,21.53,21.14,21.35,18988.4747
1609714800000,21.34,21.77,21.34,21.4,25702.3989
1609718400000,21.42,21.94,21.42,21.82,26849.9453
1609722000000,21.87,22.61,21.82,22.46,47573.2932
1609725600000,22.45,22.68,22.29,22.43,45584.0586
1609729200000,22.44,23.12,22.4,22.98,42298.078
1609732800000,22.96,23.04,22.57,22.59,38976.4183
1609736400000,22.57,22.81,22.34,22.68,46188.2063
1609740000000,22.68,22.86,22.45,22.45,48553.1842
1609743600000,22.47,22.57,21.73,21.87,60002.4605
1609747200000,21.87,22.22,21.45,21.63,47708.1613
1609750800000,21.62,21.73,21.08,21.29,51522.0883
1609754400000,21.3,21.47,20.98,21.43,46997.8332
1609758000000,21.43,21.54,21.3,21.42,19420.2237
1609761600000,21.44,21.51,21.32,21.38,16918.2786
1609765200000,21.39,21.42,21.18,21.39,27197.992
1609768800000,21.4,21.46,21.28,21.31,22847.4524
1609772400000,21.3,21.46,21.11,21.3,35592.5643
1609776000000,21.27,21.34,21.1,21.13,23484.1839
1609779600000,21.15,21.22,21.11,21.13,19194.5966
1609783200000,21.13,21.18,21.06,21.07,20809.5469
1609786800000,21.08,21.15,21.07,21.11,18660.0303
1609790400000,21.11,21.13,20.96,21.01,21648.0315
1609794000000,21.01,21.05,20.98,20.99,20425.6678
1609797600000,20.98,21.02,20.97,21,21808.4208
1609801200000,21,21.56,21,21.39,36511.6956
1609804800000,21.41,21.62,21.17,21.4,33920.5436
1609808400000,21.39,21.48,21.19,21.44,32351.1928
1609812000000,21.44,21.44,21.05,21.26,33215.0815
1609815600000,21.26,21.35,21.04,21.06,22648.8512
1609819200000,21.06,21.19,21.01,21.07,21316.0907
1609822800000,21.07,21.37,21.05,21.14,25853.2686
1609826400000,21.12,21.22,21.08,21.2,22279.5236
1609830000000,21.21,21.39,21.21,21.3,30282.2614
1609833600000,21.31,21.5,21.28,21.39,20600.974
1609837200000,21.39,21.51,21.27,21.34,19291.5867
1609840800000,21.34,21.46,21.33,21.38,15691.7079
1609844400000,21.38,21.76,21.37,21.72,28320.2814
1609848000000,21.71,22.14,21.71,21.91,43967.2193
1609851600000,21.91,22.1,21.49,21.52,26108.5048
1609855200000,21.53,21.65,21.3,21.65,30529.7111
1609858800000,21.66,21.73,21.43,21.49,21780.2086
1609862400000,21.49,22.47,21.48,22,55718.7498
1609866000000,21.98,22.23,21.83,22.17,37309.7245
1609869600000,22.17,22.17,21.68,21.79,22135.6536
1609873200000,21.8,21.8,21.49,21.61,16478.4926
1609876800000,21.62,21.82,21.49,21.65,14776.9624
1609880400000,21.64,21.82,21.54,21.61,16188.5434
1609884000000,21.61,21.74,21.57,21.69,19056.5524
1609887600000,21.68,21.71,21.45,21.61,14202.1337
1609891200000,21.61,21.82,21.56,21.72,18288.063
1609894800000,21.69,21.87,21.57,21.8,16715.5032
1609898400000,21.79,21.95,21.71,21.8,26521.6314
1609902000000,21.81,21.99,21.78,21.81,26102.659
1609905600000,21.81,21.81,21.6,21.61,34323.2301
1609909200000,21.61,21.68,21.57,21.6,28472.1581
1609912800000,21.6,21.74,21.59,21.65,22831.1007
1609916400000,21.65,21.69,21.59,21.61,22924.144
1609920000000,21.61,21.75,21.61,21.72,30443.3048
1609923600000,21.71,21.76,21.6,21.62,32758.6294
1609927200000,21.61,21.82,21.6,21.81,21267.0555
1609930800000,21.8,21.87,21.67,21.84,17584.3475
1609934400000,21.85,22.17,21.84,22.16,25240.753
1609938000000,22.16,22.19,21.78,21.87,36053.3636
1609941600000,21.88,22.09,21.82,21.85,29440.7883
1609945200000,21.82,22.45,21.78,22.32,49493.5191
1609948800000,22.32,22.58,21.91,22.04,57950.9492
1609952400000,22.04,22.18,22.02,22.09,15798.1773
1609956000000,22.12,22.13,21.89,22.02,22122.1524
1609959600000,22.01,22.11,21.75,21.77,22820.817
1609963200000,21.77,21.88,21.59,21.76,31186.3885
1609966800000,21.75,21.94,21.67,21.86,19615.5376
1609970400000,21.84,21.91,21.71,21.81,15234.9266
1609974000000,21.82,21.98,21.72,21.98,16440.7718
1609977600000,21.96,22.18,21.87,21.89,21339.4109
1609981200000,21.89,21.97,21.84,21.94,18407.9773
1609984800000,21.93,22.12,21.86,22.08,19521.4571
1609988400000,22.09,22.13,21.99,22.04,24574.6896
1609992000000,22.05,22.9,22,22.55,49046.4056
1609995600000,22.55,22.86,22.48,22.65,35111.6819
1609999200000,22.66,22.95,22.33,22.63,42743.9937
1610002800000,22.65,22.78,22.34,22.41,49273.6225
1610006400000,22.4,22.52,21.99,22.35,49729.6713
1610010000000,22.34,22.67,22.18,22.48,47271.3353
1610013600000,22.49,22.52,22.2,22.26,28449.1987
1610017200000,22.26,23.4,22.25,22.65,40600.5386
1610020800000,22.65,22.65,22.18,22.59,57760.9489
1610024400000,22.59,22.68,22.38,22.49,31910.4446
1610028000000,22.47,22.58,22.27,22.35,29152.1997
1610031600000,22.35,22.79,22.3,22.69,32598.6359
1610035200000,22.69,22.8,22.49,22.54,28699.1328
1610038800000,22.54,22.55,22.44,22.46,15596.63
1610042400000,22.47,22.53,21.9,22.2,31226.9757
1610046000000,22.2,22.3,21.91,22.15,8120.6948
1610049600000,22.15,22.15,21.97,22.12,353.8717
1610053200000,22.13,22.15,22,22.05,2458.2344
1610056800000,22.01,22.09,22,22.03,437.0159
1610060400000,22.11,22.25,21.8,22.09,6472.9197
1610064000000,22.09,22.13,21.76,21.76,2091.9778
1610067600000,21.81,21.81,21.6,21.63,1924.797
1610071200000,21.69,21.69,21.18,21.5,8944.9652
1610074800000,21.4,21.68,21.4,21.68,3887.302
1610078400000,21.65,21.85,21.61,21.81,3683.6532
1610082000000,21.77,21.77,21.52,21.53,1497.8255
1610085600000,21.5,21.77,21.38,21.7,4710.5076
1610089200000,21.71,22.18,21.68,22.1,27704.987
1610092800000,22.11,22.19,21.9,21.99,29077.0495
1610096400000,21.99,22.2,21.91,22.15,21885.0804
1610100000000,22.16,22.29,22.02,22.06,24590.4261
1610103600000,22.05,22.11,21.89,21.93,17402.5291
1610107200000,21.92,22.04,21.9,21.97,14552.4926
1610110800000,21.97,22,21.92,21.97,15605.3058
1610114400000,21.99,22.01,21.8,21.8,18474.287
1610118000000,21.81,21.85,21.58,21.82,30224.0836
1610121600000,21.78,21.8,21.62,21.63,23433.7765
1610125200000,21.63,21.67,21.5,21.52,16173.2901
1610128800000,21.5,21.57,21.44,21.47,21536.847
1610132400000,21.5,21.51,21.39,21.39,13895.8098
1610136000000,21.39,21.46,21.25,21.32,17384.3423
1610139600000,21.32,21.39,21.27,21.36,8043.2836
1610143200000,21.34,21.68,21.34,21.56,11380.4607
1610146800000,21.56,21.69,21.56,21.59,11089.1162
1610150400000,21.59,21.68,21.36,21.42,12687.806
1610154000000,21.42,21.53,21.37,21.49,17639.9705
1610157600000,21.48,21.64,21.48,21.62,13984.3555
1610161200000,21.6,21.7,21.56,21.62,18061.0708
1610164800000,21.62,21.62,21.52,21.58,15693.5849
1610168400000,21.57,21.58,21.46,21.53,14823.9036
1610172000000,21.52,21.59,21.51,21.53,16387.6885
1610175600000,21.53,21.66,21.51,21.65,13139.1409
1610179200000,21.66,21.8,21.62,21.69,9021.2963
1610182800000,21.7,21.77,21.7,21.73,10615.4031
1610186400000,21.73,22.23,21.7,22.01,36009.0903
1610190000000,22,22.18,21.94,22.02,31450.3671
1610193600000,22.03,22.15,21.83,21.91,17919.3555
1610197200000,21.91,22.47,21.91,22.2,27148.4989
1610200800000,22.21,22.22,21.99,21.99,20288.2382
1610204400000,21.99,22.13,21.81,22.09,20663.2175
1610208000000,22.09,22.21,21.7,21.74,35140.6087
1610211600000,21.74,22.12,21.74,22.05,16136.6711
1610215200000,22.05,22.23,22.05,22.19,14312.359
1610218800000,22.19,22.42,22.1,22.39,15195.1778
1610222400000,22.39,22.62,22.35,22.53,26965.8813
1610226000000,22.52,22.52,22.29,22.34,17904.5315
1610229600000,22.33,22.34,22.05,22.1,11678.7934
1610233200000,22.11,22.29,22.01,22.03,16483.8508
1610236800000,22,22.56,21.97,22.53,34581.8635
1610240400000,22.52,23.33,22.38,23.18,66904.8264
1610244000000,23.18,24.43,23.18,23.8,123525.9903
1610247600000,23.79,23.81,23,23.32,61035.4889
1610251200000,23.31,23.7,23.2,23.3,51774.3116
1610254800000,23.29,23.46,23.07,23.09,41126.9219
1610258400000,23.11,23.6,23.05,23.57,31622.0582
1610262000000,23.58,23.72,23.37,23.45,31457.4246
1610265600000,23.46,23.79,23.31,23.54,37415.7168
1610269200000,23.54,24.09,23.48,23.53,55195.6019
1610272800000,23.54,23.73,22.71,23.14,74489.5426
1610276400000,23.12,23.14,22.28,22.42,73972.1635
1610280000000,22.43,22.9,22.23,22.73,42377.9013
1610283600000,22.73,23.12,22.7,23.08,38346.527
1610287200000,23.1,23.43,22.88,23.03,41305.5108
1610290800000,23.03,23.38,22.76,23.36,49578.3648
1610294400000,23.36,24.32,23.02,23.18,126296.3534
1610298000000,23.15,23.3,22.47,23.03,62876.8251
1610301600000,23.01,23.04,22.68,22.75,34438.4191
1610305200000,22.76,22.91,22.42,22.45,28249.3154
1610308800000,22.47,22.8,22.25,22.75,51706.1256
1610312400000,22.79,22.99,22.64,22.89,32554.0521
1610316000000,22.86,23.22,22.71,23.08,35674.6304
1610319600000,23.06,23.71,23.06,23.43,27882.5496
1610323200000,23.44,23.51,22.75,22.84,35474.1756
1610326800000,22.84,23.14,22.64,22.82,33517.6067
1610330400000,22.82,22.86,22.39,22.56,50720.2667
1610334000000,22.56,22.72,21.43,21.8,98927.7995
1610337600000,21.82,22.05,21.7,21.93,42325.228
1610341200000,21.93,22.24,21.93,22.06,37309.9753
1610344800000,22.07,22.09,21.56,21.71,55025.5266
1610348400000,21.69,22.46,21.58,21.99,41490.5197
1610352000000,21.98,22.18,21.9,22.03,28992.0365
1610355600000,22.01,22.17,21.86,22.16,22739.5769
1610359200000,22.14,22.23,21.85,21.92,25818.2898
1610362800000,21.93,22.01,21.72,21.8,25136.4697
1610366400000,21.8,21.88,21.5,21.57,52651.3083
1610370000000,21.57,21.66,21.5,21.54,37451.4899
1610373600000,21.52,21.7,21.27,21.58,57193.7302
1610377200000,21.58,21.64,21.16,21.19,33191.1612
1610380800000,21.19,21.37,20.98,21.17,64975.3145
1610384400000,21.17,21.58,21.03,21.41,27948.6692
1610388000000,21.4,21.76,21.19,21.27,32460.8522
1610391600000,21.27,21.32,20.99,21.05,32509.5812
1610395200000,21.05,21.27,20.96,21.19,22189.0103
1610398800000,21.19,21.4,21.12,21.34,17693.8175
1610402400000,21.35,21.36,21.15,21.34,24538.6455
1610406000000,21.32,21.68,21.3,21.67,26443.2848
1610409600000,21.67,21.67,21.37,21.51,26424.6477
1610413200000,21.5,21.54,21.28,21.34,22902.3022
1610416800000,21.34,21.54,21.34,21.51,19903.1232
1610420400000,21.52,21.54,21.41,21.49,21299.5038
1610424000000,21.5,21.62,21.48,21.6,21360.1699
1610427600000,21.59,21.88,21.59,21.88,18664.5966
1610431200000,21.89,21.91,21.74,21.84,24018.4536
1610434800000,21.83,21.89,21.68,21.79,22553.1047
1610438400000,21.8,21.81,21.56,21.63,25507.9953
1610442000000,21.62,21.88,21.6,21.8,18450.6448
1610445600000,21.8,21.81,21.58,21.63,34709.3205
1610449200000,21.64,21.73,21.62,21.67,14307.2705
1610452800000,21.67,21.71,21.54,21.55,12822.8197
1610456400000,21.54,21.64,21.31,21.32,17590.5041
1610460000000,21.32,21.39,21.1,21.16,35950.4128
1610463600000,21.16,21.38,21.16,21.28,23814.2005
1610467200000,21.3,21.65,21.29,21.41,34352.8812
1610470800000,21.41,21.54,21.31,21.33,22034.2392
1610474400000,21.33,21.42,21.21,21.27,19664.151
1610478000000,21.27,21.29,21.15,21.25,21451.0536
1610481600000,21.24,21.37,21.21,21.37,17396.3505
1610485200000,21.37,21.4,21.19,21.28,14826.3093
1610488800000,21.28,21.33,21.14,21.14,18679.4389
1610492400000,21.14,21.14,20.95,21.04,31508.194
1610496000000,21.04,21.07,20.96,21.02,26688.2811
1610499600000,21.03,21.48,21.01,21.48,27379.9727
1610503200000,21.48,21.55,21.11,21.23,34658.2221
1610506800000,21.23,21.31,21.16,21.25,21892.301
1610510400000,21.24,21.27,21.11,21.15,16078.4064
1610514000000,21.15,21.27,21.15,21.27,14589.2549
1610517600000,21.26,21.43,21.26,21.36,15320.0668
1610521200000,21.36,21.47,21.33,21.42,10763.3519
1610524800000,21.42,21.48,21.35,21.47,18763.284
1610528400000,21.47,21.56,21.34,21.45,14406.2352
1610532000000,21.46,21.55,21.46,21.52,12028.581
1610535600000,21.51,21.54,21.39,21.43,17360.5828
1610539200000,21.43,21.47,21.34,21.43,12534.2497
1610542800000,21.42,21.65,21.37,21.58,17561.8329
1610546400000,21.58,21.7,21.54,21.58,19682.418
1610550000000,21.58,21.91,21.57,21.7,24371.9528
1610553600000,21.7,21.87,21.69,21.84,18087.0713
1610557200000,21.83,21.94,21.81,21.83,16703.6874
1610560800000,21.84,21.85,21.76,21.76,12907.3288
1610564400000,21.76,21.79,21.63,21.63,10032.2701
1610568000000,21.63,21.69,21.62,21.66,10708.5581
1610571600000,21.66,21.68,21.49,21.6,19135.4015
1610575200000,21.6,21.74,21.57,21.65,13057.4457
1610578800000,21.66,21.8,21.61,21.71,20224.8435
1610582400000,21.72,21.84,21.68,21.71,25519.3499
1610586000000,21.72,21.73,21.59,21.67,16532.8049
1610589600000,21.67,21.7,21.58,21.66,16113.8331
1610593200000,21.65,21.79,21.64,21.72,12699.849
1610596800000,21.72,21.82,21.67,21.77,14101.4888
1610600400000,21.77,21.81,21.72,21.73,16999.8797
1610604000000,21.73,21.84,21.72,21.82,15836.4
1610607600000,21.82,21.83,21.74,21.79,14277.6229
1610611200000,21.79,21.83,21.72,21.73,20013.1229
1610614800000,21.73,21.76,21.65,21.66,19468.754
1610618400000,21.66,21.77,21.66,21.76,20114.6785
1610622000000,21.77,21.81,21.75,21.79,22006.0169
1610625600000,21.78,21.78,21.71,21.73,25852.689
1610629200000,21.73,21.8,21.69,21.76,24828.1932
1610632800000,21.76,22.25,21.72,22.24,41789.2796
1610636400000,22.25,22.31,21.82,21.87,38610.3173
1610640000000,21.88,22.02,21.73,21.73,34753.2756
1610643600000,21.73,21.93,21.71,21.85,17827.3306
1610647200000,21.85,21.92,21.68,21.71,22443.109
1610650800000,21.71,21.72,21.48,21.52,21588.3493
1610654400000,21.51,21.72,21.51,21.52,17505.0613
1610658000000,21.52,21.57,21.41,21.45,33700.4519
1610661600000,21.46,21.54,21.42,21.49,14311.3643
1610665200000,21.48,21.64,21.46,21.58,19461.6971
1610668800000,21.58,21.64,21.53,21.57,21970.7522
1610672400000,21.57,21.8,21.56,21.65,28684.5948
1610676000000,21.65,21.8,21.55,21.8,25188.1296
1610679600000,21.8,21.8,21.65,21.7,18503.9973
1610683200000,21.69,21.69,21.57,21.59,18260.0436
1610686800000,21.59,21.7,21.57,21.62,38521.7513
1610690400000,21.61,21.66,21.58,21.66,16497.665
1610694000000,21.66,21.82,21.6,21.73,24039.9628
1610697600000,21.73,21.86,21.69,21.78,14995.0418
1610701200000,21.78,21.93,21.71,21.85,19560.448
1610704800000,21.85,22.28,21.85,22.19,31475.6909
1610708400000,22.2,22.2,21.79,21.92,30349.726
1610712000000,21.92,21.95,21.63,21.75,32741.2959
1610715600000,21.73,21.8,21.67,21.74,29627.2058
1610719200000,21.74,21.8,21.6,21.64,31470.5724
1610722800000,21.65,21.65,21.49,21.52,39554.859
1610726400000,21.52,21.59,21.31,21.55,44025.7987
1610730000000,21.56,21.59,21.36,21.49,26454.3407
1610733600000,21.49,21.56,21.35,21.37,27286.4078
1610737200000,21.38,21.47,21.33,21.41,16054.3131
1610740800000,21.41,21.5,21.32,21.4,19782.0797
1610744400000,21.4,21.52,21.39,21.48,15831.5241
1610748000000,21.48,21.56,21.43,21.49,14222.6989
1610751600000,21.5,21.55,21.46,21.54,14576.5925
1610755200000,21.53,21.78,21.51,21.76,28588.3356
1610758800000,21.76,21.81,21.66,21.74,25105.5345
1610762400000,21.74,21.82,21.65,21.69,24022.8398
1610766000000,21.7,22.07,21.69,21.9,37050.3736
1610769600000,21.9,21.94,21.75,21.84,29050.7692
1610773200000,21.83,21.85,21.54,21.68,21798.4688
1610776800000,21.69,21.79,21.67,21.78,12205.8366
1610780400000,21.78,21.96,21.77,21.88,26983.2605
1610784000000,21.87,21.95,21.81,21.88,20829.2497
1610787600000,21.89,21.93,21.86,21.89,23409.142
1610791200000,21.92,21.93,21.78,21.78,21526.3266
1610794800000,21.79,21.91,21.77,21.9,13178.6355
1610798400000,21.9,21.97,21.77,21.85,32769.0619
1610802000000,21.86,21.93,21.8,21.83,27645.8292
1610805600000,21.83,21.96,21.81,21.95,25367.7607
1610809200000,21.95,22.2,21.89,22.15,48543.9422
1610812800000,22.14,25.13,22.13,24.09,234847.735
1610816400000,24.09,24.1,22.84,23.24,122951.6452
1610820000000,23.23,23.34,22.86,22.87,44403.6187
1610823600000,22.9,23.24,22.7,23.01,34543.904
1610827200000,23.02,23.28,22.75,22.82,34227.6486
1610830800000,22.82,22.85,22.36,22.41,41782.4535
1610834400000,22.42,22.64,22.26,22.62,33709.9665
1610838000000,22.63,23.04,22.53,22.86,37004.488
1610841600000,22.86,23.84,22.41,23.55,69062.3978
1610845200000,23.55,24.04,23.22,23.89,68546.1466
1610848800000,23.89,25.39,23.81,24.15,123175.8056
1610852400000,24.15,24.22,23.53,24,72244.8195
1610856000000,24,24.39,23.53,23.63,51790.8347
1610859600000,23.64,23.92,23.45,23.63,57863.9914
1610863200000,23.62,24.1,23.51,23.95,47337.0837
1610866800000,23.95,24.57,23.53,23.75,85043.6782
1610870400000,23.74,24.22,23.48,23.87,66820.9393
1610874000000,23.87,24.15,23.67,23.73,59276.1367
1610877600000,23.71,24.93,23.45,24.74,105177.8213
1610881200000,24.74,25.48,24.38,24.47,104583.8332
1610884800000,24.46,24.63,24,24.15,76115.6059
1610888400000,24.15,25.35,24.11,25.33,115675.8866
1610892000000,25.33,25.8,24.93,25,112180.9581
1610895600000,25.03,25.7,24.71,25.63,78257.4388
1610899200000,25.64,26.18,24.98,25.09,115837.4317
1610902800000,25.1,25.4,24.66,24.74,49430.1215
1610906400000,24.74,24.9,24.61,24.61,37827.0295
1610910000000,24.62,24.76,24.34,24.52,38516.6094
1610913600000,24.49,24.63,24.13,24.3,51022.3197
1610917200000,24.29,25.64,24.26,25.01,59713.8558
1610920800000,25.01,25.08,24.18,24.35,44762.183
1610924400000,24.37,24.67,24.28,24.34,43895.4159
1610928000000,24.35,24.91,24.35,24.47,43112.0998
1610931600000,24.51,24.67,24.2,24.26,48595.0355
1610935200000,24.22,24.47,24.09,24.2,49804.3087
1610938800000,24.2,24.4,23.58,23.93,65510.1028
1610942400000,23.96,24.1,23.66,24,36351.8941
1610946000000,24,24.13,23.87,24.09,26700.0273
1610949600000,24.1,24.27,24.08,24.13,28943.2399
1610953200000,24.12,24.61,23.97,24.55,50324.4532
1610956800000,24.55,24.71,24.21,24.28,41767.7151
1610960400000,24.28,24.49,24,24.07,48798.4058
1610964000000,24.07,24.18,23.89,24.13,42046.5942
1610967600000,24.15,24.15,23.8,24.08,30540.2598
1610971200000,24.08,24.33,23.72,23.84,53830.9613
1610974800000,23.82,24.1,23.74,23.87,56111.3494
1610978400000,23.87,24.04,23.77,23.94,30003.5292
1610982000000,23.92,23.93,23.78,23.79,5450.6623
1610985600000,23.8,24.38,23.63,24.19,55905.6213
1610989200000,24.2,24.25,23.81,23.88,30717.3309
1610992800000,23.85,23.89,23.69,23.74,27006.3713
1610996400000,23.74,23.77,23.65,23.67,28884.4296
1611000000000,23.67,23.69,23.62,23.65,22319.616
1611003600000,23.66,23.78,23.51,23.68,25640.0836
1611007200000,23.66,24.1,23.62,23.91,21352.2838
1611010800000,23.92,24.16,23.61,23.73,39949.4556
1611014400000,23.73,23.97,23.68,23.71,32743.9516
1611018000000,23.71,24.3,23.61,23.68,65215.4895
1611021600000,23.69,23.83,23.62,23.65,27005.903
1611025200000,23.64,23.66,23.5,23.65,27834.4696
1611028800000,23.64,23.7,23.54,23.6,26845.5537
1611032400000,23.6,23.83,23.56,23.57,23417.0961
1611036000000,23.57,23.62,23.34,23.54,36003.1807
1611039600000,23.55,23.56,23.33,23.36,34474.9831
1611043200000,23.36,24.2,23.18,23.64,79971.37
1611046800000,23.64,23.91,23.59,23.75,33956.6437
1611050400000,23.75,23.85,23.62,23.68,29665.8053
1611054000000,23.69,23.81,23.55,23.56,31869.655
1611057600000,23.57,23.62,23.31,23.52,38642.9731
1611061200000,23.53,23.54,23.38,23.42,26562.3456
1611064800000,23.42,23.57,23.28,23.39,35481.4355
1611068400000,23.39,23.41,23.21,23.29,38324.7868
1611072000000,23.31,23.32,23.07,23.16,34913.7539
1611075600000,23.15,23.41,23.14,23.37,20912.0188
1611079200000,23.37,23.37,22.96,22.96,35449.032
1611082800000,22.97,23.09,22.95,23.02,24547.394
1611086400000,23.01,23.07,22.96,23.02,20661.8655
1611090000000,23.01,23.13,22.96,23.01,20728.2504
1611093600000,23.01,23.06,22.96,23,16675.682
1611097200000,22.99,23.03,22.66,22.67,35661.8328
1611100800000,22.66,22.82,22.62,22.77,30646.6355
1611104400000,22.78,23.13,22.73,22.83,31789.9923
1611108000000,22.83,22.84,22.62,22.65,27386.218
1611111600000,22.66,22.66,22.22,22.27,39222.1004
1611115200000,22.27,22.52,22.18,22.44,33461.7564
1611118800000,22.44,22.49,22.33,22.44,23055.2625
1611122400000,22.45,22.53,22.29,22.3,34246.8692
1611126000000,22.3,22.52,22.29,22.46,18344.2949
1611129600000,22.46,22.81,22.33,22.61,34220.5831
1611133200000,22.63,22.63,22.3,22.32,28515.9418
1611136800000,22.31,22.39,22.26,22.32,28489.701
1611140400000,22.32,22.36,22.1,22.16,37966.2476
1611144000000,22.16,22.38,22.05,22.28,36322.3091
1611147600000,22.27,22.37,22.09,22.32,30859.1048
1611151200000,22.32,22.34,22.12,22.14,30562.3607
1611154800000,22.15,22.28,22.07,22.09,22457.9805
1611158400000,22.08,22.37,22,22.35,35544.7959
1611162000000,22.36,22.52,22.34,22.42,21055.8046
1611165600000,22.41,22.42,22.3,22.36,17012.9584
1611169200000,22.36,22.52,22.33,22.51,16932.7873
1611172800000,22.52,22.55,21.73,22.28,69115.8399
1611176400000,22.28,22.97,22.12,22.24,59948.0357
1611180000000,22.23,22.56,22.22,22.36,19837.5982
1611183600000,22.36,22.46,22.28,22.35,19391.7064
1611187200000,22.32,22.72,22.32,22.62,23935.5527
1611190800000,22.6,22.62,22.32,22.37,24860.824
1611194400000,22.36,22.39,22.28,22.32,20090.988
1611198000000,22.32,22.43,22.31,22.39,17509.8679
1611201600000,22.39,22.48,22.13,22.17,24764.546
1611205200000,22.17,22.54,22.11,22.46,23449.7779
1611208800000,22.47,22.54,22.31,22.38,18823.5495
1611212400000,22.38,22.41,22.26,22.29,25212.1077
1611216000000,22.29,22.32,22.04,22.04,29628.5078
1611219600000,22.03,22.14,21.84,21.94,31898.2972
1611223200000,21.93,22.1,21.85,21.98,30577.3107
1611226800000,21.97,22.03,21.8,21.81,24621.2568
1611230400000,21.8,21.89,21.7,21.88,35086.1574
1611234000000,21.88,22,21.82,21.93,24137.2652
1611237600000,21.93,21.98,21.6,21.63,42174.2583
1611241200000,21.64,21.77,21.58,21.62,32245.8771
1611244800000,21.62,21.78,21.51,21.52,24462.2459
1611248400000,21.52,21.64,21.51,21.61,16311.3938
1611252000000,21.61,21.67,21.53,21.67,13380.1797
1611255600000,21.66,21.93,21.63,21.9,13877.5802
1611259200000,21.9,21.91,21.61,21.61,15059.7089
1611262800000,21.6,21.68,21.47,21.47,26422.8883
1611266400000,21.47,21.51,20.95,21.2,92556.0128
1611270000000,21.2,21.41,21.17,21.32,31469.2246
1611273600000,21.33,21.33,20.76,20.88,88223.3228
1611277200000,20.87,21.07,20.77,20.97,64780.3166
1611280800000,20.97,23.59,20.97,22.77,146516.1581
1611284400000,22.73,23.07,22.27,22.83,127139.874
1611288000000,22.79,22.81,22.22,22.26,58017.0468
1611291600000,22.26,22.43,22,22.24,48251.6954
1611295200000,22.23,22.27,22,22.07,37024.5559
1611298800000,22.07,22.26,21.67,21.74,38130.051
1611302400000,21.75,22.07,21.69,22.07,40266.8628
1611306000000,22.06,22.17,21.92,22.1,24701.0047
1611309600000,22.09,22.19,21.75,22.12,29988.59
1611313200000,22.12,22.25,22.1,22.22,18085.7422
1611316800000,22.23,22.33,21.95,22.05,27623.6334
1611320400000,22.05,22.24,21.99,22.15,17869.1228
1611324000000,22.16,22.8,22.15,22.72,63025.8824
1611327600000,22.72,23,22.53,22.65,48602.1199
1611331200000,22.65,22.96,22.32,22.49,53140.5017
1611334800000,22.5,22.74,22.25,22.38,37540.4395
1611338400000,22.44,22.53,22.28,22.53,31916.1086
1611342000000,22.53,22.54,22.32,22.44,21898.0861
1611345600000,22.44,22.48,22.07,22.15,30545.5123
1611349200000,22.15,22.28,22.12,22.28,29112.7365
1611352800000,22.26,22.46,22.04,22.06,32727.9008
1611356400000,22.06,22.46,22.06,22.28,28075.6091
1611360000000,22.27,22.45,22.1,22.36,33338.4798
1611363600000,22.36,22.77,22.27,22.69,41067.6365
1611367200000,22.69,22.8,22.41,22.52,52642.6686
1611370800000,22.52,22.7,22.47,22.61,39433.3206
1611374400000,22.6,22.8,22.54,22.75,36559.2516
1611378000000,22.77,23.23,22.75,23.2,73546.9219
1611381600000,23.21,23.24,22.78,22.86,63225.4518
1611385200000,22.9,23.22,22.89,23.16,35094.9908
1611388800000,23.16,23.29,22.97,23.23,52994.8229
1611392400000,23.23,23.26,22.6,22.83,41287.36
1611396000000,22.84,22.95,22.63,22.79,39631.4075
1611399600000,22.79,22.88,22.48,22.63,41798.7549
1611403200000,22.63,22.83,22.56,22.72,33059.2154
1611406800000,22.71,22.93,22.36,22.83,48229.2913
1611410400000,22.83,22.87,22.63,22.82,32222.3707
1611414000000,22.81,23.24,22.78,23.03,44408.4132
1611417600000,23.03,23.57,22.96,23.11,56241.1597
1611421200000,23.12,23.38,23.12,23.26,29132.6055
1611424800000,23.23,23.23,22.82,22.88,36180.1699
1611428400000,22.86,22.97,22.74,22.92,30420.6434
1611432000000,22.93,22.95,22.73,22.82,19582.2961
1611435600000,22.81,23.12,22.72,22.95,24256.4409
1611439200000,22.95,22.96,22.69,22.72,20024.3138
1611442800000,22.73,22.75,22.6,22.69,29220.2445
1611446400000,22.7,22.84,22.44,22.73,50448.3795
1611450000000,22.74,22.95,22.66,22.9,24546.6356
1611453600000,22.89,22.94,22.8,22.9,29097.4705
1611457200000,22.9,23,22.84,22.99,20318.2
1611460800000,22.99,23.04,22.83,22.84,25669.6714
1611464400000,22.84,22.97,22.71,22.96,31084.8647
1611468000000,22.96,22.99,22.78,22.88,18383.8146
1611471600000,22.89,22.9,22.69,22.76,17246.9515
1611475200000,22.75,22.83,22.71,22.73,20582.4002
1611478800000,22.72,22.93,22.72,22.85,24065.7412
1611482400000,22.85,22.97,22.8,22.95,22231.4627
1611486000000,22.95,23.1,22.89,23.1,21306.094
1611489600000,23.1,23.12,22.76,22.88,43146.8131
1611493200000,22.87,22.94,22.76,22.85,41409.9375
1611496800000,22.83,23,22.77,22.84,54489.5777
1611500400000,22.8,23.06,22.79,22.99,23470.5772
1611504000000,22.99,23.05,22.73,22.77,31483.3215
1611507600000,22.75,22.86,22.73,22.83,14460.5629
1611511200000,22.82,22.82,22.7,22.72,12126.2388
1611514800000,22.72,22.75,22.52,22.54,19185.9893
1611518400000,22.54,22.66,22.5,22.62,17281.6089
1611522000000,22.62,22.74,22.51,22.55,16684.2143
1611525600000,22.54,22.74,22.53,22.63,11985.4009
1611529200000,22.63,22.82,22.6,22.71,18917.7646
1611532800000,22.71,22.83,22.61,22.66,37594.5399
1611536400000,22.67,22.82,22.65,22.8,22605.9957
1611540000000,22.8,22.83,22.72,22.79,18630.7409
1611543600000,22.79,22.83,22.74,22.82,23680.6886
1611547200000,22.83,22.83,22.78,22.81,18141.1101
1611550800000,22.81,23.04,22.8,22.86,25830.8369
1611554400000,22.86,22.91,22.82,22.85,23119.084
1611558000000,22.85,22.85,22.67,22.77,28786.9135
1611561600000,22.76,22.81,22.69,22.77,20470.0418
1611565200000,22.76,22.82,22.66,22.7,23883.3059
1611568800000,22.7,22.88,22.67,22.86,15387.2228
1611572400000,22.86,22.93,22.78,22.9,23119.8914
1611576000000,22.9,23.02,22.86,22.97,22824.6073
1611579600000,22.97,22.98,22.78,22.87,39568.6205
1611583200000,22.87,22.89,22.71,22.75,26957.857
1611586800000,22.75,22.87,22.67,22.79,23789.3478
1611590400000,22.79,22.79,22.61,22.72,36567.6385
1611594000000,22.72,22.78,22.63,22.63,20424.8567
1611597600000,22.63,22.68,22.57,22.58,18446.7388
1611601200000,22.58,22.66,22.56,22.6,12495.1513
1611604800000,22.6,22.66,22.53,22.56,18501.8618
1611608400000,22.56,22.63,22.49,22.57,15907.0984
1611612000000,22.57,22.64,22.45,22.51,35527.2941
1611615600000,22.49,22.56,22.38,22.43,17509.5342
1611619200000,22.43,22.55,22.37,22.49,22329.2012
1611622800000,22.49,22.5,22.4,22.46,18859.5415
1611626400000,22.46,22.74,22.42,22.48,28251.9039
1611630000000,22.48,22.5,22.22,22.26,34455.7534
1611633600000,22.24,22.36,22.23,22.35,24392.1166
1611637200000,22.34,22.39,22.3,22.34,12410.806
1611640800000,22.34,22.34,22.2,22.33,28483.3597
1611644400000,22.33,22.44,22.22,22.44,31560.4283
1611648000000,22.44,22.46,22.33,22.38,19187.4074
1611651600000,22.38,22.38,22.26,22.27,27674.7036
1611655200000,22.27,22.42,22.24,22.35,18537.2635
1611658800000,22.35,22.39,22.31,22.35,15662.5269
1611662400000,22.35,22.35,22.14,22.2,35717.0795
1611666000000,22.19,22.25,22.09,22.19,21295.5477
1611669600000,22.19,22.21,21.91,22,30511.9915
1611673200000,22,22.16,22,22.12,13568.7383
1611676800000,22.11,22.21,21.99,22.14,31649.3151
1611680400000,22.15,22.18,22.02,22.11,24450.0841
1611684000000,22.11,22.16,21.95,22.05,23284.711
1611687600000,22.04,22.1,21.94,21.97,11183.4043
1611691200000,21.97,22.03,21.94,21.96,13374.3217
1611694800000,21.97,22,21.81,21.82,19004.1539
1611698400000,21.83,22,21.8,21.98,16314.5566
1611702000000,21.98,22.34,21.98,22.2,17025.1337
1611705600000,22.2,22.23,22.01,22.09,23302.8169
1611709200000,22.12,22.15,21.95,22.07,24958.4662
1611712800000,22.07,22.19,21.9,22.01,27881.1371
1611716400000,22,22.07,21.8,21.91,21650.4005
1611720000000,21.9,22,21.83,21.86,14842.9638
1611723600000,21.86,21.9,21.71,21.73,28348.5228
1611727200000,21.73,21.76,21.58,21.76,21419.3822
1611730800000,21.75,21.9,21.74,21.85,13699.5566
1611734400000,21.85,21.86,21.61,21.61,20767.8388
1611738000000,21.61,21.68,21.44,21.55,47347.415
1611741600000,21.55,21.59,21.48,21.58,14944.0171
1611745200000,21.58,21.73,21.42,21.48,32927.0578
1611748800000,21.47,21.59,21.45,21.54,35816.3039
1611752400000,21.54,21.62,21.48,21.48,18237.7682
1611756000000,21.49,21.51,21.2,21.25,39971.3873
1611759600000,21.26,21.52,21.2,21.48,32743.3928
1611763200000,21.48,21.52,21.3,21.43,22749.0908
1611766800000,21.43,21.59,21.42,21.48,17556.0065
1611770400000,21.5,21.53,21.35,21.36,14274.6221
1611774000000,21.37,21.49,21.33,21.37,17410.5526
1611777600000,21.37,21.54,21.35,21.54,16530.2286
1611781200000,21.53,21.55,21.39,21.45,9303.3832
1611784800000,21.45,21.55,21.4,21.5,12465.7984
1611788400000,21.48,21.52,21.31,21.42,12739.8277
1611792000000,21.42,21.68,21.31,21.66,17984.313
1611795600000,21.66,21.76,21.54,21.62,17737.3928
1611799200000,21.62,21.88,21.58,21.83,21664.5258
1611802800000,21.83,21.87,21.8,21.84,16196.8615
1611806400000,21.83,21.84,21.63,21.72,22258.0319
1611810000000,21.72,21.81,21.68,21.75,23892.862
1611813600000,21.75,21.84,21.74,21.8,16028.7805
1611817200000,21.79,21.81,21.71,21.72,13493.6035
1611820800000,21.72,21.99,21.72,21.82,21747.1907
1611824400000,21.83,21.97,21.71,21.97,15303.3922
1611828000000,21.98,21.98,21.82,21.89,21403.2529
1611831600000,21.89,21.92,21.78,21.8,20523.875
1611835200000,21.8,22,21.79,22,25544.9651
1611838800000,22,22.04,21.91,22.03,19975.1232
1611842400000,22.03,22.04,21.93,21.94,27512.915
1611846000000,21.93,22,21.79,21.98,22057.6385
1611849600000,21.99,22.06,21.83,21.93,19357.7689
1611853200000,21.92,21.95,21.86,21.86,11550.1496
1611856800000,21.86,21.89,21.79,21.89,12450.8506
1611860400000,21.89,21.9,21.81,21.81,9349.5157
1611864000000,21.81,21.85,21.81,21.84,4516.6315
1611867600000,21.85,22,21.82,21.83,13018.8057
1611871200000,21.82,22.07,21.82,21.98,15426.7133
1611874800000,21.97,22.02,21.86,21.89,19936.5754
1611878400000,21.89,21.97,21.83,21.87,19351.1631
1611882000000,21.88,21.96,21.83,21.93,17688.6792
1611885600000,21.92,22.03,21.91,21.95,17383.263
1611889200000,21.96,22.17,21.94,22.14,25967.64
1611892800000,22.12,22.21,21.95,22.19,36756.3733
1611896400000,22.18,22.48,22.11,22.36,41005.4297
1611900000000,22.36,22.37,22.14,22.16,34022.2239
1611903600000,22.15,22.17,21.95,22.01,19273.4598
1611907200000,22.03,22.29,21.97,22.28,28373.0699
1611910800000,22.28,22.32,22.14,22.29,48946.4956
1611914400000,22.29,22.55,22.27,22.45,46275.4785
1611918000000,22.45,22.55,22.32,22.33,27613.2896
1611921600000,22.34,22.46,22.3,22.39,18899.6312
1611925200000,22.39,22.89,22.38,22.85,46615.8233
1611928800000,22.85,22.92,22.49,22.55,37935.4073
1611932400000,22.57,22.75,22.32,22.42,28840.6229
1611936000000,22.42,22.67,22.35,22.41,34846.8706
1611939600000,22.4,22.54,22.32,22.34,25634.3427
1611943200000,22.34,22.35,22.09,22.17,16809.0605
1611946800000,22.17,22.19,22.03,22.09,19042.7887
1611950400000,22.09,22.18,22.02,22.13,12302.0955
1611954000000,22.13,22.18,22.07,22.13,13222.7348
1611957600000,22.13,22.25,22.11,22.25,12400.0731
1611961200000,22.24,22.31,22.14,22.3,10140.6284
1611964800000,22.3,22.34,22.19,22.22,23117.7815
1611968400000,22.22,22.33,22.2,22.28,16781.7294
1611972000000,22.28,22.57,22.18,22.45,29825.2843
1611975600000,22.46,22.52,22.03,22.13,35294.586
1611979200000,22.13,22.2,22.08,22.11,18983.7413
1611982800000,22.11,22.18,21.98,22.16,21565.7894
1611986400000,22.16,22.23,22.06,22.16,16190.5331
1611990000000,22.17,22.25,22.09,22.18,14000.5973
1611993600000,22.18,22.4,22.15,22.23,22414.5776
1611997200000,22.23,22.35,22.17,22.25,15951.5757
1612000800000,22.24,22.26,22.09,22.13,17696.9008
1612004400000,22.12,22.17,22.07,22.09,19102.0463
1612008000000,22.09,22.17,22.06,22.08,15380.593
1612011600000,22.08,22.22,22.07,22.22,15541.271
1612015200000,22.22,22.24,22.11,22.17,20924.7179
1612018800000,22.19,22.47,22.19,22.33,28520.2454
1612022400000,22.31,22.33,22.12,22.23,32846.8342
1612026000000,22.24,22.24,22.12,22.15,17826.8895
1612029600000,22.15,22.24,22.12,22.22,15439.3891
1612033200000,22.23,22.23,22.13,22.14,11003.1037
1612036800000,22.13,22.18,22.07,22.12,11686.2426
1612040400000,22.12,22.17,22.01,22.06,14705.7647
1612044000000,22.08,22.11,22.04,22.08,15681.8449
1612047600000,22.08,22.12,22.02,22.03,14131.6043
1612051200000,22.03,22.17,22.02,22.12,16935.3906
1612054800000,22.11,22.21,22.08,22.18,16195.4515
1612058400000,22.18,22.24,22.14,22.16,13043.478
1612062000000,22.16,22.34,22.12,22.23,26005.829
1612065600000,22.23,22.5,22.22,22.4,26433.4501
1612069200000,22.41,22.5,22.21,22.3,24422.9919
1612072800000,22.3,22.36,22.22,22.31,14395.1363
1612076400000,22.3,22.44,22.27,22.34,18264.4987
1612080000000,22.34,22.4,22.29,22.37,18764.4621
1612083600000,22.38,22.43,22.22,22.22,23293.6589
1612087200000,22.23,22.3,22.19,22.29,21666.6089
1612090800000,22.29,22.49,22.29,22.43,34454.3124
1612094400000,22.42,22.58,22.3,22.57,27910.3051
1612098000000,22.58,22.59,22.35,22.44,32483.7147
1612101600000,22.44,22.49,22.19,22.35,25728.5394
1612105200000,22.35,22.38,22.08,22.15,34939.1394
1612108800000,22.15,22.18,22.05,22.15,19542.6154
1612112400000,22.14,22.16,22.06,22.08,13108.4182
1612116000000,22.07,22.21,22.05,22.09,15998.8778
1612119600000,22.09,22.27,22.09,22.27,12591.5795
1612123200000,22.27,22.35,22.14,22.18,15381.9509
1612126800000,22.18,22.2,22.07,22.11,10369.0606
1612130400000,22.1,22.28,22.1,22.26,11268.123
1612134000000,22.26,22.3,22.22,22.26,10457.9687
1612137600000,22.26,22.26,22.03,22.12,20858.155
1612141200000,22.11,22.36,22.11,22.34,20790.6359
1612144800000,22.33,22.45,22.27,22.38,18856.6479
1612148400000,22.38,22.49,22.37,22.44,15530.8815
1612152000000,22.44,22.55,22.39,22.39,23900.2589
1612155600000,22.4,22.65,22.4,22.63,22019.2219
1612159200000,22.63,23.37,22.61,22.84,96475.0183
1612162800000,22.83,24,22.77,23.48,157467.5515
1612166400000,23.47,23.98,23.26,23.32,114020.3971
1612170000000,23.29,23.33,23,23.17,61338.8527
1612173600000,23.16,23.35,22.93,22.95,51248.2955
1612177200000,22.96,22.99,22.7,22.74,53947.4384
1612180800000,22.73,22.92,22.7,22.75,29227.6715
1612184400000,22.76,22.88,22.49,22.59,31192.9078
1612188000000,22.58,22.64,22.23,22.51,52244.225
1612191600000,22.52,23.11,22.48,22.88,53855.594
1612195200000,22.86,23.23,22.64,22.78,55339.5482
1612198800000,22.77,22.77,22.23,22.47,55308.2146
1612202400000,22.51,22.59,22.33,22.33,21284.6944
1612206000000,22.33,22.46,22.31,22.42,16366.2629
1612209600000,22.41,22.41,22.32,22.34,15533.6247
1612213200000,22.32,22.4,22.32,22.39,11711.5897
1612216800000,22.38,22.45,22.36,22.4,12689.3253
1612220400000,22.4,22.62,22.39,22.62,20034.5483
1612224000000,22.62,22.72,22.44,22.48,26176.6545
1612227600000,22.48,22.49,22.3,22.46,34420.4422
1612231200000,22.46,22.56,22.34,22.5,15758.7375
1612234800000,22.51,22.64,22.42,22.55,18844.0914
1612238400000,22.55,22.65,22.52,22.63,21949.9045
1612242000000,22.62,22.65,22.52,22.53,15008.1288
1612245600000,22.54,22.6,22.51,22.59,12551.6976
1612249200000,22.6,22.65,22.58,22.65,9727.1324
1612252800000,22.65,22.68,22.52,22.61,16070.9476
1612256400000,22.61,22.65,22.53,22.62,22784.37
1612260000000,22.64,22.75,22.62,22.69,15528.4103
1612263600000,22.68,22.68,22.51,22.52,16321.3675
1612267200000,22.53,22.92,22.5,22.82,36867.2393
1612270800000,22.82,22.83,22.68,22.68,21792.5877
1612274400000,22.69,22.76,22.54,22.64,19173.2832
1612278000000,22.64,22.76,22.56,22.69,34152.6725
1612281600000,22.69,22.69,22.51,22.54,27256.0325
1612285200000,22.55,22.6,22.52,22.59,10384.7672
1612288800000,22.6,22.64,22.57,22.57,9808.7509
1612292400000,22.58,22.59,22.47,22.5,25118.4652
1612296000000,22.5,22.51,22.39,22.47,14146.6691
1612299600000,22.47,22.54,22.45,22.54,9296.5606
1612303200000,22.53,22.6,22.47,22.49,32836.1231
1612306800000,22.49,22.53,22.47,22.49,9284.985
1612310400000,22.47,22.49,22.38,22.44,20053.0586
1612314000000,22.45,22.56,22.45,22.51,19131.383
1612317600000,22.5,22.65,22.46,22.63,18341.9317
1612321200000,22.64,22.74,22.61,22.7,28642.2618
1612324800000,22.69,22.72,22.61,22.65,15182.0494
1612328400000,22.65,22.7,22.59,22.67,12936.9096
1612332000000,22.66,22.74,22.66,22.68,14715.3342
1612335600000,22.67,22.69,22.58,22.68,14081.4349
1612339200000,22.68,22.68,22.55,22.67,21196.704
1612342800000,22.66,22.71,22.6,22.66,11432.2932
1612346400000,22.66,22.74,22.63,22.74,13216.8454
1612350000000,22.74,22.86,22.63,22.7,21859.1928
1612353600000,22.68,22.97,22.66,22.89,29978.1893
1612357200000,22.89,22.93,22.78,22.81,30400.1572
1612360800000,22.8,23.46,22.79,23.11,60803.6607
1612364400000,23.1,23.13,22.96,23,29663.4654
1612368000000,23,23.12,22.83,22.92,33037.5411
1612371600000,22.92,23.18,22.9,23.04,26256.5934
1612375200000,23.04,23.23,23,23,24205.1506
1612378800000,23,23.12,22.85,22.95,21333.0729
1612382400000,22.95,23.04,22.89,22.99,20622.025
1612386000000,22.98,22.99,22.92,22.95,12902.7326
1612389600000,22.94,22.95,22.88,22.91,13698.3642
1612393200000,22.92,23.08,22.89,23.07,20069.731
1612396800000,23.05,23.26,23.05,23.17,28057.1931
1612400400000,23.17,23.19,23.02,23.13,21017.7534
1612404000000,23.14,23.19,23.01,23.06,27836.4249
1612407600000,23.06,23.1,22.84,22.87,23060.9137
1612411200000,22.88,23.13,22.83,23.11,25716.9716
1612414800000,23.12,23.12,23.02,23.05,14932.3531
1612418400000,23.05,23.11,22.98,23.07,22438.1497
1612422000000,23.08,23.27,23.07,23.09,32619.3059
1612425600000,23.09,23.27,22.92,22.92,35459.6544
1612429200000,22.92,22.99,22.66,22.96,53412.3182
1612432800000,22.97,23.07,22.84,22.85,24779.3924
1612436400000,22.84,23.16,22.81,22.97,31396.0744
1612440000000,22.97,23.05,22.9,23.05,16272.7051
1612443600000,23.05,23.06,22.92,22.93,12811.3783
1612447200000,22.93,22.96,22.74,22.87,26769.3778
1612450800000,22.86,22.93,22.72,22.84,31469.9192
1612454400000,22.83,22.94,22.73,22.86,25666.6544
1612458000000,22.86,22.91,22.74,22.77,21063.3468
1612461600000,22.77,22.86,22.75,22.78,13307.7276
1612465200000,22.78,22.79,22.73,22.74,8722.448
1612468800000,22.74,22.86,22.74,22.83,15049.4997
1612472400000,22.83,22.94,22.8,22.89,18622.7811
1612476000000,22.9,23.03,22.84,22.97,19434.1637
1612479600000,22.97,23.03,22.88,22.9,14105.783
1612483200000,22.9,23.04,22.79,22.98,24804.2405
1612486800000,22.97,23,22.86,22.94,23298.4703
1612490400000,22.94,23.03,22.94,23.01,20263.1073
1612494000000,23.01,23.18,22.98,23.11,27128.8729
1612497600000,23.12,23.26,23.04,23.24,29698.9418
1612501200000,23.24,23.28,23.09,23.19,38465.7618
1612504800000,23.2,23.3,23.17,23.23,27839.7239
1612508400000,23.23,23.33,23.04,23.31,39953.9655
1612512000000,23.32,23.44,23.18,23.4,43958.6885
1612515600000,23.4,23.73,23.37,23.48,55417.5182
1612519200000,23.47,23.5,23.18,23.3,28783.0982
1612522800000,23.3,23.52,23.21,23.44,26366.1644
1612526400000,23.45,23.59,23.3,23.3,29451.2452
1612530000000,23.3,23.52,23.29,23.49,25172.0159
1612533600000,23.49,23.85,23.42,23.82,48257.1502
1612537200000,23.82,24.43,23.81,24.03,102281.9416
1612540800000,24.03,24.3,23.64,23.75,71631.9629
1612544400000,23.76,25.05,23.71,24.62,102114.1166
1612548000000,24.62,24.76,24.31,24.38,60881.1329
1612551600000,24.38,25.52,24.38,25.17,100864.0036
1612555200000,25.19,25.63,24.94,25.08,73211.5612
1612558800000,25.08,25.08,24.77,24.94,45536.8621
1612562400000,24.94,24.94,24.1,24.14,61717.8685
1612566000000,24.14,24.62,24.12,24.49,41215.2013
1612569600000,24.48,25.01,24.45,25.01,58830.311
1612573200000,25.02,25.18,23.76,24.1,104420.8303
1612576800000,24.1,24.45,23.8,24.12,66008.6771
1612580400000,24.11,24.42,24.08,24.35,29957.0686
1612584000000,24.35,24.35,24.09,24.27,31832.1628
1612587600000,24.27,24.29,23.89,23.93,34889.6736
1612591200000,23.93,24.12,23.91,23.99,21879.4033
1612594800000,24,24.33,23.94,24.22,20569.157
1612598400000,24.22,24.47,24.17,24.45,34369.5717
1612602000000,24.45,24.56,24.3,24.45,27182.0214
1612605600000,24.46,24.56,24.3,24.3,32643.6646
1612609200000,24.3,24.8,24.22,24.54,42778.9737
1612612800000,24.54,24.85,24.51,24.59,40345.2283
1612616400000,24.57,24.58,24.45,24.49,26315.2121
1612620000000,24.49,24.75,24.36,24.55,46136.4342
1612623600000,24.55,24.89,24.55,24.67,31179.3107
1612627200000,24.68,25.23,24.66,24.84,68935.2327
1612630800000,24.83,24.84,24.07,24.35,59227.73
1612634400000,24.36,24.37,24.1,24.11,26472.9917
1612638000000,24.11,24.2,24.05,24.13,32618.8233
1612641600000,24.13,24.24,24,24.22,24733.6177
1612645200000,24.22,24.44,24.22,24.41,23892.1444
1612648800000,24.41,24.47,24.17,24.22,20727.8513
1612652400000,24.22,24.3,24.1,24.24,24677.2732
1612656000000,24.26,24.5,24.17,24.46,29647.7382
1612659600000,24.46,24.6,24.12,24.13,30535.2578
1612663200000,24.13,24.2,23.88,24.04,42375.3532
1612666800000,24.04,24.09,23.96,24.08,28121.1328
1612670400000,24.08,24.09,23.7,23.79,43637.4067
1612674000000,23.8,23.98,23.77,23.94,20983.3388
1612677600000,23.93,24.1,23.83,24.09,24835.214
1612681200000,24.09,24.23,24.01,24.08,39429.8077
1612684800000,24.06,24.17,24.04,24.13,22868.9723
1612688400000,24.12,24.33,24.11,24.31,36896.6171
1612692000000,24.31,24.52,24.29,24.41,51240.9258
1612695600000,24.38,24.48,24.12,24.4,37395.1139
1612699200000,24.41,24.5,24.26,24.39,28024.9118
1612702800000,24.37,24.47,24.17,24.23,36834.545
1612706400000,24.23,24.23,24,24.13,51582.1954
1612710000000,24.11,24.25,23.88,23.99,50937.7352
1612713600000,23.99,24.01,23.71,23.96,62511.3135
1612717200000,23.96,24.09,23.92,23.95,19607.2932
1612720800000,23.96,24.09,23.95,24.02,14050.124
1612724400000,24.02,24.07,23.84,23.86,15144.143
1612728000000,23.87,23.98,23.79,23.97,24875.205
1612731600000,23.98,23.98,23.9,23.97,11497.8786
1612735200000,23.97,24.01,23.89,24.01,21276.3764
1612738800000,24.02,24.08,23.97,24.05,20073.7945
1612742400000,24.05,24.22,23.96,24.15,33946.3409
1612746000000,24.16,24.22,23.98,24.15,39123.5876
1612749600000,24.15,24.25,23.9,23.94,38988.8642
1612753200000,23.94,24.03,23.83,23.93,36631.5557
1612756800000,23.93,24.24,23.93,24.15,48133.3274
1612760400000,24.15,24.2,24.11,24.18,29062.8057
1612764000000,24.17,24.73,24.17,24.54,50909.8502
1612767600000,24.53,24.7,24.53,24.6,45543.5679
1612771200000,24.6,24.64,24.38,24.44,38329.485
1612774800000,24.42,24.59,24.37,24.54,37684.2513
1612778400000,24.53,24.68,24.52,24.66,37617.0302
1612782000000,24.66,25.42,24.64,25.35,91174.9396
1612785600000,25.36,25.39,24.42,24.42,86731.7106
1612789200000,24.44,24.69,24.27,24.44,92302.6318
1612792800000,24.45,24.79,24.45,24.66,60542.6633
1612796400000,24.67,24.75,24.47,24.5,49041.7764
1612800000000,24.51,24.87,24.46,24.56,62355.1196
1612803600000,24.56,24.97,24.44,24.81,39010.0442
1612807200000,24.81,25.14,24.7,25.14,52923.9047
1612810800000,25.14,25.31,24.93,25.15,61324.8925
1612814400000,25.15,25.55,25.1,25.18,67770.2848
1612818000000,25.19,25.45,25.06,25.32,46528.2605
1612821600000,25.33,28.88,25.26,27.89,199967.7527
1612825200000,27.89,28.26,26.9,27.67,162845.2057
1612828800000,27.66,29.99,27.08,29.71,158749.9019
1612832400000,29.7,32.15,29.63,31.16,259961.2521
1612836000000,31.1,31.21,30.12,30.96,129444.3144
1612839600000,30.98,32.1,30.4,30.56,174608.4051
1612843200000,30.56,31,29.6,30.54,126068.6008
1612846800000,30.53,31.79,30.32,31.58,99738.2571
1612850400000,31.57,31.79,30.84,31.52,105558.8755
1612854000000,31.51,31.51,30.67,30.85,89668.1758
1612857600000,30.87,31.06,30.04,30.49,87887.9305
1612861200000,30.49,30.69,29.97,30.04,78487.3706
1612864800000,30.03,31.64,29.71,31.59,107134.012
1612868400000,31.59,33.34,31.22,32.93,168619.2848
1612872000000,32.93,33.05,31.6,31.64,105291.4089
1612875600000,31.64,32.88,31.59,31.93,91914.1846
1612879200000,31.96,32.57,31.2,31.49,87441.1309
1612882800000,31.5,33.4,31.48,33.26,97372.7423
1612886400000,33.29,38.6,33.27,37.34,315834.1652
1612890000000,37.31,38.4,36.55,36.87,122447.2157
1612893600000,36.83,38,36.77,37.42,91901.7816
1612897200000,37.4,39.14,37.04,37.69,116950.6674
1612900800000,37.66,39.77,37.49,39.7,84412.1893
1612904400000,39.72,40.65,38.77,40.49,106267.011
1612908000000,40.46,47.77,40.26,47.32,192085.3312
1612911600000,47.28,51.94,42.33,44.1,269266.7531
1612915200000,44.13,44.83,41.58,42.39,188826.0602
1612918800000,42.49,45.85,42.49,43.27,190353.5192
1612922400000,43.29,43.83,42.2,43.58,145979.0511
1612926000000,43.59,44.72,42.33,42.54,111321.5771
1612929600000,42.5,43.39,38.45,40.7,260195.2278
1612933200000,40.67,42.13,39.34,41.64,104169.6229
1612936800000,41.68,42.02,40.42,41.08,71356.6278
1612940400000,41.07,43.46,40.9,42.75,83786.9477
1612944000000,42.74,43.76,41.45,43.35,117185.8275
1612947600000,43.34,43.37,41.8,41.91,90238.796
1612951200000,41.85,42.52,40.62,41.73,92855.3656
1612954800000,41.79,41.83,40.39,41.18,82675.0117
1612958400000,41.16,41.17,34.61,38.33,217887.1434
1612962000000,38.33,39.55,37.03,39.07,112760.1839
1612965600000,39.09,41.19,38.5,39.33,111985.5067
1612969200000,39.34,39.34,36.06,39,179236.1862
1612972800000,39.07,42.34,37.33,40.7,218399.1296
1612976400000,40.71,43.32,40.06,43.18,176928.7031
1612980000000,43.17,43.77,40.8,41.31,143425.9227
1612983600000,41.29,41.41,40.08,41.01,72588.364
1612987200000,41.01,41.02,38.81,39.11,74636.6802
1612990800000,39.13,40.21,38.92,40.21,62035.0584
1612994400000,40.21,40.28,38.96,39.79,57568.8399
1612998000000,39.78,41.22,39,39.83,91484.6924
1613001600000,39.77,40.12,37.88,38.18,90565.6777
1613005200000,38.16,38.54,36.79,37.68,135838.7943
1613008800000,37.69,38.97,37.69,38.71,33304.8371
1613012400000,38.67,39.32,38.41,39.11,29767.5793
1613016000000,39.11,39.43,38.22,38.28,27665.978
1613019600000,38.3,38.98,38.26,38.95,54073.9704
1613023200000,38.96,40.07,38.96,39.7,70189.686
1613026800000,39.74,40.47,39.31,39.39,77501.9616
1613030400000,39.45,39.73,38.69,39.6,64064.2645
1613034000000,39.6,40.77,39.08,40.55,61918.5381
1613037600000,40.62,42.66,40.49,41.07,166722.559
1613041200000,41.12,42.06,39.76,39.95,91788.8635
1613044800000,40.12,40.92,39.96,40.77,78724.685
1613048400000,40.77,41.83,40.56,41.59,84756.5501
1613052000000,41.6,42.54,40.93,41.06,97466.4829
1613055600000,41.12,41.46,40.52,40.98,67115.0976
1613059200000,41.01,43,39.41,40.31,162688.4783
1613062800000,40.32,40.39,39.38,40.25,66767.3661
1613066400000,40.25,40.75,40.01,40.59,77747.8592
1613070000000,40.65,40.72,40.22,40.33,40253.5473
1613073600000,40.32,40.39,39.25,39.7,71660.6722
1613077200000,39.73,40.14,39.04,39.83,48501.5354
1613080800000,39.82,40.39,39.7,40.14,33608.031
1613084400000,40.14,40.4,39.53,40.3,52917.1429
1613088000000,40.34,41.98,40.3,41.01,82384.5683
1613091600000,41.03,41.03,40.35,40.7,63441.3211
1613095200000,40.67,40.74,40,40.08,68215.6736
1613098800000,40.08,40.49,39.82,40.11,72580.7019
1613102400000,40.06,40.32,39.18,40.26,81782.7881
1613106000000,40.24,40.52,40.08,40.15,61712.4368
1613109600000,40.15,40.18,39.76,40.07,54837.5481
1613113200000,40.04,40.22,39.5,40.1,42171.9692
1613116800000,40.1,40.91,40.07,40.87,67694.5074
1613120400000,40.86,42.05,40.8,41.25,86863.0242
1613124000000,41.25,42.02,40.88,41.98,71805.2874
1613127600000,41.97,42.11,41.33,41.98,65083.3957
1613131200000,42,43.53,41.43,43.51,91469.0943
1613134800000,43.49,44.64,43.02,44,159635.097
1613138400000,44,44,41,41.9,147101.3994
1613142000000,41.9,43.2,41.87,43.2,94955.9199
1613145600000,43.21,44.83,42.87,42.94,113966.9771
1613149200000,42.93,43.57,42.5,43.2,63103.1416
1613152800000,43.2,43.33,42.38,42.78,60414.2724
1613156400000,42.78,42.94,42.52,42.63,34271.5694
1613160000000,42.65,43.99,42.65,43.12,57554.824
1613163600000,43.12,43.21,41.98,42.52,59241.3719
1613167200000,42.51,43.24,42.26,42.59,58624.3141
1613170800000,42.58,43.22,42.46,42.64,50226.0783
1613174400000,42.65,43.58,42.6,43.48,74582.8176
1613178000000,43.5,44.59,43.38,44.34,90212.7966
1613181600000,44.33,44.4,43.54,43.57,59593.3948
1613185200000,43.55,44.29,43.42,43.77,70310.4552
1613188800000,43.76,44.36,43.42,44.34,70832.2063
1613192400000,44.37,44.5,43.55,43.89,71076.571
1613196000000,43.88,44.4,43.51,44.23,64118.0495
1613199600000,44.19,44.23,42.92,42.98,68911.9284
1613203200000,43,43.55,41.67,43.16,95772.9676
1613206800000,43.15,43.72,43.02,43.08,44016.0872
1613210400000,43.1,43.1,41.23,41.4,110495.2364
1613214000000,41.39,41.91,39.68,41.37,139176.0344
1613217600000,41.4,42.32,40.84,41.82,69981.0328
1613221200000,41.79,42.38,41.43,42.11,58524.2142
1613224800000,42.12,42.25,41.37,41.47,59020.3468
1613228400000,41.46,42.49,41.39,42.33,59604.4815
1613232000000,42.34,42.67,40.96,41.16,78912.8065
1613235600000,41.17,41.63,40.29,40.64,82958.4043
1613239200000,40.58,41.45,40.43,41.15,40731.2618
1613242800000,41.16,42,40.93,41.81,39534.8231
1613246400000,41.81,41.84,40.68,41.33,43988.4223
1613250000000,41.34,41.54,40.82,41.54,40903.8438
1613253600000,41.54,42.04,41.48,41.57,32129.6157
1613257200000,41.56,42.16,41.5,41.58,38892.6706
1613260800000,41.52,41.99,41.14,41.91,62379.3256
1613264400000,41.94,43.2,41.73,42.73,83208.8978
1613268000000,42.82,43.04,42.5,42.72,49391.8154
1613271600000,42.73,43.39,41.99,42.01,74105.0044
1613275200000,42.01,42.31,41.55,41.8,48685.8136
1613278800000,41.83,42.31,41.41,41.66,41926.4834
1613282400000,41.68,42.4,41.5,41.96,54331.1696
1613286000000,41.94,41.98,41.45,41.5,29374.1465
1613289600000,41.5,42.13,41.5,41.65,44044.4852
1613293200000,41.68,41.83,41.5,41.72,39476.8826
1613296800000,41.71,43,41.5,42.88,57347.0432
1613300400000,42.81,42.84,42.02,42.47,53775.0702
1613304000000,42.47,43.61,42.28,43.41,66981.2984
1613307600000,43.42,48.38,43.07,46.35,261842.7751
1613311200000,46.36,50.14,45.61,47.77,262522.2946
1613314800000,47.77,49.13,45.34,46.91,226646.3489
1613318400000,46.86,49.29,46.86,47.56,196616.3682
1613322000000,47.5,50.9,47.41,49.95,151628.5016
1613325600000,49.91,52.22,49.5,50.47,168040.2233
1613329200000,50.43,50.61,48.69,49.46,111759.0887
1613332800000,49.45,50.48,48.42,48.77,88301.7456
1613336400000,48.78,49.2,46.53,47.55,117479.804
1613340000000,47.5,48.46,47.2,47.57,61786.4276
1613343600000,47.56,48.13,46.96,47.12,70496.8362
1613347200000,47.15,49.79,47.14,49.42,111011.7733
1613350800000,49.46,50.58,45.13,45.81,187277.0747
1613354400000,45.75,46.57,36.21,41.33,427933.231
1613358000000,41.35,43.88,40.14,43.08,228243.6238
1613361600000,43.1,43.38,40.47,43.29,241115.9483
1613365200000,43.27,43.82,42.51,43.06,146440.6323
1613368800000,43.06,44.78,43,43.9,145831.4736
1613372400000,43.88,44.94,43.26,43.85,122278.3328
1613376000000,43.8,44.33,42.16,44.16,127184.6809
1613379600000,44.17,44.2,42.35,43.03,86562.4285
1613383200000,43.04,44.48,42.74,44.48,103645.6689
1613386800000,44.4,45.95,44.17,44.67,110536.7922
1613390400000,44.74,45.49,44.16,45.19,99154.3675
1613394000000,45.2,47,45.01,45.6,127435.4906
1613397600000,45.6,45.88,43.77,43.9,88564.6636
1613401200000,43.93,45.41,43.89,44.92,78889.2336
1613404800000,44.92,46.6,44.9,46.08,122676.2533
1613408400000,46.06,46.69,45.15,45.55,78552.4138
1613412000000,45.56,45.82,44.95,44.95,47765.6509
1613415600000,44.96,46.27,44.67,45.83,61689.0557
1613419200000,45.83,46.23,44.83,45.34,61786.3334
1613422800000,45.36,45.65,43.29,43.3,67427.8909
1613426400000,43.29,43.98,42.24,43.92,71697.3554
1613430000000,43.93,44.31,42.41,42.92,57383.8928
1613433600000,42.93,43.25,41.5,43,97521.4251
1613437200000,43.04,44.48,42.95,44.39,66347.1393
1613440800000,44.42,44.95,43.95,44.52,54205.0625
1613444400000,44.54,45.86,44.33,44.91,70755.2587
1613448000000,44.82,44.82,43.75,44.13,56155.0002
1613451600000,44.14,44.43,43.85,43.88,30010.6523
1613455200000,43.87,44.07,43.33,43.98,60294.1017
1613458800000,44.01,44.05,43.39,43.85,49524.5758
1613462400000,43.86,45,43.86,44.94,62600.5336
1613466000000,44.94,44.97,43.99,44.25,59727.0835
1613469600000,44.23,44.69,43.84,44.17,52009.0255
1613473200000,44.19,44.3,43.47,43.65,50856.2157
1613476800000,43.65,44.57,42.93,43.79,84308.5365
1613480400000,43.78,44.83,43.46,43.51,60340.7193
1613484000000,43.51,44,43.15,43.71,52718.1963
1613487600000,43.67,43.72,43.01,43.09,34494.0804
1613491200000,43.09,43.25,41.3,41.3,84827.7447
1613494800000,41.3,42.17,41.08,41.08,52172.8979
1613498400000,41.14,42.01,40.73,41.76,58469.4164
1613502000000,41.76,41.82,40.95,41.18,27065.8305
1613505600000,41.17,41.17,40.16,41.03,53039.9032
1613509200000,41.03,41.85,40.44,41.81,30013.4744
1613512800000,41.81,42.4,41.58,42.28,22907.3513
1613516400000,42.27,42.68,41.81,41.86,30851.9116
1613520000000,41.88,42.34,41.1,41.12,55016.5299
1613523600000,41.14,41.79,41.06,41.73,35395.6374
1613527200000,41.74,42.39,41.72,41.86,45206.3746
1613530800000,41.86,41.87,41,41.39,49926.5462
1613534400000,41.4,41.64,40.4,40.76,76940.87
1613538000000,40.74,41.11,40.3,40.97,69751.1073
1613541600000,40.97,41.38,40.69,41.12,40364.3556
1613545200000,41.15,42.36,41.02,42.19,58197.4606
1613548800000,42.18,42.27,41.75,41.86,35466.4995
1613552400000,41.86,42.05,41.44,41.5,50561.6022
1613556000000,41.5,42.72,41.5,42.35,49487.8656
1613559600000,42.36,43.07,42.24,42.75,35278.8029
1613563200000,42.73,42.97,42.07,42.13,48817.227
1613566800000,42.16,42.35,41.77,42.33,45338.9553
1613570400000,42.34,42.7,42.16,42.44,36335.6896
1613574000000,42.44,44.27,42.43,44.06,62195.5758
1613577600000,44.1,44.71,42.92,43.61,78399.0876
1613581200000,43.61,43.95,43,43.5,38243.0355
1613584800000,43.49,44.39,43.47,43.93,45508.8452
1613588400000,43.95,44.54,43.78,44.02,32349.641
1613592000000,44.05,44.1,43.01,43.02,42236.426
1613595600000,43.02,43.17,42.69,42.86,33199.0939
1613599200000,42.85,43.27,42.51,42.85,35229.4594
1613602800000,42.83,43.27,42.58,43.16,25227.881
1613606400000,43.2,43.83,43.2,43.48,45493.3995
1613610000000,43.48,43.89,43.12,43.75,40098.6289
1613613600000,43.76,44.36,43.69,44.22,47606.7698
1613617200000,44.22,44.22,43.58,43.68,43226.0793
1613620800000,43.72,44.05,43.54,43.81,46522.5986
1613624400000,43.79,44.32,43.77,44.07,47317.0624
1613628000000,44.07,44.2,43.6,43.68,42076.8016
1613631600000,43.67,43.71,42.94,43.41,60955.4476
1613635200000,43.41,43.73,42.94,42.94,50570.1011
1613638800000,42.95,43.56,42.73,43.44,44147.0125
1613642400000,43.44,43.51,43.11,43.13,30835.1747
1613646000000,43.12,43.24,42.5,42.86,40672.9272
1613649600000,42.83,43.17,42.38,43.17,45402.3317
1613653200000,43.17,43.52,42.85,43.25,34605.3774
1613656800000,43.26,43.78,43.03,43.52,56827.9318
1613660400000,43.52,43.79,42.77,42.93,48210.1729
1613664000000,42.98,43.35,42.57,43.22,41801.184
1613667600000,43.21,43.21,42.6,42.86,26584.0012
1613671200000,42.86,43.1,42.63,42.72,24375.7658
1613674800000,42.71,43.12,42.55,42.6,27569.4722
1613678400000,42.56,42.95,42.52,42.86,28554.6784
1613682000000,42.86,43.14,42.62,43.06,21323.5456
1613685600000,43.07,43.25,42.78,42.92,25594.065
1613689200000,42.95,43.54,42.92,43.4,33981.1755
1613692800000,43.42,43.79,42.75,42.78,38699.0979
1613696400000,42.76,42.87,42.04,42.16,76693.204
1613700000000,42.15,42.4,41.23,42.32,89272.6865
1613703600000,42.28,42.46,41.59,41.66,60182.6347
1613707200000,41.66,42.24,41.48,41.54,52392.6689
1613710800000,41.58,41.95,41.51,41.61,50783.9698
1613714400000,41.64,42.27,41.33,42.22,64703.9565
1613718000000,42.23,42.51,41.96,42.2,43390.0405
1613721600000,42.2,42.56,42.17,42.32,33968.236
1613725200000,42.33,42.51,42.11,42.33,39008.3424
1613728800000,42.35,42.76,42.33,42.44,32409.3132
1613732400000,42.43,42.54,42.15,42.5,24416.8514
1613736000000,42.5,43.61,42.33,43.16,73014.5661
1613739600000,43.16,43.73,42.68,43.09,75984.507
1613743200000,43.09,43.25,42.14,42.19,61840.0775
1613746800000,42.19,42.37,42.02,42.21,56821.696
1613750400000,42.21,42.53,41.54,41.58,64149.7969
1613754000000,41.56,42.18,41.55,42.05,27299.917
1613757600000,42.05,42.13,42,42,10617.9966
1613761200000,41.98,42.06,41.66,41.82,23924.6393
1613764800000,41.81,42.03,41.75,41.86,27208.0895
1613768400000,41.84,42.11,41.59,41.64,26531.4588
1613772000000,41.63,41.91,41.55,41.83,38104.8294
1613775600000,41.82,43.38,41.72,43.16,69522.7128
1613779200000,43.16,49.7,43.14,47.97,280968.3496
1613782800000,47.96,48.01,45.1,45.58,179005.1456
1613786400000,45.56,46.28,45,45.79,102859.6505
1613790000000,45.8,45.87,44.75,44.91,82249.4575
1613793600000,44.89,46.51,44.5,46.5,106035.8452
1613797200000,46.51,46.52,45.13,45.9,69158.3606
1613800800000,45.93,46.02,45.27,45.61,53100.0284
1613804400000,45.62,45.64,44.64,44.64,59184.2069
1613808000000,44.67,45.45,44.63,44.74,52878.3253
1613811600000,44.7,44.95,43.93,44.21,77944.8763
1613815200000,44.19,45.32,43.96,45.3,51811.7474
1613818800000,45.33,45.39,44.27,44.43,52587.7484
1613822400000,44.44,45.25,44.35,45.05,64695.4568
1613826000000,45.06,45.45,44.84,45.37,75183.8761
1613829600000,45.37,45.82,42.71,43.23,106830.9951
1613833200000,43.29,44.18,42.41,43.54,128644.3793
1613836800000,43.54,44.49,43.54,44.37,84179.7348
1613840400000,44.41,44.8,43.85,44.08,50214.9788
1613844000000,44.09,44.45,43.69,44.19,50457.7684
1613847600000,44.21,44.54,43.85,44.38,45866.5839
1613851200000,44.4,44.53,43.53,44.34,46242.9927
1613854800000,44.31,44.33,43.55,43.94,43299.3615
1613858400000,43.97,43.97,42.1,42.94,85292.1822
1613862000000,42.94,43.54,42.68,43.02,67635.205
1613865600000,43.02,43.41,42.5,43,61188.3419
1613869200000,42.95,43.42,42.81,43.36,46968.6306
1613872800000,43.36,44,43.3,43.89,51798.6614
1613876400000,43.85,44.86,43.83,44.39,68430.4678
1613880000000,44.37,44.49,43.5,43.89,63704.1261
1613883600000,43.89,44.36,43.65,44.18,44505.386
1613887200000,44.19,44.21,43.5,43.72,51532.7945
1613890800000,43.76,43.93,43.17,43.3,67547.3488
1613894400000,43.31,44.01,43.15,43.89,49596.4771
1613898000000,43.88,44.65,43.8,44.09,54259.0313
1613901600000,44.06,44.68,44.05,44.39,47250.9603
1613905200000,44.38,44.54,44.01,44.08,38676.8603
1613908800000,44.08,45.98,43.97,45.85,98376.646
1613912400000,45.85,45.87,44.69,44.84,83786.191
1613916000000,44.87,45.32,44.15,45.16,78085.2057
1613919600000,45.16,45.36,44.54,44.71,43745.3004
1613923200000,44.74,45.54,44.36,44.73,70422.8965
1613926800000,44.72,45.35,44.58,45.03,52455.2992
1613930400000,45.03,45.23,44.43,44.49,28688.5189
1613934000000,44.48,44.72,44.37,44.62,21528.0469
1613937600000,44.62,44.64,43.85,44.13,34398.521
1613941200000,44.15,44.37,43.87,43.95,30872.3537
1613944800000,43.93,44.48,43.87,44.44,24552.8988
1613948400000,44.42,45,44.19,44.65,24882.9849
1613952000000,44.65,44.82,43.49,43.51,65837.6257
1613955600000,43.5,43.95,43.41,43.72,56714.2969
1613959200000,43.7,43.9,43.42,43.55,46573.8419
1613962800000,43.52,43.76,42,42.22,62815.6502
1613966400000,42.14,42.8,41.7,42.53,107776.3705
1613970000000,42.51,43.03,42.46,42.7,50483.3465
1613973600000,42.7,43.26,42.67,42.97,27803.4815
1613977200000,42.96,43.29,42.68,43.2,40030.3102
1613980800000,43.21,43.27,42.38,42.52,39069.9491
1613984400000,42.49,42.94,42.11,42.19,54927.6875
1613988000000,42.19,42.81,41.7,42.59,70895.1731
1613991600000,42.61,43,42.36,42.38,39208.1478
1613995200000,42.36,42.45,40.93,41.92,116842.6005
1613998800000,41.93,41.98,39.97,40.01,89105.1973
1614002400000,40.03,40.47,32.39,37.69,356934.9666
1614006000000,37.69,38.82,36.7,38.34,232219.9438
1614009600000,38.34,39.96,37.33,38.7,184220.506
1614013200000,38.73,39.06,37.69,37.94,87949.6668
1614016800000,37.95,38.54,37.26,38.44,72891.0058
1614020400000,38.43,39.07,38.15,38.88,37114.1728
1614024000000,38.87,39.76,38.79,39.27,45885.0788
1614027600000,39.27,39.88,39.26,39.66,24166.1117
1614031200000,39.68,39.68,38.85,39.54,38299.8024
1614034800000,39.54,39.76,38.73,39.36,46155.8204
1614038400000,39.39,39.49,38.44,38.83,47474.1104
1614042000000,38.85,39.24,37.02,37.34,67812.6345
1614045600000,37.33,37.81,35.89,36.2,94374.4099
1614049200000,36.22,38,36.22,36.73,76635.6885
1614052800000,36.72,37.47,35.38,36.58,108998.5607
1614056400000,36.49,36.53,34.57,36.35,118219.016
1614060000000,36.33,37.12,35.82,36.04,57198.5151
1614063600000,36.06,37.1,35.97,36.21,66377.9632
1614067200000,36.2,36.35,32.88,32.91,168418.8009
1614070800000,32.92,34.87,31.5,34.55,200297.401
1614074400000,34.51,34.98,33.09,34.46,98512.4151
1614078000000,34.48,35.17,32.77,34.21,119307.5036
1614081600000,34.25,35.75,33.17,35.03,112394.85
1614085200000,35.02,35.8,34.56,35.38,98483.1304
1614088800000,35.39,35.8,33.87,34.42,80767.4166
1614092400000,34.42,35.78,34.14,35.54,100233.431
1614096000000,35.55,36.4,35.1,35.67,88824.1686
1614099600000,35.67,37.34,35.59,36.11,79898.1403
1614103200000,36.12,36.58,35.33,35.68,57508.4479
1614106800000,35.67,36.02,34.38,34.38,40661.0359
1614110400000,34.4,35.56,34.24,35.17,44292.4436
1614114000000,35.19,35.51,34.32,34.48,53687.7263
1614117600000,34.55,34.94,34,34.81,38601.7495
1614121200000,34.83,35.61,34.78,35.49,42930.6528
1614124800000,35.47,35.74,34.31,35.59,89110.2425
1614128400000,35.6,37.44,35.55,37.06,105740.2273
1614132000000,37.05,37.22,36.53,36.86,83975.6347
1614135600000,36.81,37.7,36.64,37.61,63582.0294
1614139200000,37.62,38.27,36.92,37.45,60047.63
1614142800000,37.47,37.9,37,37.76,38219.6374
1614146400000,37.76,37.95,37,37.3,68954.4669
1614150000000,37.31,37.54,36.66,37.31,57203.2892
1614153600000,37.32,38.2,37.1,38.15,44866.3933
1614157200000,38.12,38.19,37.67,37.73,50844.2672
1614160800000,37.74,37.75,37.1,37.12,32359.6296
1614164400000,37.12,37.87,37.1,37.59,36021.1143
1614168000000,37.58,38.14,37.58,37.69,40818.0654
1614171600000,37.69,37.88,36.87,37,73552.9914
1614175200000,36.99,37.23,36.44,36.67,47153.4491
1614178800000,36.68,37.24,35.86,37.21,55907.2386
1614182400000,37.22,38,37.11,37.17,68407.1558
1614186000000,37.17,37.48,36.75,36.92,38554.7136
1614189600000,36.94,36.94,36.34,36.34,44287.2791
1614193200000,36.35,36.58,36.03,36.23,32023.772
1614196800000,36.21,36.55,35.58,36.24,39748.1579
1614200400000,36.23,36.27,35.88,36.16,27631.7329
1614204000000,36.15,36.27,35.54,36.11,34094.1767
1614207600000,36.11,36.72,36.07,36.61,46093.8456
1614211200000,36.61,37.38,36.42,37.14,42740.6951
1614214800000,37.12,37.53,36.83,37.04,37088.992
1614218400000,37.01,37.18,36.66,36.83,29134.6703
1614222000000,36.8,36.85,36.36,36.55,43135.561
1614225600000,36.54,36.54,35.9,35.97,54961.5811
1614229200000,35.98,36.54,35.98,36.53,50148.6281
1614232800000,36.53,36.54,36.15,36.16,25729.1418
1614236400000,36.17,36.38,36.11,36.17,30475.8612
1614240000000,36.17,36.31,35.5,35.6,61512.9222
1614243600000,35.61,35.8,35.14,35.22,69738.9936
1614247200000,35.22,35.68,34.93,35.57,49508.2742
1614250800000,35.57,36.09,35.57,35.9,32739.5242
1614254400000,35.91,36.4,35.79,36.4,32252.585
1614258000000,36.42,37,36.3,36.51,47128.6038
1614261600000,36.51,36.63,36.05,36.09,30420.3737
1614265200000,36.08,36.83,36.07,36.56,35637.8106
1614268800000,36.55,36.63,36.01,36.18,33865.2483
1614272400000,36.18,36.21,35.46,35.74,35116.7647
1614276000000,35.74,36.03,35.23,35.49,26869.68
1614279600000,35.45,35.77,35.25,35.59,13938.9189
1614283200000,35.59,35.98,35.32,35.79,21165.1564
1614286800000,35.77,35.79,35.18,35.27,21171.1072
1614290400000,35.24,35.74,34.96,35.27,33327.0926
1614294000000,35.26,35.5,34.75,34.95,36126.8442
1614297600000,34.95,35.1,33.97,34.33,78832.6675
1614301200000,34.33,34.76,34.06,34.22,49654.0627
1614304800000,34.21,34.69,34.02,34.53,51142.1986
1614308400000,34.52,34.62,34.25,34.54,38043.6007
1614312000000,34.55,34.96,34.5,34.62,44288.4097
1614315600000,34.62,34.75,33.82,33.88,60566.5501
1614319200000,33.88,34.42,33.86,34.23,43852.5701
1614322800000,34.28,34.39,33.25,33.65,56209.2308
1614326400000,33.68,34.27,33.63,34.16,35668.7357
1614330000000,34.21,34.61,34.03,34.51,28144.63
1614333600000,34.52,34.93,34.3,34.9,46157.1864
1614337200000,34.88,34.98,34.33,34.66,23144.7662
1614340800000,34.67,34.96,34.59,34.72,21565.8105
1614344400000,34.72,34.94,34.51,34.58,20940.2189
1614348000000,34.61,36.52,34.6,35.9,74259.1286
1614351600000,35.9,36.1,35.35,35.91,50236.1149
1614355200000,35.92,36.42,35.38,36.12,48499.4764
1614358800000,36.13,36.42,35.5,35.57,39489.3775
1614362400000,35.56,35.78,35.32,35.35,21703.0096
1614366000000,35.36,35.47,34.94,35.07,22161.0424
1614369600000,35.08,35.26,34.84,35.05,21341.104
1614373200000,35.03,35.53,34.9,34.99,19905.1236
1614376800000,34.97,34.97,34.45,34.56,20725.849
1614380400000,34.56,35.14,34.52,35.12,18688.8759
1614384000000,35.15,36.55,35.08,36.1,45485.4338
1614387600000,36.1,36.21,35.53,36.16,28290.6786
1614391200000,36.15,36.2,35.73,35.81,23577.5939
1614394800000,35.81,36.16,35.58,35.92,24036.6505
1614398400000,35.88,36.24,35.65,36.15,24595.0383
1614402000000,36.16,36.23,35.8,36,28712.6883
1614405600000,36.01,36.63,35.87,36.1,39190.9034
1614409200000,36.09,36.09,35.64,35.73,38276.123
1614412800000,35.73,36.1,35.57,36.03,33010.3527
1614416400000,36.02,36.04,35.64,35.86,27832.8277
1614420000000,35.85,36.51,35.77,36.31,42174.2704
1614423600000,36.32,38.1,36.28,37.23,100170.6056
1614427200000,37.24,38.71,37.1,38.41,102031.1646
1614430800000,38.46,38.86,37.51,37.62,75369.8255
1614434400000,37.62,38.19,36.8,37.28,56277.3258
1614438000000,37.25,37.65,36.71,37.04,47755.8779
1614441600000,37.07,38.38,37.06,37.73,65079.377
1614445200000,37.71,38.08,37.5,37.59,30764.1732
1614448800000,37.62,38.1,37.62,37.95,16708.2049
1614452400000,37.93,38.38,37.91,38.03,19277.4168
1614456000000,38.03,38.05,37.53,37.56,15489.6148
1614459600000,37.56,37.6,37.29,37.5,21462.9358
1614463200000,37.51,37.54,37.5,37.52,187.6204
1614466800000,37.51,38.13,36.72,37.89,40806.8853
1614470400000,37.9,38.45,37.3,37.73,48214.649
1614474000000,37.72,38.23,37.49,37.87,44309.5981
1614477600000,37.85,37.85,36.81,36.96,47747.0059
1614481200000,36.95,37.47,36.01,36.03,70213.7997
1614484800000,36.04,36.59,35.89,35.92,47873.6167
1614488400000,35.94,36.61,35.78,36.02,39618.5488
1614492000000,36.01,36.06,34.92,35.39,62154.5589
1614495600000,35.39,36.49,35.07,36.04,65904.4199
1614499200000,36.01,36.68,36.01,36.46,33651.6607
1614502800000,36.46,36.86,36.34,36.34,28734.7798
1614506400000,36.33,36.57,36.03,36.37,24341.8614
1614510000000,36.37,36.75,36.17,36.36,27601.2055
1614513600000,36.37,36.8,35.59,36.05,49376.8859
1614517200000,36.06,36.5,35.69,35.69,29796.1239
1614520800000,35.72,36.32,35.41,36.19,35776.0577
1614524400000,36.18,36.21,35.26,35.41,43190.0994
1614528000000,35.4,35.77,35,35.47,48007.9801
1614531600000,35.48,35.51,34.81,34.83,45553.6758
1614535200000,34.82,35.22,34.79,35.22,25466.5433
1614538800000,35.22,35.62,35.11,35.46,16756.7655
1614542400000,35.46,35.99,35.45,35.88,14531.8208
1614546000000,35.86,36.23,35.86,36.07,19293.2521
1614549600000,36.1,36.25,35.66,36.07,20298.8566
1614553200000,36.07,36.46,35.84,35.97,24043.2359
1614556800000,35.96,36.67,35.69,36.39,36322.5836
1614560400000,36.36,36.45,35.89,36.4,38963.1549
1614564000000,36.41,36.75,36.23,36.32,28793.0178
1614567600000,36.29,36.64,36.21,36.26,22208.9795
1614571200000,36.28,36.51,36,36.3,40514.3687
1614574800000,36.31,36.43,36,36.08,45013.0208
1614578400000,36.08,36.2,35.87,35.95,28959.8604
1614582000000,35.95,36.35,35.91,36.25,29767.1322
1614585600000,36.26,36.55,36.26,36.5,48585.8558
1614589200000,36.51,36.93,36.5,36.72,39591.573
1614592800000,36.72,37,36.49,36.98,34158.3084
1614596400000,36.97,37.29,36.81,36.91,44937.169
1614600000000,36.88,37.13,36.65,37.08,26717.679
1614603600000,37.08,37.34,36.88,36.97,29681.5541
1614607200000,36.96,37.19,36.74,36.98,34694.6944
1614610800000,36.98,37.61,36.98,37.59,38921.1839
1614614400000,37.63,38,36.92,37.26,72372.167
1614618000000,37.25,39.4,37.14,38.08,101403.4495
1614621600000,38.13,38.28,37.44,37.85,51052.2881
1614625200000,37.86,37.86,37.28,37.32,32632.2756
1614628800000,37.32,37.91,37.32,37.72,26451.067
1614632400000,37.71,38.42,37.62,38.41,28949.2115
1614636000000,38.43,38.43,37.96,38.21,16907.7693
1614639600000,38.21,38.74,37.94,38.57,34579.5224
1614643200000,38.57,38.69,37.63,37.71,52433.705
1614646800000,37.7,37.72,37.35,37.7,34643.762
1614650400000,37.7,38.17,37.7,37.84,35434.625
1614654000000,37.82,38.07,37.55,37.72,38055.0194
1614657600000,37.76,37.99,37.47,37.83,21531.7786
1614661200000,37.83,37.97,37.57,37.59,20551.9779
1614664800000,37.59,37.61,37.23,37.29,30713.975
1614668400000,37.29,37.61,37.24,37.4,17345.4298
1614672000000,37.4,38.99,37.38,38.56,57739.8069
1614675600000,38.57,38.87,38.22,38.43,44573.7
1614679200000,38.42,38.56,38.01,38.07,27944.9024
1614682800000,38.08,38.49,38.02,38.41,21871.0131
1614686400000,38.41,38.56,38.01,38.17,25631.4481
1614690000000,38.16,38.75,38.16,38.68,35899.493
1614693600000,38.67,38.9,38.27,38.48,46072.4258
1614697200000,38.43,38.54,38.13,38.29,27706.3302
1614700800000,38.28,39,37.51,37.56,66645.7605
1614704400000,37.57,38.17,37.48,38.01,28288.8553
1614708000000,37.98,38.32,37.72,37.89,17073.7267
1614711600000,37.87,37.96,37.53,37.64,15563.168
1614715200000,37.62,37.95,37.52,37.88,21261.2054
1614718800000,37.88,38.02,37.58,37.87,22828.1579
1614722400000,37.85,38.07,37.79,37.91,13077.5593
1614726000000,37.9,38.26,37.88,38.2,16772.0344
1614729600000,38.2,38.49,38.02,38.33,22599.1977
1614733200000,38.33,38.79,38.33,38.76,20849.7019
1614736800000,38.74,38.8,38.37,38.43,23743.8826
1614740400000,38.39,38.63,38.37,38.62,21342.2979
1614744000000,38.63,39.66,38.62,39.64,67912.6448
1614747600000,39.61,40.57,39.61,40.05,84779.9604
1614751200000,40.04,40.79,40.03,40.61,41886.1024
1614754800000,40.6,41,39.97,40.17,58159.2771
1614758400000,40.17,40.74,39.87,40.72,48151.7737
1614762000000,40.72,41.27,40.53,40.89,55853.2481
1614765600000,40.91,41.98,40.83,41.68,69403.8898
1614769200000,41.66,42,40.91,41.51,62769.4824
1614772800000,41.51,41.87,41.01,41.65,55198.3788
1614776400000,41.68,41.7,40.34,40.57,56641.2352
1614780000000,40.56,41.35,39.9,41.22,67269.1596
1614783600000,41.25,43.68,41.12,43.68,117905.4109
1614787200000,43.69,44.87,42.56,43.02,149522.1133
1614790800000,43.05,44.08,42.78,43.09,77064.0627
1614794400000,43.09,43.3,42.68,42.84,49975.6446
1614798000000,42.81,42.82,42.03,42.55,50684.028
1614801600000,42.47,42.57,41.59,41.6,43995.4492
1614805200000,41.61,42.39,41.46,42.37,36824.2057
1614808800000,42.34,42.42,41.84,41.94,28419.447
1614812400000,41.94,43.2,41.82,42.06,50470.2296
1614816000000,42.04,42.81,41.53,42.61,42923.3047
1614819600000,42.64,43.25,42.5,42.59,38147.3573
1614823200000,42.59,42.79,42.06,42.1,49992.7292
1614826800000,42.11,42.37,40.82,40.86,108669.3549
1614830400000,40.86,41.46,40.43,40.8,79991.3196
1614834000000,40.78,41.19,40.78,41.1,73856.0957
1614837600000,41.1,41.13,40.68,40.81,64608.5783
1614841200000,40.81,41.82,40.76,41.81,55962.3782
1614844800000,41.8,42.2,41.42,41.66,57235.0392
1614848400000,41.65,41.69,40.72,40.94,65354.1681
1614852000000,40.97,41.4,40.88,41.31,44908.9593
1614855600000,41.32,41.51,41.01,41.23,41380.4315
1614859200000,41.22,41.92,41.11,41.79,48943.4517
1614862800000,41.8,41.82,41.21,41.63,46146.2167
1614866400000,41.62,42.85,41.58,42.13,62410.417
1614870000000,42.12,42.33,41.62,42.1,54520.9915
1614873600000,42.09,42.11,41.21,41.41,38390.7113
1614877200000,41.4,41.57,40.6,40.8,44091.8727
1614880800000,40.79,40.92,39.86,40.07,56710.4303
1614884400000,40.07,40.63,40.06,40.4,38457.7123
1614888000000,40.43,40.45,40.01,40.22,38638.4503
1614891600000,40.3,40.54,40.1,40.26,30037.9911
1614895200000,40.24,40.94,40.2,40.79,26481.3166
1614898800000,40.79,41.05,40.5,40.77,28354.554
1614902400000,40.77,40.8,38.71,39.01,91092.4803
1614906000000,39.02,39.5,38.4,39.37,86390.6191
1614909600000,39.32,39.69,39,39.64,54763.1208
1614913200000,39.64,39.64,39.04,39.53,40859.7387
1614916800000,39.52,39.52,38.93,38.95,33442.7023
1614920400000,38.96,39.6,38.96,39.6,31077.5741
1614924000000,39.61,39.92,39.45,39.86,27859.2096
1614927600000,39.86,40.13,39.48,39.79,36691.6261
1614931200000,39.78,39.79,39.04,39.15,35665.4539
1614934800000,39.14,39.59,39.06,39.46,28775.7983
1614938400000,39.44,39.59,39.06,39.28,21953.6862
1614942000000,39.29,39.59,39.29,39.57,16753.2527
1614945600000,39.56,39.86,39.49,39.65,34729.6279
1614949200000,39.65,40.01,39.48,39.93,28737.4848
1614952800000,39.93,40.44,39.81,39.85,36821.4708
1614956400000,39.85,40.2,39.08,39.2,36512.881
1614960000000,39.21,39.32,38.45,39.12,45196.6866
1614963600000,39.1,39.89,39.07,39.84,23138.7991
1614967200000,39.84,40.2,39.62,40.06,27938.7156
1614970800000,40.07,40.26,39.82,40.12,18033.1701
1614974400000,40.1,40.23,39.94,40.18,13392.8971
1614978000000,40.22,40.66,40.19,40.52,15811.8813
1614981600000,40.51,40.64,40.23,40.48,20447.4824
1614985200000,40.48,40.57,40.28,40.43,16166.8866
1614988800000,40.45,40.8,40.3,40.59,26541.2379
1614992400000,40.61,40.68,40.28,40.66,24474.1324
1614996000000,40.69,40.87,40.53,40.7,7769.9221
1614999600000,40.7,40.71,40.28,40.4,19782.7086
1615003200000,40.43,40.54,40,40.39,33011.5033
1615006800000,40.35,40.49,40.17,40.34,13261.1436
1615010400000,40.35,40.73,40.35,40.69,19845.3285
1615014000000,40.7,40.71,40.44,40.47,19150.1732
1615017600000,40.47,40.62,40.23,40.24,19166.7074
1615021200000,40.23,40.36,39.9,40.02,23707.813
1615024800000,40.03,40.11,39.65,39.75,20578.8303
1615028400000,39.74,40.3,39.67,40.16,16878.5956
1615032000000,40.18,40.18,39.23,39.4,41217.2888
1615035600000,39.38,39.99,38.92,39.82,63591.3738
1615039200000,39.8,40.13,39.64,40.04,44546.8959
1615042800000,40.04,40.11,39.86,39.98,14865.0284
1615046400000,40,40.98,39.97,40.5,48422.8128
1615050000000,40.5,40.86,40.4,40.54,21913.4099
1615053600000,40.54,40.84,40.42,40.79,12028.7453
1615057200000,40.8,40.8,40.47,40.67,10606.6054
1615060800000,40.69,40.76,40.22,40.35,12922.7347
1615064400000,40.35,40.5,40.22,40.26,10382.6762
1615068000000,40.28,40.7,40.22,40.69,13167.0725
1615071600000,40.69,40.75,40.35,40.39,15322.905
1615075200000,40.4,40.94,40.4,40.85,21989.7483
1615078800000,40.88,40.93,40.72,40.8,33034.0129
1615082400000,40.8,41.74,40.79,41.53,56179.4763
1615086000000,41.53,41.62,41.03,41.16,23657.9478
1615089600000,41.17,41.36,41.09,41.21,16244.431
1615093200000,41.22,41.44,41.02,41.36,31755.9361
1615096800000,41.35,41.4,41.06,41.28,15802.6134
1615100400000,41.28,41.48,41.15,41.46,17151.247
1615104000000,41.44,41.65,41.05,41.08,26264.8278
1615107600000,41.1,41.76,41.09,41.74,21960.4169
1615111200000,41.73,41.77,41.31,41.35,17180.6432
1615114800000,41.35,41.44,41.16,41.4,13560.7741
1615118400000,41.39,41.41,40.94,41.18,22983.757
1615122000000,41.19,41.28,41.06,41.19,16046.0063
1615125600000,41.18,41.55,40.81,40.96,26748.9621
1615129200000,40.97,41.1,40.82,40.96,19293.25
1615132800000,40.97,41.8,40.97,41.31,35598.6487
1615136400000,41.32,41.46,41.2,41.34,11604.1379
1615140000000,41.34,41.35,40.87,40.88,15064.3324
1615143600000,40.88,40.9,40.51,40.6,21951.5912
1615147200000,40.58,40.67,40.29,40.67,20383.0902
1615150800000,40.67,40.8,40.53,40.78,17695.6614
1615154400000,40.77,41.13,40.75,41.01,7498.7852
1615158000000,41.02,41.68,40.86,41.4,28760.2838
1615161600000,41.41,41.68,41.37,41.45,32669.727
1615165200000,41.47,41.87,41.44,41.58,22455.01
1615168800000,41.56,41.59,40.96,41.16,26937.6119
1615172400000,41.15,41.33,40.99,41.27,16852.9697
1615176000000,41.29,41.37,41.06,41.31,20941.2574
1615179600000,41.32,41.61,41.29,41.48,26671.0682
1615183200000,41.48,41.57,41.16,41.17,28590.3
1615186800000,41.16,41.27,40.56,40.8,37422.0738
1615190400000,40.81,41.01,40.5,41.01,37674.415
1615194000000,41.01,41.14,40.63,40.85,28210.7749
1615197600000,40.85,41.09,40.77,40.89,19695.2525
1615201200000,40.89,40.95,40.68,40.89,34620.3105
1615204800000,40.88,41.02,40.64,40.72,20426.7721
1615208400000,40.72,41.12,40.69,41.12,18963.024
1615212000000,41.1,41.16,40.69,41.03,26725.3342
1615215600000,41.04,41.14,40.9,41.05,17612.8786
1615219200000,41.07,41.5,40.76,41.32,28582.4394
1615222800000,41.31,41.9,41.28,41.88,34090.9278
1615226400000,41.89,41.92,41.27,41.28,18545.0375
1615230000000,41.28,41.72,41.08,41.61,24846.8685
1615233600000,41.62,41.62,41.19,41.23,17302.9573
1615237200000,41.25,41.47,41.09,41.16,10449.8133
1615240800000,41.17,41.22,40.97,41.17,17848.639
1615244400000,41.19,41.6,41.17,41.53,16419.7444
1615248000000,41.53,41.58,41.18,41.27,20834.0718
1615251600000,41.26,41.62,41.22,41.55,31787.7643
1615255200000,41.55,42,41.43,41.94,39471.4568
1615258800000,41.93,42.27,41.74,42.27,40574.3045
1615262400000,42.28,42.52,41.95,41.96,33927.2449
1615266000000,41.95,42.15,41.77,41.97,30775.4037
1615269600000,41.96,42.02,41.7,41.76,28751.9424
1615273200000,41.75,41.79,41.55,41.59,31788.9653
1615276800000,41.6,41.67,41.45,41.57,35326.9405
1615280400000,41.58,41.77,41.55,41.58,28142.8748
1615284000000,41.57,42.07,41.57,41.96,31574.8816
1615287600000,41.97,42.12,41.68,41.99,30429.6345
1615291200000,41.99,41.99,41.31,41.38,35179.5542
1615294800000,41.37,41.86,41.34,41.84,23271.4784
1615298400000,41.86,41.88,41.66,41.77,23306.9487
1615302000000,41.76,42.03,41.74,42.02,37294.1548
1615305600000,42.03,42.5,41.53,41.83,42975.9801
1615309200000,41.84,41.87,41.51,41.58,21443.478
1615312800000,41.56,41.75,41.48,41.65,27448.3245
1615316400000,41.61,41.78,41.55,41.6,15898.2209
1615320000000,41.59,41.79,41.57,41.61,17206.8941
1615323600000,41.62,41.79,41.47,41.57,20753.8197
1615327200000,41.57,42.19,41.57,42.08,20943.2812
1615330800000,42.08,42.08,41.83,41.91,15826.6554
1615334400000,41.92,42.36,41.89,42.09,24921.8194
1615338000000,42.12,42.44,41.62,41.8,41772.61
1615341600000,41.8,41.8,40.85,41.29,50741.8995
1615345200000,41.3,41.58,41.13,41.35,41281.2733
1615348800000,41.34,41.49,41.2,41.38,23699.5244
1615352400000,41.35,41.41,41.18,41.36,24431.8548
1615356000000,41.36,41.48,41.31,41.43,19781.5123
1615359600000,41.44,41.77,41.42,41.67,24233.0587
1615363200000,41.67,42.1,41.49,42.02,25193.8453
1615366800000,42.03,42.07,41.75,42,27338.0469
1615370400000,42.01,42.01,41.76,41.85,32625.8471
1615374000000,41.85,41.88,41.62,41.8,16911.3761
1615377600000,41.8,41.94,41.66,41.81,18490.2408
1615381200000,41.82,42.08,41.78,42.06,28991.2033
1615384800000,42.07,42.08,41.74,41.9,28256.226
1615388400000,41.95,43.95,41.92,43.86,90452.7325
1615392000000,43.86,44.59,42.98,43.07,104701.7535
1615395600000,43.09,43.28,42.68,42.87,31591.0721
1615399200000,42.9,42.98,42.6,42.98,20893.5367
1615402800000,42.98,43.02,42.49,42.49,18176.6775
1615406400000,42.5,42.79,42.35,42.47,27169.5536
1615410000000,42.46,42.97,42.27,42.89,26655.5727
1615413600000,42.88,43.28,42.84,43.11,18107.5382
1615417200000,43.12,43.3,42.25,42.47,61137.0371
1615420800000,42.51,42.71,42,42.12,45062.3702
1615424400000,42.11,42.68,41.93,42.61,46194.7452
1615428000000,42.58,43.11,42.49,43.06,39619.8661
1615431600000,43.06,43.15,42.63,42.86,23837.7982
1615435200000,42.86,42.95,42.5,42.59,23053.6721
1615438800000,42.58,42.78,42.34,42.47,32908.3293
1615442400000,42.45,42.8,42.35,42.67,12767.8895
1615446000000,42.68,42.74,42.16,42.17,21940.5868
1615449600000,42.19,42.29,41.67,42.25,79300.5292
1615453200000,42.23,42.24,41.73,41.8,19377.7578
1615456800000,41.73,42.11,41.65,42.07,28364.4063
1615460400000,42.06,42.22,41.9,42.21,24933.3009
1615464000000,42.21,42.26,41.97,42.04,35849.1213
1615467600000,42.03,42.82,42.02,42.63,53191.5995
1615471200000,42.64,42.77,42.03,42.32,39704.0959
1615474800000,42.32,42.39,41.88,41.95,45717.4181
1615478400000,41.97,42.24,41.75,42.06,37922.0599
1615482000000,42.03,42.11,41.79,41.98,18438.0256
1615485600000,41.98,42.39,41.96,42.36,23110.0204
1615489200000,42.35,42.37,41.87,41.94,19798.0958
1615492800000,41.94,42.21,41.7,41.83,32895.6426
1615496400000,41.85,41.99,41.76,41.77,18285.3761
1615500000000,41.77,42.03,41.77,42.01,9720.5018
1615503600000,42.02,42.29,42.02,42.22,13289.3434
1615507200000,42.24,42.46,42.02,42.19,27356.1271
1615510800000,42.2,42.38,42.08,42.18,27172.0014
1615514400000,42.18,42.19,41.93,42.08,24835.0188
1615518000000,42.07,42.22,41.96,42.16,19416.2127
1615521600000,42.17,42.4,42.06,42.26,23591.447
1615525200000,42.25,42.69,42.24,42.54,34812.8943
1615528800000,42.54,42.66,42.36,42.37,19988.3777
1615532400000,42.38,42.39,42.12,42.31,17260.0945
1615536000000,42.28,42.56,42.28,42.48,20512.4706
1615539600000,42.48,43.2,42.3,43.07,88752.7438
1615543200000,43.07,43.77,42.3,43.74,90730.98
1615546800000,43.74,44,43.37,43.75,69397.9332
1615550400000,43.73,43.9,43.17,43.19,37784.7915
1615554000000,43.17,43.17,42.2,42.89,104056.8362
1615557600000,42.83,43,42.55,42.99,33667.1407
1615561200000,43,43.65,42.84,43.48,40245.6266
1615564800000,43.48,43.86,43.4,43.7,72631.4523
1615568400000,43.7,45,43.7,44.33,90932.8244
1615572000000,44.36,45.07,44.16,44.85,42360.9202
1615575600000,44.85,44.94,43.75,43.92,34612.4599
1615579200000,43.91,44.18,43.2,43.77,31550.302
1615582800000,43.78,44.06,43.53,43.99,21747.1515
1615586400000,44,44.63,43.99,44.54,30091.926
1615590000000,44.56,44.84,43.8,44.06,35179.7728
1615593600000,44.07,44.38,43.55,44.01,34021.4888
1615597200000,44.02,44.12,43.64,43.86,30106.538
1615600800000,43.88,44.07,43.5,43.95,36686.3752
1615604400000,43.94,44.65,43.81,44.48,39375.8417
1615608000000,44.49,44.8,43.98,44.8,42327.4645
1615611600000,44.76,46.57,44.39,45.68,114679.4372
1615615200000,45.72,47.28,45.45,47.04,97402.0528
1615618800000,47.03,48.13,46.58,47.3,149459.4547
1615622400000,47.31,47.68,46.43,46.93,78314.6222
1615626000000,46.92,48.49,46.85,47.53,73377.2989
1615629600000,47.54,48.5,46.82,47.08,100987.0739
1615633200000,47.1,47.83,47,47.26,56611.8826
1615636800000,47.3,48.09,47.2,47.71,62232.9168
1615640400000,47.7,47.79,47.04,47.55,38514.2472
1615644000000,47.51,48.85,47.34,48.38,73823.0256
1615647600000,48.37,50,48.18,50,86196.0307
1615651200000,50,52.05,49.94,51.55,146762.5583
1615654800000,51.52,51.53,50.55,50.79,53508.4261
1615658400000,50.78,51.18,50.53,50.85,28516.378
1615662000000,50.88,51.59,50.67,50.96,39295.403
1615665600000,50.96,51.3,50.5,50.51,29268.3677
1615669200000,50.5,50.6,49.13,49.22,45177.1509
1615672800000,49.2,49.51,48.68,49.29,30438.8916
1615676400000,49.28,50.29,49.23,49.41,50518.4644
1615680000000,49.4,51.74,49.39,51.61,64242.9034
1615683600000,51.58,54.8,50.71,54.03,141275.3426
1615687200000,54.04,57.83,53.45,57.3,157746.9991
1615690800000,57.3,57.43,55.12,55.83,125031.6503
1615694400000,55.82,55.88,54.63,54.68,83751.5836
1615698000000,54.68,55.06,53.88,54.95,81979.2077
1615701600000,54.95,55.97,54.33,55.84,79576.9936
1615705200000,55.87,56.5,54.43,54.63,70347.705
1615708800000,54.62,55.52,54.62,55.26,47201.0668
1615712400000,55.22,56.3,55.07,55.53,67053.0713
1615716000000,55.53,56.19,52.44,53.21,101628.1685
1615719600000,53.17,54.24,52.01,54.1,128762.4615
1615723200000,54.1,55.03,53.53,54.02,78985.1875
1615726800000,54.06,54.16,52.36,52.77,81573.7302
1615730400000,52.77,54.29,52.75,53.42,70257.512
1615734000000,53.43,53.91,52.69,53.77,62665.4374
1615737600000,53.72,55.92,53.14,54.67,126265.5104
1615741200000,54.74,55.8,54.59,55.35,67767.9604
1615744800000,55.35,56.77,55.35,56.68,64081.5516
1615748400000,56.66,57.14,55.54,55.89,76202.5211
1615752000000,55.91,56.41,55.14,55.97,52332.015
1615755600000,55.95,56.15,54.97,55.58,30494.6535
1615759200000,55.58,56.62,54.66,56.62,35977.0964
1615762800000,56.6,56.8,53.5,53.82,83705.9731
1615766400000,53.8,55.49,53.64,54.55,84376.4949
1615770000000,54.6,55.42,54.45,55.03,61780.3619
1615773600000,55.05,56.35,54.99,55.6,58335.8899
1615777200000,55.61,56.05,54.9,55.04,53174.1938
1615780800000,55.05,55.6,54.71,55.02,52013.8887
1615784400000,55.04,55.4,54.3,54.33,56663.2748
1615788000000,54.31,54.82,53,53.97,145934.5181
1615791600000,53.98,54.12,52,52.86,122213.4598
1615795200000,52.83,54.25,52.41,53.63,104704.2262
1615798800000,53.6,54.42,52.34,52.93,178929.6091
1615802400000,52.89,53.5,52.04,53.48,82448.3101
1615806000000,53.51,53.53,52.81,53.1,59360.3324
1615809600000,53.11,54.36,52.37,54.35,77350.2489
1615813200000,54.35,55.55,54.01,54.69,92026.9736
1615816800000,54.68,54.96,53.67,53.7,65080.5389
1615820400000,53.67,54.85,53.67,54.68,63948.3599
1615824000000,54.67,55.85,53.63,53.91,90530.7218
1615827600000,53.93,54.04,52.6,53.38,55479.2088
1615831200000,53.37,53.54,52.92,53.28,30393.2801
1615834800000,53.28,53.72,53.19,53.5,26360.017
1615838400000,53.49,53.84,53.13,53.23,28684.0017
1615842000000,53.25,54.16,53.09,53.94,20667.3204
1615845600000,53.94,54.12,53.14,53.5,37212.9873
1615849200000,53.52,54.1,53.17,53.32,38858.7155
1615852800000,53.31,53.91,50.9,52.02,101195.1272
1615856400000,52,52.92,50.71,52.54,113798.1335
1615860000000,52.53,52.9,52.17,52.9,46939.6098
1615863600000,52.9,53,52.16,52.35,39198.0563
1615867200000,52.31,52.97,52.17,52.8,35616.3954
1615870800000,52.81,53.29,52.47,52.92,31531.5443
1615874400000,52.93,54.16,52.54,53.8,58706.8176
1615878000000,53.77,54.12,53.41,53.76,40666.1692
1615881600000,53.78,55.2,53.63,54.69,59494.878
1615885200000,54.73,54.98,54.23,54.46,39231.8798
1615888800000,54.47,54.96,53.66,53.84,77761.6502
1615892400000,53.83,53.92,53.3,53.58,34841.5159
1615896000000,53.58,54.12,53.52,53.97,30212.0351
1615899600000,53.96,54.81,53.9,54.29,37852.9309
1615903200000,54.29,54.87,54.21,54.66,44264.1162
1615906800000,54.67,59.68,54.67,59.59,203282.8275
1615910400000,59.63,62.51,59.19,60.07,204481.5256
1615914000000,60.13,60.96,58.15,59.43,86134.8361
1615917600000,59.47,60.2,59.19,59.36,39245.6388
1615921200000,59.35,59.84,59.06,59.39,49007.488
1615924800000,59.37,61.55,59.37,60.17,67498.845
1615928400000,60.13,60.34,59.73,59.94,37157.3706
1615932000000,59.95,62.95,59.95,62.59,70190.5509
1615935600000,62.58,63.96,61.47,63.55,87555.5379
1615939200000,63.6,65.78,62.95,64.22,140443.7349
1615942800000,64.22,64.23,62.5,63.32,99302.7674
1615946400000,63.32,68.59,63.27,67.66,179704.0301
1615950000000,67.6,71.34,67.59,68.51,226612.8994
1615953600000,68.5,70,67.06,68.34,122441.856
1615957200000,68.37,69.49,66.71,68.95,135614.2471
1615960800000,68.94,69.94,68.08,69.29,81477.3229
1615964400000,69.28,70.99,68.5,70.84,110576.0686
1615968000000,70.83,71,68.53,68.94,96088.1403
1615971600000,68.89,68.98,66.24,67.91,132855.1328
1615975200000,67.86,69.18,67.67,69.15,102126.147
1615978800000,69.18,69.89,68.41,68.9,89354.7111
1615982400000,68.92,69.1,67.22,68.24,101386.1337
1615986000000,68.23,74.9,68.23,72.97,239609.4196
1615989600000,72.97,73.79,71.56,72.96,128378.9669
1615993200000,72.95,77.5,72.02,76.16,226113.8138
1615996800000,76.11,83.37,75.46,79.4,367920.1512
1616000400000,79.43,81.27,78.67,81.13,164281.1329
1616004000000,81.16,82.43,79.9,79.93,108823.7011
1616007600000,79.95,80.16,78.01,78.98,113210.0843
1616011200000,79,81.66,78.79,81.03,85741.7601
1616014800000,81.01,86.25,80.23,86.16,111207.5387
1616018400000,86.15,90.91,85.36,90.18,207432.9583
1616022000000,90.1,97.2,88.32,88.42,369363.3581
1616025600000,88.44,89.8,82.29,84.27,331305.7294
1616029200000,84.32,87.56,83.9,85.16,223301.5251
1616032800000,85.21,86.86,82.58,83.21,171999.6568
1616036400000,83.18,85.6,81.5,84,193534.2557
1616040000000,84.03,86.9,83.27,86.87,154361.3069
1616043600000,86.86,89.32,85.49,87.15,132010.5145
1616047200000,87.15,87.79,85.29,86.34,121208.1781
1616050800000,86.37,87.57,83,84.17,146396.1909
1616054400000,84.07,85.15,83.45,83.84,121332.2689
1616058000000,83.78,86.42,83.77,86.02,111124.7575
1616061600000,86.03,86.03,84.27,85.508,100698.0136
1616065200000,85.45,87.29,84.5,84.5,115286.5604
1616068800000,84.5,85.48,83.11,84.995,96236.4035
1616072400000,84.983,85.67,83.68,84.248,69966.1643
1616076000000,84.294,84.47,78.29,80.479,188784.8288
1616079600000,80.467,82.399,77.6,78.68,177453.8926
1616083200000,78.75,79.66,74.09,78.361,302511.7145
1616086800000,78.36,79.493,76.15,77.479,120191.2408
1616090400000,77.51,78.799,75.12,75.12,100272.4981
1616094000000,75.12,77.31,74.918,76.015,66935.9248
1616097600000,76.045,77.43,75.539,76.684,44691.426
1616101200000,76.706,77.106,74.79,74.8,45881.3192
1616104800000,74.801,78.496,74.111,75.773,137702.8167
1616108400000,75.84,79.879,75.84,79.592,93524.1321
1616112000000,79.573,82,76.5,78.615,200351.3924
1616115600000,78.6,79.61,77.88,78.147,64740.9739
1616119200000,78.17,80,78.158,78.75,63763.2724
1616122800000,78.76,79.283,76.82,76.985,89143.0558
1616126400000,76.979,78.317,75.74,77.481,117400.447
1616130000000,77.506,78.17,76.595,77.917,57641.5857
1616133600000,77.917,79.68,77.42,79.279,74585.1819
1616137200000,79.277,79.773,78.093,78.31,71741.3148
1616140800000,78.369,79.267,77.85,79.237,67293.7092
1616144400000,79.213,83.505,79.074,83.27,127295.4765
1616148000000,83.279,83.45,81.15,82.686,108586.6382
1616151600000,82.693,85.06,82.081,84.393,103048.7434
1616155200000,84.463,86,83.12,83.558,123824.3774
1616158800000,83.544,84.13,81.09,82.274,105489.804
1616162400000,82.28,83.412,81.684,81.946,82967.6866
1616166000000,81.972,83.776,81.96,83.201,68060.3984
1616169600000,83.186,85.46,82.54,83.916,110659.6779
1616173200000,83.92,84.09,81.94,81.956,55310.1089
1616176800000,81.923,83.032,81.536,82.072,64789.1984
1616180400000,82.089,82.504,81.42,81.688,42658.0198
1616184000000,81.696,83.7,81.31,81.629,50799.2249
1616187600000,81.678,82.72,81.64,81.863,28679.937
1616191200000,81.84,84.07,81.8,83.684,52672.9806
1616194800000,83.62,83.888,82.42,83.009,56253.8532
1616198400000,83.035,84.95,83.02,84.189,83029.7601
1616202000000,84.173,84.173,82.92,83.006,73567.6933
1616205600000,83.006,83.999,82.731,83.5,53150.5428
1616209200000,83.486,83.556,83,83.103,40684.5254
1616212800000,83.093,83.62,81.806,81.981,58820.8517
1616216400000,81.99,82.686,81.96,82.056,30921.5333
1616220000000,82.046,83.298,81.929,82.688,39697.3034
1616223600000,82.68,83.91,82.143,82.846,50988.066
1616227200000,82.851,83.077,82.52,82.904,40475.9382
1616230800000,82.904,83.064,82.3,82.553,61425.2457
1616234400000,82.543,82.799,82.36,82.479,26038.9394
1616238000000,82.473,82.589,81.81,82.039,42010.6912
1616241600000,82.054,82.37,81.431,81.697,58855.4139
1616245200000,81.664,83.333,81.637,82.537,44360.4923
1616248800000,82.537,85,82.525,84.995,85203.2506
1616252400000,84.997,85.188,83.98,84.72,101543.8526
1616256000000,84.737,85.986,82.76,83.092,88618.5037
1616259600000,83.091,83.4,82.201,82.521,32864.3998
1616263200000,82.506,83.25,82.32,82.553,20336.3239
1616266800000,82.599,82.849,82.053,82.47,20500.7635
1616270400000,82.468,83.54,82.024,83.398,28294.1402
1616274000000,83.404,83.404,82.14,82.595,25663.4573
1616277600000,82.599,82.91,82.064,82.309,24337.454
1616281200000,82.3,83.167,82,82.067,26715.3251
1616284800000,82.07,83.333,81.723,82.579,44029.8643
1616288400000,82.581,83.177,82.341,83.163,32040.9274
1616292000000,83.17,83.17,80.77,80.948,92642.6898
1616295600000,80.878,82.313,80.792,82.167,51607.362
1616299200000,82.14,82.198,80.257,80.48,41895.1263
1616302800000,80.497,81.127,80.333,81.007,43273.6598
1616306400000,80.981,81.631,80.52,81.521,26985.4812
1616310000000,81.511,82.45,81.37,82.21,33556.0398
1616313600000,82.223,83.058,82.001,82.229,45456.9776
1616317200000,82.329,83.2,81.5,81.797,68446.9348
1616320800000,81.65,82.28,81.51,81.903,36788.9497
1616324400000,81.856,82.01,81,81.459,39909.8399
1616328000000,81.439,81.504,80.58,81.433,47153.8522
1616331600000,81.434,83.1,81.434,82.517,63336.3122
1616335200000,82.522,82.673,81.86,82.299,31434.7123
1616338800000,82.292,82.491,81.399,81.526,43074.1901
1616342400000,81.528,81.6,80.704,81.261,49422.0681
1616346000000,81.298,81.393,80.506,80.98,26551.1424
1616349600000,81.001,81.233,80.699,80.699,19636.8193
1616353200000,80.78,81.499,80.6,80.993,31337.4744
1616356800000,81.049,81.15,80.56,80.886,15132.6105
1616360400000,80.896,81.47,80.73,81.3,4218.0139
1616364000000,81.34,81.79,81.25,81.37,7354.039
1616367600000,81.347,81.347,80.56,80.623,10319.5174
1616371200000,80.63,80.65,76.688,77.46,148205.5661
1616374800000,77.464,78.967,77.204,78.849,66565.5839
1616378400000,78.833,79.585,78.24,79.24,66163.0894
1616382000000,79.249,79.688,79.009,79.453,62179.3495
1616385600000,79.464,79.576,78.624,79.142,46754.8303
1616389200000,79.167,80.637,78.966,80.185,56041.696
1616392800000,80.147,80.45,79.938,80.301,27185.0128
1616396400000,80.301,80.301,79.55,79.622,23011.1444
1616400000000,79.602,80,79.015,79.06,41812.1527
1616403600000,79.032,79.934,78.828,79.825,31385.1375
1616407200000,79.793,81.5,79.632,80.26,72037.8369
1616410800000,80.23,80.721,79.89,80,27393.3974
1616414400000,79.988,80.13,79.13,79.72,37232.7376
1616418000000,79.689,79.711,78.51,79.182,49034.5661
1616421600000,79.151,79.569,78.885,79.168,30647.2503
1616425200000,79.18,79.588,79,79.187,28912.8874
1616428800000,79.171,79.171,77.494,78.386,80767.8783
1616432400000,78.387,78.387,77.907,78.15,17943.6146
1616436000000,78.152,78.19,77,77.349,36253.734
1616439600000,77.288,78.4,76.87,77.602,37180.2473
1616443200000,77.51,77.82,75.8,76.935,42686.6122
1616446800000,76.936,77.28,75.885,76.028,29141.9163
1616450400000,75.961,76.75,75.231,76.133,47784.1534
1616454000000,76.13,77.3,76.103,76.269,43746.1322
1616457600000,76.302,77.68,75.972,77.397,51528.1638
1616461200000,77.396,77.396,76.699,76.804,36472.3679
1616464800000,76.827,77.7,76.203,76.466,61331.6696
1616468400000,76.472,76.6,76,76.068,43584.0669
1616472000000,76.101,76.669,76,76.635,38951.4151
1616475600000,76.647,76.78,75.402,75.534,56962.2428
1616479200000,75.534,75.79,73.4,74.004,91191.7322
1616482800000,74.014,75.58,73.999,75.363,52331.8523
1616486400000,75.386,75.53,74.796,74.821,38031.373
1616490000000,74.823,74.83,73.879,74.447,66010.0414
1616493600000,74.43,74.71,74.16,74.509,37014.2303
1616497200000,74.515,74.927,73.946,74.013,27877.1135
1616500800000,73.998,78.77,73.998,77.938,151023.1269
1616504400000,77.938,80.956,77.938,79.81,121741.7415
1616508000000,79.756,80.664,78.201,79.743,75187.2635
1616511600000,79.797,84.122,79.715,83.791,170134.0332
1616515200000,83.8,85.473,82.539,83.074,135100.3373
1616518800000,83.09,83.77,82.01,82.414,48926.179
1616522400000,82.404,84.35,81.923,82.226,60304.2322
1616526000000,82.178,83.739,82.139,83.34,50068.7653
1616529600000,83.336,84.165,80.816,80.973,54101.6847
1616533200000,80.903,81.99,80.33,81.85,39720.7601
1616536800000,81.843,83.926,81.749,82.239,50580.9764
1616540400000,82.247,83.846,82.105,82.525,57604.3562
1616544000000,82.54,83.336,79.85,80.502,79769.9017
1616547600000,80.463,81.344,79.22,80.99,62518.9607
1616551200000,80.973,81.613,80.667,81.255,36203.0562
1616554800000,81.236,82.777,80.695,81.978,57611.169
1616558400000,81.981,83.353,81.71,82.172,69409.4988
1616562000000,82.069,82.961,81.316,82.3,42272.027
1616565600000,82.318,82.958,81.41,82.263,47746.6684
1616569200000,82.245,83.23,82.245,82.838,47699.7532
1616572800000,82.856,82.992,82,82.429,68792.1421
1616576400000,82.46,85.1,82.431,83.679,101496.413
1616580000000,83.65,86.22,83.628,86.047,102465.2522
1616583600000,86.088,90,86.088,88.908,174137.9294
1616587200000,88.908,93.9,88.387,91.72,195299.23
1616590800000,91.774,92.47,88.245,89.205,126258.9781
1616594400000,89.128,91.2,88.277,90.092,94026.4374
1616598000000,90.09,92.82,89.7,92.739,79347.0479
1616601600000,92.777,94.838,90.212,90.814,124853.6663
1616605200000,90.9,91.878,90.3,90.604,49639.2841
1616608800000,90.61,91.6,88.88,88.93,34015.8786
1616612400000,89.07,89.705,87.66,88.708,56811.486
1616616000000,88.724,90.6,85.68,90.294,93247.278
1616619600000,90.287,90.409,86.507,87.605,52897.6645
1616623200000,87.62,87.62,84.522,86.611,113865.4782
1616626800000,86.6,88.63,85.848,85.954,87530.0518
1616630400000,85.956,90,84.915,89.68,130870.3366
1616634000000,89.66,89.85,85.787,86.185,104120.9951
1616637600000,86.146,88.18,85.24,87.667,103562.2786
1616641200000,87.703,89.105,86.88,87.637,63565.2128
1616644800000,87.64,88.4,86.371,86.764,89604.6902
1616648400000,86.764,88.457,86.501,88.362,58341.4303
1616652000000,88.4,89.686,88.043,88.661,61883.2084
1616655600000,88.702,89.599,87.369,87.801,54238.3132
1616659200000,87.84,91.636,87.19,91.138,83258.7773
1616662800000,91.151,95,90.58,93.6,172134.9193
1616666400000,93.573,96,92.35,94.413,146101.0775
1616670000000,94.431,95.591,91.31,91.42,127359.7141
1616673600000,91.491,92.8,88.365,92.029,213603.8767
1616677200000,92.06,93.617,90.49,92.433,162133.2729
1616680800000,92.5,93.39,89.739,90.759,109340.8358
1616684400000,90.75,91.9,89.37,89.886,86543.2387
1616688000000,89.892,91.436,87,88.935,148129.5934
1616691600000,89.024,90.716,88.662,89.354,50702.7237
1616695200000,89.335,89.445,88.28,88.477,50098.5653
1616698800000,88.472,89.777,88.432,89.439,34942.6805
1616702400000,89.437,90.896,89.249,89.919,37319.8321
1616706000000,89.941,92,89.844,91.694,28728.1731
1616709600000,91.8,92.84,90.033,90.396,47110.9303
1616713200000,90.32,91.4,89.893,90.928,42976.5458
1616716800000,90.936,94.45,90.925,93.101,108224.6092
1616720400000,93.067,94.322,92.236,94.289,46301.04
1616724000000,94.288,94.329,92.5,93.452,52692.2231
1616727600000,93.5,94.61,93.5,93.804,68755.9477
1616731200000,93.769,93.989,93.06,93.838,54902.9633
1616734800000,93.849,93.968,92.5,93.19,41920.5532
1616738400000,93.064,93.601,92.857,93.214,15159.3134
1616742000000,93.188,93.82,92.5,93.653,47833.6563
1616745600000,93.646,96.985,92.73,95.975,111949.6749
1616749200000,95.972,97.086,95,95.976,82845.2242
1616752800000,95.971,99,95.57,99,104050.8669
1616756400000,98.966,102.119,98.07,99.93,184625.0274
1616760000000,99.868,103.32,99.48,101.694,120005.481
1616763600000,101.67,102.14,100,101.592,41483.1025
1616767200000,101.626,107,101.082,106.959,116416.998
1616770800000,106.914,110.19,105.284,109.841,188285.2125
1616774400000,109.85,121,107.788,117.08,405636.8639
1616778000000,117,117.917,113.56,116.82,157828.0109
1616781600000,117,117.5,113.995,114.541,86718.1557
1616785200000,114.549,117.088,114.409,116.4,68847.2581
1616788800000,116.383,116.652,111.741,112.145,105848.2891
1616792400000,112.145,116.494,110.4,115.5,90949.6246
1616796000000,115.6,118.91,114.342,117.397,89743.4486
1616799600000,117.3,129,116.912,124.67,213781.4028
1616803200000,124.532,126.248,121.515,123.116,189682.2859
1616806800000,123.3,128.509,122.007,128.091,120861.9638
1616810400000,127.974,137.706,126.4,134.4,217211.708
1616814000000,134.529,136.468,132.49,132.929,157224.5826
1616817600000,132.745,133.132,125.673,127.137,256505.177
1616821200000,127.109,131.67,126.09,129.34,138209.6873
1616824800000,129.47,131.305,127.324,128.199,100671.8674
1616828400000,128.199,130.242,127.04,128.165,102998.904
1616832000000,128.146,131.5,127.779,129.673,119940.1635
1616835600000,129.64,135,129.108,134.287,134445.9396
1616839200000,134.302,134.307,130,130.875,100081.5242
1616842800000,130.932,130.932,126.06,126.857,162857.5901
1616846400000,126.884,126.884,119.72,123.004,250411.8603
1616850000000,123.001,128.49,122.3,127.194,146284.6575
1616853600000,127.22,127.426,124.495,125.681,80312.565
1616857200000,125.741,131.453,125.245,130.419,147875.408
1616860800000,130.417,139.687,128.67,136.83,254133.0035
1616864400000,136.94,137.2,134,134.556,106662.4896
1616868000000,134.56,137.062,131.135,135.428,108031.7931
1616871600000,135.398,136.783,133.265,133.841,48280.2668
1616875200000,133.92,137.081,133.92,136.668,45169.614
1616878800000,136.586,138.749,135.644,137.26,48737.4096
1616882400000,137.211,139.136,134.248,135.707,69871.1731
1616886000000,135.754,136,131.57,132.416,85108.8419
1616889600000,132.416,132.695,126.6,131.74,165814.3945
1616893200000,131.764,131.78,127.7,130.299,83198.3312
1616896800000,130.2,130.612,127.7,128.056,67693.839
1616900400000,128.021,128.9,124.45,126.602,119416.7643
1616904000000,126.635,129.9,126.605,128.541,95579.2002
1616907600000,128.519,128.635,125.536,127.111,78129.7538
1616911200000,127.002,129.8,126.83,128.728,57237.8243
1616914800000,128.712,133.772,128.66,131.34,113506.3467
1616918400000,131.322,132.24,130.03,131.424,53614.2705
1616922000000,131.469,132.12,128.425,128.531,55500.5065
1616925600000,128.528,130.069,127.73,129.379,65177.2122
1616929200000,129.285,130.213,127.4,128.088,52729.7115
1616932800000,128.075,128.799,125.66,127.4,87874.52
1616936400000,127.391,129.68,127.29,127.877,46480.2411
1616940000000,127.879,128.349,126.637,127.078,46715.5209
1616943600000,127.081,127.85,124.3,124.72,93597.0107
1616947200000,124.695,126.2,121,123.431,130522.8011
1616950800000,123.364,125.2,122.23,124.65,61661.4838
1616954400000,124.67,125,121.816,122.062,42656.4021
1616958000000,122.063,122.669,121.145,122.542,42428.071
1616961600000,122.515,122.541,120.831,121.49,47535.0438
1616965200000,121.507,127.13,121.507,126.047,78263.8339
1616968800000,126.068,128,125.739,126.783,52022.5488
1616972400000,126.798,127.759,124.786,125.247,53711.8056
1616976000000,125.277,126.431,123.55,125.98,75555.6674
1616979600000,125.974,125.98,124.161,125.2,51369.7268
1616983200000,125.168,127.331,125.146,126.064,62774.5772
1616986800000,126,127.515,125.769,126.589,58867.3376
1616990400000,126.587,130.345,126.351,128.812,109746.1517
1616994000000,128.9,129.372,127.348,128.234,54122.2528
1616997600000,128.233,129.582,128.01,129.119,39066.5548
1617001200000,129.116,129.246,126.879,127.7,75086.8243
1617004800000,127.696,129.807,127.317,128.711,55428.8491
1617008400000,128.747,129.68,126.4,127.7,81218.5677
1617012000000,127.7,128.52,127.2,127.477,52004.5451
1617015600000,127.485,128.5,126.866,128.205,49550.6136
1617019200000,128.191,128.821,127.59,127.719,36868.6264
1617022800000,127.735,128.131,127.11,127.21,47642.2782
1617026400000,127.21,127.657,126.42,126.613,58910.7121
1617030000000,126.601,127.393,125.11,125.989,82276.1441
1617033600000,125.981,127.96,125.98,126.579,66401.6608
1617037200000,126.5,127.3,125.428,125.858,53086.8883
1617040800000,125.846,126.468,125,125.096,36613.2889
1617044400000,125.131,126.331,124.98,125.517,34605.8335
1617048000000,125.568,126.67,125.2,125.803,26748.7068
1617051600000,125.779,126.389,125.6,126.141,19339.9943
1617055200000,126.129,128.278,126.031,127.841,37858.5192
1617058800000,127.86,128.5,126.74,127.357,24328.0392
1617062400000,127.36,127.444,126.444,127.056,27157.7409
1617066000000,127.048,127.666,125.68,126.242,31383.2045
1617069600000,126.226,127.1,126.091,126.773,34184.2539
1617073200000,126.769,126.948,125.11,125.347,75632.4085
1617076800000,125.299,125.859,124.66,125.384,67245.0263
1617080400000,125.358,125.761,125,125.399,22136.2045
1617084000000,125.363,125.58,124.8,125.394,30862.2593
1617087600000,125.406,127.2,125.389,126.397,51102.196
1617091200000,126.443,126.985,125.03,125.221,67373.375
1617094800000,125.19,126.145,125.136,125.851,67806.0634
1617098400000,125.847,126,124.8,125.618,77162.915
1617102000000,125.621,126.12,125,125.351,32973.0787
1617105600000,125.35,126.13,125.182,125.619,35798.4665
1617109200000,125.652,133,125.239,131.999,118424.4267
1617112800000,131.94,136.69,130.67,134.091,186306.4018
1617116400000,134.098,146.793,133.9,145.31,263523.1387
1617120000000,145.425,153.5,143.6,147.061,290998.8879
1617123600000,146.986,149.134,142.784,144.22,119546.0218
1617127200000,144.28,148.341,143.178,146.127,86814.4511
1617130800000,146.116,148.883,145.609,148.068,75012.2354
1617134400000,148.068,148.106,145.478,146.83,61715.6319
1617138000000,146.839,147.522,145.61,146.469,29764.7114
1617141600000,146.453,151.85,146.39,150.33,83006.1524
1617145200000,150.251,150.885,148.252,149.71,67291.7798
1617148800000,149.653,159,149.653,156.332,160328.6547
1617152400000,156.23,158.38,153.778,156.199,92652.8962
1617156000000,156.099,156.754,150.656,152.8,109267.4355
1617159600000,152.762,154.041,150.08,151.2,110112.7625
1617163200000,151.278,155.861,150.37,155.403,97087.9838
1617166800000,155.314,157.044,153.2,156.22,68805.9709
1617170400000,156.242,157.4,154.5,154.76,71384.0276
1617174000000,154.761,157.486,151,152.3,86881.9541
1617177600000,152.301,154,145,153.316,192784.3672
1617181200000,153.253,154.946,151.547,152.395,93655.7512
1617184800000,152.395,153.357,150,153.165,95408.2559
1617188400000,153.138,155.5,152.155,154.227,101784.0635
1617192000000,154.141,167,153.751,166.412,209142.9756
1617195600000,166.5,169.84,165.011,167.83,171612.9528
1617199200000,167.861,174.62,166.47,173.788,162339.3356
1617202800000,173.984,185.811,172.269,185.451,235948.4803
1617206400000,185.393,197.3,175.565,192.457,384222.8725
1617210000000,192.457,192.8,180.97,184.06,222460.1716
1617213600000,184.159,185.842,177.443,183.787,136556.3371
1617217200000,183.821,184.471,179.69,182.322,74403.3797
1617220800000,182.375,193.812,181.367,187.131,131476.0305
1617224400000,187.1,189.795,183,188.332,78434.8183
1617228000000,188.326,195.775,188.326,192.499,135036.8578
1617231600000,192.485,193.306,188,190.85,94606.1805
1617235200000,190.806,193.5,181.153,184.48,142291.4079
1617238800000,184.56,190.3,182.306,189.068,92959.0759
1617242400000,188.92,193.16,187.9,190.946,95095.432
1617246000000,190.98,199.199,188.75,198.02,153959.1424
1617249600000,197.904,198.415,192.706,195.995,124495.4923
1617253200000,196.054,216.486,194.331,216.148,219122.5491
1617256800000,215.999,222.8,211.637,218.689,265523.2762
1617260400000,218.656,219.499,206.306,209.463,239609.6281
1617264000000,209.4,215.66,207.5,214.086,177121.8058
1617267600000,214.107,218.44,213.35,217.69,108061.2417
1617271200000,217.77,218.828,210.823,212.75,121444.8407
1617274800000,212.734,218.24,211.76,216.469,112269.6881
1617278400000,216.469,233.757,215.5,230.928,229836.3328
1617282000000,230.86,237.819,223.666,229.61,264627.1013
1617285600000,229.615,235.39,225.51,228.42,215596.0586
1617289200000,228.418,234.31,227.304,230.48,154312.2386
1617292800000,230.281,235.752,228,232.674,143959.2628
1617296400000,232.81,236.279,181,191.41,402057.6996
1617300000000,191.099,204.914,187.111,204.899,303562.0781
1617303600000,204.724,208.3,196.593,199.808,199735.3817
1617307200000,199.621,200.31,185.49,194.101,215796.8718
1617310800000,194.011,201.577,189.241,201.16,115493.4507
1617314400000,201.45,202,191.744,194.73,127149.5267
1617318000000,194.722,194.722,181.854,185.596,219926.0023
1617321600000,185.579,193.968,181.81,192.667,193017.0622
1617325200000,192.686,197.6,188.5,192.552,150013.6956
1617328800000,192.644,195,189.001,191.344,158418.6055
1617332400000,191.344,193.91,188,193.17,102478.7783
1617336000000,193.333,195.42,191,191.736,76629.6055
1617339600000,191.808,192.969,190.72,192.189,48512.2602
1617343200000,192.289,205.99,192.2,200.75,188107.1113
1617346800000,200.787,202.6,196.4,200.287,107097.4105
1617350400000,200.363,203.345,199.5,202.073,73426.4468
1617354000000,202.142,204.666,200.909,203.421,96198.3983
1617357600000,203.418,203.5,193.6,197,105614.4788
1617361200000,197.056,199.538,196.205,198.31,69416.0048
1617364800000,198.302,198.808,190.112,192.125,107315.9287
1617368400000,192.161,195,190.563,193.21,80985.4424
1617372000000,193.193,194.915,189.62,192.331,87030.5462
1617375600000,192.458,193.074,181,183.21,197219.5673
1617379200000,183.209,189.464,165,169.04,337616.2456
1617382800000,168.966,172.5,165,170.89,225266.9247
1617386400000,170.813,173.17,166.7,168.06,123094.0612
1617390000000,168.073,171.382,160.72,168.849,149167.0422
1617393600000,168.829,170,164.824,166.851,95689.6837
1617397200000,166.934,168.205,162.558,167.367,73564.669
1617400800000,167.403,177.397,166.698,177.213,141678.6146
1617404400000,177.312,180.662,170.083,171.864,152720.4895
1617408000000,171.81,177.488,170.5,170.906,120499.5839
1617411600000,170.9,172.72,165,167.841,117860.6336
1617415200000,167.936,169.38,166,167.5,70232.8448
1617418800000,167.508,172.62,164,171.23,112281.6575
1617422400000,171.234,174.321,169.206,171.589,129122.6743
1617426000000,171.563,174.31,171.059,172.498,64798.498
1617429600000,172.54,173.979,172,173.028,61666.4695
1617433200000,173.063,175.308,172.332,173.523,66005.6857
1617436800000,173.539,180,173.536,175.2,136847.9584
1617440400000,175.261,181.293,174.041,181.02,86832.7964
1617444000000,181.055,181.14,175.741,176.967,71197.9861
1617447600000,176.97,177.31,172.7,173.198,91436.676
1617451200000,173.195,175.679,172.723,173.282,75000.8823
1617454800000,173.248,173.5,171,172.035,88585.9677
1617458400000,172.189,174.86,171.33,171.687,66359.1964
1617462000000,171.597,172.887,169,169,134527.8126
1617465600000,169,178.2,167,176.67,178032.4345
1617469200000,176.608,179.79,173.2,175.11,114114.8209
1617472800000,175.166,178.775,173.5,175.248,85730.9481
1617476400000,175.254,176.437,174.5,174.825,43936.3608
1617480000000,174.8,175.687,171.256,172.75,41483.5464
1617483600000,172.71,175.713,171.842,175.481,46469.5075
1617487200000,175.48,175.677,172.756,173.825,50640.806
1617490800000,173.845,179,173.085,178.238,71543.9359
1617494400000,178.248,193.926,178.248,192.569,231481.4697
1617498000000,192.541,192.828,186.375,187.02,117296.0778
1617501600000,187.02,191.813,187.02,190.911,79854.7181
1617505200000,190.92,191.38,187.391,188.828,62832.0517
1617508800000,188.727,190.5,188.24,188.538,48001.2908
1617512400000,188.741,189,185,186.982,67914.1016
1617516000000,186.975,188.784,186.557,188.201,45631.992
1617519600000,188.151,192,188.151,189.299,102186.2288
1617523200000,189.316,190.923,187.249,190.099,59020.3697
1617526800000,190.05,190.519,187,187.048,76406.6396
1617530400000,187,189.86,187,189.198,49098.8159
1617534000000,189.386,190.946,186.086,186.4,65592.1318
1617537600000,186.461,187.349,181.2,185.56,98461.2791
1617541200000,185.611,185.859,180.786,182.27,80107.0479
1617544800000,182.396,184.762,182,182.641,54219.9995
1617548400000,182.6,182.718,175.56,179.623,124771.8625
1617552000000,179.619,179.622,175.15,179.2,64039.1771
1617555600000,179.2,184.317,178,178.2,100491.841
1617559200000,178.248,181.693,178.214,180.935,39535.7525
1617562800000,180.995,182.501,179.123,181.106,41243.2078
1617566400000,181.28,181.5,179.387,180.648,34125.2097
1617570000000,180.691,183.269,179.788,183.017,25257.9078
1617573600000,182.931,184.886,181.581,183.651,41444.0118
1617577200000,183.591,184.658,182.253,182.826,34840.5115
1617580800000,182.822,182.826,179.65,179.999,55363.1014
1617584400000,180.031,180.961,178,180.059,58637.4274
1617588000000,180.059,180.522,178.002,178.122,38312.4926
1617591600000,178.126,180.22,178.071,179.02,33211.4898
1617595200000,178.988,179.51,175.94,176.079,46030.0797
1617598800000,176,177.704,175.385,175.6,42959.1506
1617602400000,175.6,177.5,174.71,177.112,53375.2062
1617606000000,177.114,179.142,176.063,177.577,36351.1232
1617609600000,177.583,178.309,176.252,176.379,48285.373
1617613200000,176.392,177.807,175.943,177.612,39627.4695
1617616800000,177.594,178.84,177.05,177.871,36323.196
1617620400000,177.895,178.27,176.536,177.351,33585.233
1617624000000,177.36,178.969,176.914,177.4,42486.1109
1617627600000,177.425,177.816,175.12,175.845,42432.0914
1617631200000,175.9,187.051,175.88,184.398,116581.9696
1617634800000,184.376,185.67,178.055,179.391,105329.8114
1617638400000,179.435,181.566,176.016,177.282,83613.8066
1617642000000,177.315,178.624,176,176.656,52153.6925
1617645600000,176.672,176.979,176.101,176.338,28174.6473
1617649200000,176.369,178,175.13,175.6,42025.6646
1617652800000,175.561,177.963,174.8,175.21,38031.3444
1617656400000,175.252,176.169,170.791,172.66,50081.1459
1617660000000,172.643,176.53,172.5,175.95,40255.1525
1617663600000,175.986,177.776,175.501,176.4,40105.5688
1617667200000,176.441,178.919,175.416,175.52,51951.3932
1617670800000,175.516,177.774,175.38,176.886,33115.1521
1617674400000,176.898,178.669,176.45,178.038,43416.1154
1617678000000,178,178.107,176.39,176.581,25091.6793
1617681600000,176.603,177.323,176,176.583,33812.4557
1617685200000,176.582,177.42,175,176.018,30812.2758
1617688800000,176.04,176.492,175.205,176.217,30446.4143
1617692400000,176.2,176.8,174.732,174.747,43310.8718
1617696000000,174.788,177.241,174.736,174.743,58424.8162
1617699600000,174.707,175.257,174,174.356,38749.273
1617703200000,174.346,175.217,173.649,173.649,43549.2135
1617706800000,173.649,174.563,172.297,173.927,51895.4307
1617710400000,173.968,174.209,171,171.822,43865.2017
1617714000000,171.838,173.097,169.82,171.433,50606.7272
1617717600000,171.432,171.595,165.27,168.776,106040.7478
1617721200000,168.73,172.01,168.524,170.033,54315.6873
1617724800000,169.99,170.053,165.5,167.971,68948.183
1617728400000,167.949,168.049,165,165.883,50214.4303
1617732000000,165.945,167.038,165.254,165.985,31349.2654
1617735600000,165.955,167.7,164.913,166.406,35116.2983
1617739200000,166.436,170.149,166.436,167.72,49969.8976
1617742800000,167.69,168.797,166.049,166.298,24161.9727
1617746400000,166.265,168.201,165.3,167.253,28603.9065
1617750000000,167.253,168.5,165.401,165.696,26976.3845
1617753600000,165.607,166.446,151.58,154.679,176607.4188
1617757200000,154.655,158,152.75,155.19,127181.403
1617760800000,155.235,160.3,155.097,159.576,88002.5156
1617764400000,159.597,161,157.28,158.062,56423.8486
1617768000000,157.984,157.984,155,155.675,66807.892
1617771600000,155.759,159.247,155.103,158.307,70827.4871
1617775200000,158.289,159.517,155.258,155.675,62762.199
1617778800000,155.706,155.706,153,153.687,52666.0185
1617782400000,153.606,154.54,146.355,147.993,122835.8835
1617786000000,147.932,149.189,136,145.337,254049.0384
1617789600000,145.395,146.1,140.134,141.596,103617.6861
1617793200000,141.725,149.311,140.656,148.974,150394.6556
1617796800000,148.891,148.907,144.5,145.806,106021.8353
1617800400000,145.894,148.133,145.003,145.766,59423.7498
1617804000000,145.72,147.473,141.83,142.647,62794.8612
1617807600000,142.694,143.945,140.009,141.759,58945.4857
1617811200000,141.759,148.493,135.581,145.76,233682.4903
1617814800000,145.801,152.617,140.722,142.583,149949.3566
1617818400000,142.578,147.152,142.316,145.455,68684.7742
1617822000000,145.392,150.47,143.521,149.609,69147.6278
1617825600000,149.593,150.88,146.618,148.417,42544.6735
1617829200000,148.371,153.19,147.561,151.521,37011.3127
1617832800000,151.584,155,149.165,154.359,38076.3961
1617836400000,154.36,157.984,152.1,156.213,76447.4155
1617840000000,156.213,158.78,155.192,156.655,65015.2674
1617843600000,156.635,156.719,150.61,152.256,49472.567
1617847200000,152.221,153.99,152.091,153.507,28125.1622
1617850800000,153.485,154.058,151.318,153.771,27403.1556
1617854400000,153.806,157,152.5,155.608,37159.2289
1617858000000,155.673,156.364,152.85,153.051,40294.9479
1617861600000,153.064,155.718,153.036,154.737,34889.5561
1617865200000,154.706,155.308,153.262,153.368,36404.5521
1617868800000,153.322,155.555,153.15,153.725,31643.1652
1617872400000,153.723,153.999,148,149.453,44854.002
1617876000000,149.414,152.26,146.5,150.566,62179.8775
1617879600000,150.566,150.912,147.638,148.1,42826.0058
1617883200000,148.098,151.937,147.943,151.937,49011.4082
1617886800000,151.898,153.784,150.35,150.919,53474.1834
1617890400000,150.806,153.967,150.806,152.745,46384.0823
1617894000000,152.74,153.084,150.41,150.887,31653.7899
1617897600000,150.898,156,147.6,154.049,102337.4387
1617901200000,154.033,154.061,152,153.279,73949.5177
1617904800000,153.315,153.342,151.16,151.632,30812.3912
1617908400000,151.644,152.689,150.572,151.8,19475.4944
1617912000000,151.803,152.81,148.799,152.183,24632.8574
1617915600000,152.302,153.266,150.965,152.744,12014.0732
1617919200000,152.698,154.91,151.898,153.96,24403.2012
1617922800000,153.96,155.8,153.751,154.136,31263.9341
1617926400000,154.156,155.149,152.9,154.504,28929.4936
1617930000000,154.512,154.765,152.984,153.156,18998.2471
1617933600000,153.104,155.438,153.024,154.368,26739.6018
1617937200000,154.399,158.982,153.853,158.322,58083.2433
1617940800000,158.321,165.184,157.546,162.541,105057.9115
1617944400000,162.587,169.979,161.641,168.891,96449.2712
1617948000000,168.893,172,166.356,170,89329.5322
1617951600000,170,171.739,167.04,168.031,80087.1489
1617955200000,167.969,169,165.5,166.794,71137.027
1617958800000,166.869,168.851,166.654,167.209,41339.2788
1617962400000,167.22,170.142,165.82,169.113,64038.1264
1617966000000,169.051,172.274,168.039,171.908,49182.9098
1617969600000,172,175.739,171.122,173.818,115306.9166
1617973200000,173.765,173.817,166.5,167.881,91177.6579
1617976800000,167.972,172.238,167.039,170.958,54539.9772
1617980400000,170.942,171.292,168.098,171.237,51213.0957
1617984000000,171.239,174,166.076,171.562,112844.5744
1617987600000,171.6,173.471,170.817,171.218,40633.3866
1617991200000,171.278,172.185,169.03,169.795,31001.5784
1617994800000,169.883,170.515,168.316,169.013,27841.7123
1617998400000,169.099,171.323,168.182,168.285,29696.8901
1618002000000,168.195,170.53,167.924,168.926,17872.0109
1618005600000,168.91,175,168.534,174.513,42696.2884
1618009200000,174.477,174.969,171.539,172.188,42880.4424
1618012800000,172.189,177.49,170.739,176.611,69333.4015
1618016400000,176.656,184.202,176.483,183.03,93335.9647
1618020000000,183.084,188.96,182.65,187.2,95126.5559
1618023600000,187.131,187.804,184.145,186.215,69820.9746
1618027200000,186.248,186.282,176.894,183.8,107184.2545
1618030800000,183.799,185.159,181.399,184.236,45425.6626
1618034400000,184.187,185.483,183.501,184.084,26679.519
1618038000000,184.084,184.084,180.88,182.513,46669.7796
1618041600000,182.478,184.4,180.251,183.788,39772.2161
1618045200000,183.798,184,182,183.607,34027.9306
1618048800000,183.632,183.632,180.769,180.769,31804.6761
1618052400000,180.769,182.82,180.311,181.27,35178.9754
1618056000000,181.199,181.744,176.383,178,55032.2722
1618059600000,177.99,179.374,175,177.111,72998.0565
1618063200000,177.133,180,176.29,176.359,50289.9103
1618066800000,176.3,183.513,175.812,181.677,78016.7536
1618070400000,181.591,185.297,177.69,180.455,81120.0531
1618074000000,180.466,180.466,176,176.53,40276.1783
1618077600000,176.472,178.25,173,177.008,60358.261
1618081200000,176.867,177.213,175.177,175.943,24048.3866
1618084800000,175.953,176.334,171.919,173.584,31632.6208
1618088400000,173.577,179.743,172.764,178.949,28958.3247
1618092000000,178.945,178.971,173.544,173.68,31520.401
1618095600000,173.6,175.311,172.219,174.543,39483.0461
1618099200000,174.596,178.219,173,177.123,44969.6315
1618102800000,177.131,177.131,174.43,176.329,31763.0549
1618106400000,176.311,177.89,175.29,175.822,26624.1706
1618110000000,175.798,177.32,175.1,176.584,21029.1084
1618113600000,176.585,184.9,176.017,181.532,81615.3673
1618117200000,181.63,182.389,177.545,179.015,51529.4016
1618120800000,179.015,180.278,176.165,178.277,35695.2527
1618124400000,178.272,178.71,176.4,177.753,42083.4758
1618128000000,177.724,181.5,177.723,180.22,38520.9664
1618131600000,180.22,180.239,177.807,179.164,18393.7974
1618135200000,179.246,180,177.892,178.6,17107.249
1618138800000,178.6,178.99,177,177.789,17927.4821
1618142400000,177.9,178.114,175.18,177,24382.1086
1618146000000,176.999,177.637,176,176,17308.6381
1618149600000,176,178.069,175.072,177.247,31562.4621
1618153200000,177.327,178.993,176.88,177.221,21185.4171
1618156800000,177.251,177.618,175.4,176.717,25408.4329
1618160400000,176.715,178.337,172,178.337,23514.9497
1618164000000,178.345,178.652,177.133,177.704,14390.4892
1618167600000,177.711,178.183,176.58,177.452,11932.3756
1618171200000,177.44,177.586,176.104,176.18,10175.9259
1618174800000,176.103,178.185,175.969,177.315,11511.7055
1618178400000,177.294,178.249,175.89,178.055,25952.3172
1618182000000,178.002,181.356,177.876,179.123,55504.247
1618185600000,179.142,179.857,176.91,177.273,22215.5016
1618189200000,177.273,178.468,177.135,178.148,16527.5801
1618192800000,178.195,178.7,176.766,177.106,18368.6107
1618196400000,177.104,178.469,176.801,177.853,20848.312
1618200000000,177.854,180,177.813,178.969,30554.7202
1618203600000,178.984,179.302,178.219,179.242,28936.1724
1618207200000,179.235,181.45,178.572,180.538,52852.177
1618210800000,180.531,180.704,178.985,180.116,31727.5759
1618214400000,180.071,180.82,178.648,178.828,20596.0952
1618218000000,178.828,179.201,176.619,177.267,51853.5629
1618221600000,177.226,178.153,173.501,174.823,51856.466
1618225200000,174.801,176.058,173.551,173.903,34776.0917
1618228800000,173.876,176.02,172.683,175.273,31327.6824
1618232400000,175.31,176.5,172.8,173.035,30257.4198
1618236000000,173.024,173.024,159.439,162.309,230163.2737
1618239600000,162.23,165.749,159.582,162.27,147242.402
1618243200000,162.474,165.699,159.888,164.596,82416.7681
1618246800000,164.551,165.475,163.226,164.963,29898.1795
1618250400000,164.986,167.286,164.764,166.48,30530.1615
1618254000000,166.471,167.653,166.326,167.609,20406.6145
1618257600000,167.653,167.866,164.093,164.858,19033.0821
1618261200000,164.883,165,163.319,163.442,16208.104
1618264800000,163.506,168.68,163.087,167.925,38762.4921
1618268400000,167.942,170.87,167.479,167.867,48353.6339
1618272000000,167.846,167.852,164.85,167.14,36771.3286
1618275600000,167.084,167.825,165.1,165.708,38796.9562
1618279200000,165.709,168.22,165.537,167.369,37739.914
1618282800000,167.416,167.416,165.903,166.86,23920.3014
1618286400000,166.821,167.183,164.41,164.671,29174.8743
1618290000000,164.693,164.893,161.531,162.168,51041.8871
1618293600000,162.241,165.329,161.877,164.476,54030.584
1618297200000,164.454,165,163.268,163.92,33987.7532
1618300800000,163.845,165,160.2,161.1,83040.7655
1618304400000,161.147,164.625,160.001,163.666,56823.9003
1618308000000,163.555,164.499,162.153,162.251,34008.8094
1618311600000,162.298,165.22,161.81,164.996,34398.864
1618315200000,164.999,165.042,163.43,164.609,33179.281
1618318800000,164.609,169.099,164.398,167.627,80039.2024
1618322400000,167.629,169.22,165.739,168.325,59085.6078
1618326000000,168.337,168.79,165,165.13,32793.0794
1618329600000,165.154,166.985,162.831,163.738,57811.0474
1618333200000,163.752,166.98,163.001,165.706,31243.2839
1618336800000,165.7,165.924,162.82,163.174,40312.0575
1618340400000,163.193,164.349,163.193,164.122,16278.765
1618344000000,164.125,165.373,164.125,164.411,19816.4918
1618347600000,164.42,165.672,163.8,165.188,12821.9494
1618351200000,165.272,168,164.556,165.662,43896.778
1618354800000,165.66,167.021,164.09,164.286,35525.8047
1618358400000,164.407,165.699,163.329,164.081,29480.2281
1618362000000,164.072,164.977,163.272,164.308,33648.3746
1618365600000,164.299,164.309,163.229,163.386,29570.3427
1618369200000,163.38,166.46,162.77,164.858,66855.6132
1618372800000,164.974,165.579,163.986,164.134,35112.4741
1618376400000,164.185,165.312,163.932,164.231,36432.8324
1618380000000,164.25,164.938,163.403,163.918,44055.8405
1618383600000,163.916,164.163,163.087,163.506,40151.5193
1618387200000,163.498,165,163,163.508,44712.7394
1618390800000,163.507,163.809,161.007,162.876,63118.3617
1618394400000,162.896,174.954,162.862,174.743,135576.003
1618398000000,174.741,179,171.985,174.206,166037.1252
1618401600000,174.205,175,170.355,172.313,108198.3242
1618405200000,172.329,173.468,165.822,167.376,107022.4994
1618408800000,167.441,168.49,161.172,165.721,125050.4353
1618412400000,165.709,168.743,164.332,167.205,61291.8031
1618416000000,167.165,173.673,165.58,168.924,107012.4687
1618419600000,168.883,169.804,164.441,165.25,47765.5651
1618423200000,165.269,167.27,164.106,165.865,33510.2315
1618426800000,165.92,166.171,164.1,165.425,20391.9229
1618430400000,165.428,167.101,164.76,166.552,11725.9726
1618434000000,166.533,168.681,166.418,167.808,21718.9014
1618437600000,167.847,169.583,167.138,168.261,20632.0716
1618441200000,168.213,170.387,167.261,168.34,29303.7256
1618444800000,168.453,172.164,168.093,171.714,45147.2459
1618448400000,171.731,175.557,169.983,171.739,66359.6535
1618452000000,171.715,173.27,170.88,171.031,42205.7228
1618455600000,171.072,173.912,170.982,172.881,46378.8605
1618459200000,172.888,173.744,170.5,171.391,48459.4029
1618462800000,171.413,173.167,170.307,172.09,40157.3192
1618466400000,172.095,172.66,171.292,171.559,24544.864
1618470000000,171.5,171.99,168.86,169.272,56021.1163
1618473600000,169.246,171.5,169.172,170.012,48001.3669
1618477200000,169.984,170.701,169.211,170.496,53182.7908
1618480800000,170.439,170.526,168.764,168.96,39810.9445
1618484400000,168.974,170,168,169.887,29247.4152
1618488000000,169.887,171,169.631,170.162,32999.6987
1618491600000,170.215,171.775,168.981,171.545,31044.9413
1618495200000,171.676,172.937,170.391,171.849,53298.8907
1618498800000,171.908,172.5,170.918,171.5,34841.6908
1618502400000,171.538,172.388,169.89,170.739,44420.0612
1618506000000,170.812,171.34,169.569,170,20599.0819
1618509600000,169.959,170.335,169.5,169.551,16955.4041
1618513200000,169.5,170.525,168.537,169.999,24822.5883
1618516800000,170,172,169.664,170.772,29165.938
1618520400000,170.74,172.958,170.339,172.864,25123.8366
1618524000000,172.848,173,170.85,171.822,17868.229
1618527600000,171.8,171.822,170.36,170.78,21543.3582
1618531200000,170.935,177.99,170.803,177.689,75995.8273
1618534800000,177.689,177.85,172.377,175.057,72142.6007
1618538400000,175.063,176.693,173.443,174.375,62193.5744
1618542000000,174.376,175.56,173,175.176,45134.9714
1618545600000,175.04,185.694,174.54,183.534,206366.2811
1618549200000,183.478,186.56,179,184.814,140419.7255
1618552800000,184.847,196.5,182,194.24,191180.2137
1618556400000,194.005,196.224,188,189.713,137705.8556
1618560000000,189.86,192.653,185.773,188.745,100605.2718
1618563600000,188.825,191.5,181.5,184.704,147652.4716
1618567200000,184.737,186.884,182.743,183.446,94530.4063
1618570800000,183.4,184.728,174.284,183.05,149824.2222
1618574400000,183.08,184.936,179.972,180.591,96700.4451
1618578000000,180.591,181.107,175.37,178.13,98249.0409
1618581600000,178.11,185,177.552,184.53,103920.8734
1618585200000,184.475,184.667,180.675,181.8,86192.5462
1618588800000,181.85,183.673,175.51,182.752,109403.8257
1618592400000,182.801,183.182,178.501,179.028,86018.4182
1618596000000,179.013,180.995,178.051,180.445,40470.2389
1618599600000,180.48,184.897,179,181.028,59579.3308
1618603200000,181.001,182.25,179.082,182.148,30823.6928
1618606800000,182.193,184.212,180.54,182.683,20155.5038
1618610400000,182.823,185.963,180.65,180.857,51619.5696
1618614000000,180.829,184.728,180.829,182.697,45252.0654
1618617600000,182.782,192.221,182.604,191.349,95136.4472
1618621200000,191.24,192.287,186.8,187.115,67001.751
1618624800000,187.192,189.688,185.664,187.456,52981.1052
1618628400000,187.556,190.66,187.001,189.057,64853.3567
1618632000000,188.988,193.1,187.88,190.505,65557.0521
1618635600000,190.58,191.039,187,188.169,48127.6281
1618639200000,188.162,188.405,185.341,186.982,44143.033
1618642800000,186.982,187.958,183.967,184.405,42315.7683
1618646400000,184.41,187.407,184.4,186.866,42748.4428
1618650000000,186.83,186.927,182.53,184.382,55772.8506
1618653600000,184.407,184.876,182.174,183.553,36601.6456
1618657200000,183.548,183.645,178.63,182.239,67866.4464
1618660800000,182.289,185,181.274,183.103,49502.2924
1618664400000,183.07,184.2,180.306,183.256,50547.4929
1618668000000,183.294,184.599,181.329,181.644,40983.0161
1618671600000,181.627,182,179.043,179.733,44249.3122
1618675200000,179.712,181.436,177,180.08,50163.8155
1618678800000,180.048,181.163,177.1,177.49,38459.9282
1618682400000,177.395,180.186,176.44,179.253,26175.3934
1618686000000,179.228,180.038,178.393,179.229,19286.5312
1618689600000,179.348,180.932,178.49,180.432,20611.2048
1618693200000,180.449,182,180,181.839,12784.7792
1618696800000,181.741,182.999,180.1,182.742,17030.3392
1618700400000,182.66,184.599,180.5,181.112,40841.408
1618704000000,181.219,183.521,175.58,175.711,66165.1833
1618707600000,175.668,177.314,168.486,173.216,116396.0911
1618711200000,173.138,174.25,169.601,171.208,87679.8987
1618714800000,171.267,172.243,130,153.105,330748.5081
1618718400000,153.613,156.15,147.083,150.624,200910.8815
1618722000000,150.564,163.22,150.29,159.141,135801.9783
1618725600000,159.14,163.877,155.432,159.368,96490.1312
1618729200000,159.361,162.29,159,159.398,84702.1764
1618732800000,159.357,159.466,151,152.185,107753.2955
1618736400000,152.398,154.496,150.063,153.696,121853.4741
1618740000000,153.756,156.514,153.45,154.498,63085.6426
1618743600000,154.431,155.943,146.554,147.863,84589.4893
1618747200000,147.8,153.9,147.737,153.295,86071.9788
1618750800000,153.269,153.893,150.295,152.415,47375.9296
1618754400000,152.303,155,151.925,153.184,49582.5045
1618758000000,153.184,155.685,151.385,153.932,53592.9975
1618761600000,153.782,160,151.796,156.148,88622.6221
1618765200000,156.151,157.076,153.066,153.846,36587.1367
1618768800000,153.913,155.943,152.303,154.666,36924.2738
1618772400000,154.698,156.694,154.43,156.273,28455.5984
1618776000000,156.274,157.959,154.848,157.63,25823.6861
1618779600000,157.623,159.171,156.175,158.888,16183.2923
1618783200000,158.974,159.321,157.09,158.465,26429
1618786800000,158.443,158.543,155.714,156.45,24775.5014
1618790400000,156.431,158.778,155.081,158.778,40524.8657
1618794000000,158.67,160,157.996,158.212,31587.1049
1618797600000,158.216,159.538,157.455,158.898,26110.3514
1618801200000,158.868,162.292,158.658,161.458,50679.5771
1618804800000,161.453,164.98,160.513,163.077,44885.3632
1618808400000,163,163.258,160.523,161.205,35324.2242
1618812000000,161.207,163.683,160.501,163.602,26319.3716
1618815600000,163.341,163.928,161.251,162.818,36399.8484
1618819200000,162.818,163.18,157.8,158.9,51805.7507
1618822800000,158.901,160.234,158.579,158.661,30222.6317
1618826400000,158.692,159.141,156.55,158.5,40136.9538
1618830000000,158.33,160.915,157.809,160.296,43049.3849
1618833600000,160.275,161.999,158.328,158.797,33211.883
1618837200000,158.775,159.897,157.625,159.363,40124.2462
1618840800000,159.264,159.308,151.772,154.645,70296.624
1618844400000,154.634,155.661,150.62,151.822,84239.7446
1618848000000,151.771,156.959,151.38,154.274,84283.456
1618851600000,154.202,156.6,153.51,155.994,28794.5732
1618855200000,155.972,157.958,155.891,156.701,25234.9854
1618858800000,156.643,157.128,155.424,155.633,19495.4933
1618862400000,155.588,155.972,154.627,155.349,19153.7861
1618866000000,155.303,156.18,153.846,155.637,16518.6178
1618869600000,155.676,157.479,154.981,156.601,18065.1479
1618873200000,156.584,157.146,154.34,154.92,28009.6688
1618876800000,154.87,155.047,147.522,148.702,79921.2473
1618880400000,148.641,152.52,147.883,149.387,45909.4899
1618884000000,149.339,150.632,144.921,146.63,51905.7185
1618887600000,146.642,148.236,145.102,147.953,46622.7729
1618891200000,147.981,150.89,147.234,150.546,49106.2794
1618894800000,150.614,150.614,148.143,148.538,33201.1245
1618898400000,148.572,149.24,145.667,146.758,46576.6638
1618902000000,146.822,148.86,146.119,148.86,39232.0455
1618905600000,148.857,150.804,148.304,150.007,37794.044
1618909200000,150.106,150.762,148.708,148.949,27652.403445
1618912800000,149.015,153.39,148.873,152.815,46257.585339
1618916400000,152.812,153.756,152.234,153.167,29445.112811
1618920000000,153.166,156.905,152.71,154.794,40238.405377
1618923600000,154.795,158.133,154.78,156.806,40968.969751
1618927200000,156.841,158.083,152.64,153.175,58429.328592
1618930800000,153.19,154.844,152.27,154.596,31058.589529
1618934400000,154.593,156.101,152.501,154.407,41560.824426
1618938000000,154.404,154.752,152.611,153.84,24064.765994
1618941600000,153.93,153.966,152.811,153.284,22379.740975
1618945200000,153.329,156.058,152.864,155.702,27751.045375
1618948800000,155.783,156.326,154.059,154.337,17892.105521
1618952400000,154.275,155.47,152.787,155.073,11198.121521
1618956000000,155.089,155.258,153,153.703,11371.981791
1618959600000,153.78,155.595,153.417,154.104,22307.946508
1618963200000,154.1,158.966,153.95,155.508,51460.949362
1618966800000,155.494,158.63,155.242,158.219,33452.468375
1618970400000,158.236,158.64,156.55,157.987,23751.929432
1618974000000,157.957,158.116,155.29,155.532,20052.575737
1618977600000,155.587,156.516,154.12,155.829,23595.292513
1618981200000,155.87,156.678,155.052,156.035,20867.600501
1618984800000,155.994,156.405,155,155.584,20500.420163
1618988400000,155.584,157.5,155.204,156.252,23206.165611
1618992000000,156.322,156.962,155,156.324,30533.613758
1618995600000,156.328,158.359,156.039,158.079,27580.163248
1618999200000,158.087,158.112,152,152.811,39949.773202
1619002800000,152.815,154.199,151.123,152.603,38641.072843
1619006400000,152.563,154.245,151.804,153.341,36159.465637
1619010000000,153.302,154.33,152.802,153.746,23651.038681
1619013600000,153.886,155.586,152.205,154.565,26860.154844
1619017200000,154.581,156.2,154.164,156.2,26821.584319
1619020800000,156.194,156.951,153.1,153.399,48930.271377
1619024400000,153.332,154.581,152.52,153.093,17136.545564
1619028000000,153.2,153.35,152.122,152.291,11998.373606
1619031600000,152.411,153.871,152.226,152.98,9559.29383
1619035200000,152.979,152.979,151.841,152.255,11628.4876
1619038800000,152.258,153.048,151.856,151.97,9979.199699
1619042400000,152.022,152.753,149.3,149.591,24395.564432
1619046000000,149.547,150.509,147.201,147.728,46944.180313
1619049600000,147.729,150.065,146,149.737,49678.59945
1619053200000,149.655,151.428,148.781,148.848,25334.894461
1619056800000,148.78,149.025,145.854,148.061,64009.877018
1619060400000,148.047,148.552,146.037,146.579,42670.352837
1619064000000,146.569,149.468,146.475,148.934,26363.964575
1619067600000,148.929,149.822,147.582,149.308,22192.057038
1619071200000,149.346,150.714,149.128,149.557,21103.675726
1619074800000,149.551,150.276,148.701,149.726,13417.519826
1619078400000,149.757,149.98,147,148.095,36125.326068
1619082000000,148.094,149.693,147.711,149.267,25972.855917
1619085600000,149.284,149.415,145.363,146,37989.540084
1619089200000,146,148.8,146,148.079,23594.061814
1619092800000,148.083,149.631,148.009,148.676,24431.902988
1619096400000,148.749,149.224,147.307,147.533,31235.904603
1619100000000,147.534,150.453,147.2,150.175,32380.340435
1619103600000,150.123,151.072,148.898,150.558,31842.193866
1619107200000,150.579,157.898,149.762,155.238,105860.871081
1619110800000,155.398,156.052,148.471,148.563,53989.712773
1619114400000,148.625,150.359,147.58,149.432,58564.184543
1619118000000,149.443,149.693,147.6,148.915,52179.565447
1619121600000,148.998,149,146,146.264,55040.837953
1619125200000,146.275,149.219,144.513,148.207,48074.233584
1619128800000,148.189,148.939,145.854,146.158,23147.242516
1619132400000,146.121,147.94,145.63,145.927,28243.753996
1619136000000,145.882,148.061,145.32,146.215,40232.136734
1619139600000,146.332,146.88,133.693,137.87,132840.314727
1619143200000,137.822,142.128,130,136.787,178462.521159
1619146800000,136.861,140.468,136.324,138.362,91557.993442
1619150400000,138.5,139.289,134.405,135.688,59857.374369
1619154000000,135.671,137.211,130,134.061,98834.565307
1619157600000,134.07,134.76,131.43,133.728,72775.042922
1619161200000,133.944,135.332,131.973,132.822,61020.230453
1619164800000,132.816,136.221,132.065,136.085,66343.245858
1619168400000,136.075,136.075,133.696,135.1,35346.28306
1619172000000,134.978,138.82,134.645,137.976,51497.313962
1619175600000,137.883,142.8,137.5,139.877,53203.141992
1619179200000,139.86,140.756,136.1,136.193,60012.499372
1619182800000,136.21,137.12,134.77,136.532,52926.233429
1619186400000,136.526,139.19,136.106,137.766,40823.696902
1619190000000,137.837,137.931,135.368,136.72,38506.347709
1619193600000,136.681,136.71,133.265,133.974,63680.879261
1619197200000,134.005,134.593,132.809,133.255,34711.708847
1619200800000,133.234,135.806,132.555,135.309,44791.470128
1619204400000,135.385,136.152,133.811,135.375,26506.7177
1619208000000,135.442,137.393,134.553,134.972,30425.257679
1619211600000,134.898,137.369,134.898,135.357,17545.416646
1619215200000,135.247,137.222,134.814,136.082,23924.950251
1619218800000,136.07,139.62,136.07,138.59,35530.985098
1619222400000,138.601,139.459,134.9,135.373,41677.743752
1619226000000,135.371,136.466,135.182,135.325,25915.267296
1619229600000,135.305,135.87,134.248,135.752,32994.803392
1619233200000,135.764,137.492,135.762,136.988,25871.324943
1619236800000,136.938,137.9,136,137.456,29155.618184
1619240400000,137.456,138,136.934,137.28,31943.121875
1619244000000,137.3,137.82,135.5,135.895,35441.772005
1619247600000,135.903,136.407,135,135.599,44201.584985
1619251200000,135.5,136.334,135.1,135.317,35210.256371
1619254800000,135.296,136.243,135.127,135.406,33712.314841
1619258400000,135.452,135.601,132.333,132.4,67607.361462
1619262000000,132.394,133.553,131.078,132.018,58684.954511
1619265600000,131.993,133.918,131.082,133.181,47429.51267
1619269200000,133.171,134.611,132.724,134.108,23835.012199
1619272800000,134.124,134.477,132.759,133.183,22055.286129
1619276400000,133.172,135.734,132.414,135.501,33397.138544
1619280000000,135.5,135.5,133.727,134.114,27620.352935
1619283600000,134.095,134.683,132.7,134.583,21965.900927
1619287200000,134.544,135.5,133.743,133.818,18736.767287
1619290800000,133.828,135.265,133.694,134.586,18871.305143
1619294400000,134.609,134.885,133.639,134.421,15816.629437
1619298000000,134.44,134.884,133.253,133.589,12382.351373
1619301600000,133.612,137.425,132.807,135.484,48853.800029
1619305200000,135.525,136.79,132.878,133.59,34005.055343
1619308800000,133.627,135,133.19,133.335,24925.159267
1619312400000,133.388,134.47,133.388,133.675,15560.40451
1619316000000,133.662,134.484,133.662,134.101,18245.151529
1619319600000,134.095,134.27,132.156,132.279,25749.777427
1619323200000,132.234,133.163,132.163,132.948,10291.120013
1619326800000,132.937,133.336,132.561,133.068,9485.241092
1619330400000,133.031,133.288,132.109,132.242,9193.963704
1619334000000,132.218,133.265,132.008,133.122,16114.250368
1619337600000,133.122,134.339,132.697,133.719,19229.018932
1619341200000,133.75,134.271,133.003,133.703,23411.738356
1619344800000,133.695,134.2,132.857,133.041,19350.121939
1619348400000,132.992,133.544,132.602,133.31,18776.968633
1619352000000,133.311,135.1,133.243,135.044,27655.373351
1619355600000,134.987,135.102,134.105,134.467,28881.805302
1619359200000,134.454,136.901,134.106,136.554,35148.294429
1619362800000,136.62,136.918,135.62,136.207,27863.267394
1619366400000,136.198,136.781,135,135.469,26526.435638
1619370000000,135.478,135.974,134.938,135.713,16242.926376
1619373600000,135.682,135.69,134.344,134.604,18703.271238
1619377200000,134.536,135.336,134.16,134.278,13732.867109
1619380800000,134.232,134.879,133,133.166,25643.778101
1619384400000,133.181,134,131.847,131.884,31904.24778
1619388000000,131.91,133.673,131.724,133.071,19929.098993
1619391600000,133.086,134.614,132.926,134.083,18525.345813
1619395200000,134.081,137.833,133.546,136.687,53453.226408
1619398800000,136.661,139.059,136.14,138.661,43070.606119
1619402400000,138.674,140.531,137.278,138.628,56233.832681
1619406000000,138.66,139.832,138.61,139.619,31882.099335
1619409600000,139.611,140,138.409,138.917,28616.710106
1619413200000,139.015,139.617,137.379,139.144,31133.122032
1619416800000,139.094,147.845,139.094,145.206,77329.997439
1619420400000,145.17,146.614,143.801,145.029,39655.471619
1619424000000,145.01,145.733,143.513,143.829,23447.70302
1619427600000,143.822,146.37,141.846,145.989,34382.675938
1619431200000,145.934,145.934,144.4,144.951,24062.984372
1619434800000,144.87,146.549,144.87,145.752,30077.570167
1619438400000,145.741,145.852,144.141,144.141,43871.34057
1619442000000,144.153,146.03,143.035,144.734,36446.947218
1619445600000,144.705,145.09,143.181,143.416,27352.684493
1619449200000,143.373,144.918,143.007,144.401,29496.912973
1619452800000,144.519,149.91,144.498,148.623,109666.950531
1619456400000,148.61,154.92,148.598,151.966,96169.988518
1619460000000,151.936,154.777,151.307,152.22,49339.869932
1619463600000,152.278,152.505,150.24,150.799,32877.093499
1619467200000,150.822,150.822,148.101,148.304,43901.760285
1619470800000,148.339,152.847,147.09,152.792,33058.324166
1619474400000,152.754,154.137,151.024,152.222,44696.673459
1619478000000,152.095,154.867,151.651,154.445,37318.774005
1619481600000,154.297,154.731,151.874,152.725,37461.266374
1619485200000,152.72,153.226,149.937,151.13,34058.688127
1619488800000,151.165,152.76,150.968,151.893,31033.010933
1619492400000,151.944,152.818,150.4,151.125,33305.593585
1619496000000,151.082,152.88,150.906,152.757,25422.586695
1619499600000,152.776,153.84,152.402,152.997,25335.833668
1619503200000,152.96,155.202,152.48,153.023,38148.787573
1619506800000,153.003,153.409,151.41,151.832,41854.9148
1619510400000,151.777,152.841,151.425,152.012,31055.22105
1619514000000,152.018,153.562,151.99,152.713,10504.110184
1619517600000,152.662,152.956,151.936,152.139,12261.729513
1619521200000,152.138,154,152,153.538,20297.683308
1619524800000,153.579,153.9,152.662,153.004,13600.83333
1619528400000,153.004,154.986,149.841,151.467,52900.005527
1619532000000,151.447,151.661,148,151.418,56404.949224
1619535600000,151.415,154.066,150.511,153.064,28948.38445
1619539200000,153.01,155,151.852,152.493,45404.54231
1619542800000,152.533,153.294,151.41,152.383,22254.996328
1619546400000,152.397,153.18,151.422,151.97,22992.003279
1619550000000,151.864,151.948,150.32,151.335,22350.318178
1619553600000,151.388,152.151,150.02,150.624,18460.768537
1619557200000,150.641,152.574,150.085,152.314,13170.887139
1619560800000,152.323,153.079,151.411,151.693,17775.780571
1619564400000,151.609,152.386,151,152.386,18343.353087
1619568000000,152.36,155.816,152.171,155.667,44584.989565
1619571600000,155.653,155.889,154.101,154.222,32921.458916
1619575200000,154.231,154.595,152.644,152.644,28888.092597
1619578800000,152.644,153.383,151.501,151.719,35065.587445
1619582400000,151.711,153.038,151.624,152.026,24360.345817
1619586000000,152.055,152.441,150.1,150.814,25198.32255
1619589600000,150.85,150.897,146.302,148.582,64056.435415
1619593200000,148.561,150.659,148.044,150.067,22813.769754
1619596800000,150.121,151.024,149.58,149.58,18396.627359
1619600400000,149.613,150.271,147.893,149.227,28497.816468
1619604000000,149.198,150.579,148.803,150.318,13980.003197
1619607600000,150.301,152.098,150.204,150.963,15809.583824
1619611200000,151.061,152.3,150.594,150.953,16405.020672
1619614800000,150.979,151.129,148.1,149.762,25797.58618
1619618400000,149.699,150.33,149.113,149.985,17027.766485
1619622000000,149.982,150.311,148.285,148.285,20812.124621
1619625600000,148.308,150,147.28,149.599,26199.450361
1619629200000,149.569,149.577,148.435,148.54,15035.367785
1619632800000,148.547,150,148.5,149.23,16746.736664
1619636400000,149.256,150.728,148.783,150.154,10922.830983
1619640000000,150.144,151.939,148.81,149.094,31838.29045
1619643600000,149.089,150.616,148.571,149.735,11714.658631
1619647200000,149.709,150.702,149.5,150.126,20371.953517
1619650800000,150.174,152.216,150.033,150.885,26992.603006
1619654400000,150.903,151.744,150.115,150.36,25031.477634
1619658000000,150.385,150.535,148.942,149.765,24371.615617
1619661600000,149.769,150.271,149,149.718,21571.884764
1619665200000,149.763,150.15,148.8,149.473,14257.837394
1619668800000,149.373,149.373,147.747,148.124,25679.279066
1619672400000,148.126,149.367,147.975,148.949,14947.665694
1619676000000,148.971,150.576,148.834,150.49,25137.029956
1619679600000,150.43,150.43,149.5,150.156,14360.395885
1619683200000,150.2,151.013,149.183,150.271,27210.251012
1619686800000,150.228,152,149.693,151.243,26091.014414
1619690400000,151.255,151.956,150.817,150.924,16117.768939
1619694000000,150.893,151.06,149.834,150.742,16287.174399
1619697600000,150.743,151.942,150.514,151.373,21167.999697
1619701200000,151.404,151.892,150.1,150.101,24888.664908
1619704800000,150.104,150.618,148.905,149.859,27009.674818
1619708400000,149.858,150.486,148.792,150.15,25050.445575
1619712000000,150.15,152,148.854,148.942,45818.722375
1619715600000,148.93,149.393,147.737,148.596,34761.133589
1619719200000,148.626,148.982,147.693,148.775,21300.839289
1619722800000,148.803,149.612,148.491,148.899,16480.486512
1619726400000,148.962,149.444,147.644,148.167,21957.608822
1619730000000,148.208,149.486,148.021,149.432,8980.88949
1619733600000,149.434,150.37,149.228,149.841,11182.951668
1619737200000,149.867,150.169,149.017,149.786,17101.47822
1619740800000,149.787,151.45,149.723,151.277,23115.064061
1619744400000,151.278,155,150.431,154.29,54597.88686
1619748000000,154.32,160,151,157.04,100680.828918
1619751600000,157.064,159.229,157.001,158.075,78587.778225
1619755200000,158.069,159.608,156.592,157.392,108878.42761
1619758800000,157.392,158.505,156.694,158.487,42767.217866
1619762400000,158.487,159.122,157.085,157.676,31728.303791
1619766000000,157.7,158.236,157.008,157.483,25900.643392
1619769600000,157.536,159.797,156.021,156.587,29379.65275
1619773200000,156.528,156.907,155.422,155.531,22483.807964
1619776800000,155.483,156.05,154.313,154.4,21148.908903
1619780400000,154.399,155.95,154.1,155.231,23807.212402
1619784000000,155.256,158.5,155.122,157.312,39570.128443
1619787600000,157.309,157.978,155.589,157.667,25380.31297
1619791200000,157.659,158.041,156.3,156.639,39347.386382
1619794800000,156.644,159.486,156.644,159.244,26755.080635
1619798400000,159.282,165,159.282,161.946,88584.155634
1619802000000,161.866,162.9,160.927,161.427,26955.685967
1619805600000,161.433,161.829,160.594,161.46,22552.349441
1619809200000,161.461,161.667,160.621,161.008,17314.541918
1619812800000,160.97,163.154,159.7,163.103,32516.283809
1619816400000,163.062,163.315,160.951,162.109,16290.349103
1619820000000,162.115,164.487,161.729,163.498,19147.256601
1619823600000,163.452,164.368,162.114,163.808,21807.64308
1619827200000,163.864,165.089,162.672,164.417,32960.102234
1619830800000,164.428,167.152,162.613,166.529,38113.42217
1619834400000,166.488,167.614,165.368,166.162,39621.422598
1619838000000,166.202,166.636,164.859,165.006,22243.438601
1619841600000,165,165.438,164.432,165,19200.813504
1619845200000,164.99,166.906,164.848,166.716,15513.589256
1619848800000,166.688,166.688,165.3,165.7,10383.872613
1619852400000,165.745,166,164.1,164.234,17512.041591
1619856000000,164.234,165.687,164.202,164.203,17926.243662
1619859600000,164.201,164.591,162.419,163.955,32330.132154
1619863200000,163.978,164,162.826,163.06,17920.629327
1619866800000,163.061,164.604,163.008,164.566,13902.080152
1619870400000,164.561,164.671,163.69,164.223,12978.69539
1619874000000,164.236,165.254,162.764,162.766,25599.852001
1619877600000,162.794,163.254,161.22,161.924,32141.010456
1619881200000,161.991,163.917,161.194,163.509,25328.45572
1619884800000,163.554,164.983,162.445,163.188,35010.890001
1619888400000,163.165,163.74,161.894,162.299,18217.368237
1619892000000,162.286,162.817,162.001,162.251,11666.291108
1619895600000,162.224,163.662,162.095,162.851,12862.399663
1619899200000,162.886,162.899,162.102,162.298,11715.687064
1619902800000,162.32,163.399,162.147,162.356,14295.634083
1619906400000,162.385,165,162.319,164.373,22433.395703
1619910000000,164.405,165.503,164.193,164.202,16937.497241
1619913600000,164.228,166.686,163.905,166.285,23161.077334
1619917200000,166.233,166.237,163.805,164.129,19421.313301
1619920800000,164.182,165.3,164.144,164.305,12799.899558
1619924400000,164.304,164.512,159.92,160.136,37798.88935
1619928000000,160.126,160.77,156.197,160.108,61019.357365
1619931600000,160.126,160.684,158.5,159.774,27240.117349
1619935200000,159.741,161.07,159.729,160.708,16059.07253
1619938800000,160.733,160.95,158.266,159.438,22854.412266
1619942400000,159.384,159.534,157.24,158.65,26306.946584
1619946000000,158.65,159.299,157.6,159.231,22367.869437
1619949600000,159.255,159.852,159,159.526,15901.862572
1619953200000,159.451,159.719,158.533,159.677,11707.945689
1619956800000,159.718,160.362,159.027,159.196,15624.797505
1619960400000,159.309,161.247,159.187,160.298,12856.133555
1619964000000,160.267,161.02,159.29,159.553,14736.110224
1619967600000,159.539,160.239,159.005,159.112,13603.492899
1619971200000,159.12,159.12,157.631,158.369,23435.491885
1619974800000,158.425,159.488,157.944,159.293,7659.007584
1619978400000,159.292,159.373,158.802,158.92,7062.434995
1619982000000,158.921,160,158.006,159.386,17305.389783
1619985600000,159.365,159.945,158.724,159.761,7990.242219
1619989200000,159.769,159.89,159.047,159.047,5426.240691
1619992800000,159.081,159.689,158.444,159.031,8530.369443
1619996400000,159.03,163.486,158.67,162.419,31718.102374
1620000000000,162.448,163.581,161.58,161.843,23950.522523
1620003600000,161.835,162.187,160.899,161.929,16606.673438
1620007200000,161.945,163.064,161,162.388,19059.673124
1620010800000,162.394,163.042,161.759,162.04,10669.389282
1620014400000,162.029,162.387,161.353,161.681,10361.145194
1620018000000,161.674,162.43,161.501,162.176,10397.481392
1620021600000,162.167,162.903,162.163,162.253,10999.177512
1620025200000,162.258,163.554,161.701,163.18,23545.556857
1620028800000,163.179,163.942,162.601,163.566,22073.004186
1620032400000,163.567,163.699,162.057,162.324,15490.841856
1620036000000,162.313,163.56,162.163,162.515,15934.762467
1620039600000,162.501,163.28,162,162.661,14262.546115
1620043200000,162.729,163.2,161.511,161.993,18516.148296
1620046800000,161.999,162.5,158.851,159.549,34271.784234
1620050400000,159.462,160.979,159.135,160.642,35851.205652
1620054000000,160.642,161.139,159.674,159.814,21959.542843
1620057600000,159.796,160.993,158.862,160.558,26649.707096
1620061200000,160.543,161.874,160.071,161.37,16722.096383
1620064800000,161.358,161.828,161.001,161.675,17462.945941
1620068400000,161.67,162.086,159.067,160.38,23470.652413
1620072000000,160.38,160.38,158.951,159,20595.331186
1620075600000,158.993,160.003,158.888,159.909,16292.803913
1620079200000,159.876,161.626,159.577,161.236,17977.241898
1620082800000,161.255,161.545,159.82,160.267,26651.333654
1620086400000,160.274,160.556,150.5,153.399,79319.907216
1620090000000,153.355,155.827,152,154.327,61136.129102
1620093600000,154.331,155.364,152.087,152.5,51829.690406
1620097200000,152.51,153.87,151.809,153.186,27362.105024
1620100800000,153.124,154.79,152.431,154.664,23257.217634
1620104400000,154.652,155.126,154.319,154.386,18116.705062
1620108000000,154.323,155.678,154.323,155.025,14964.367134
1620111600000,154.928,155.369,153.267,153.552,16729.581789
1620115200000,153.557,154.072,152.5,153.133,18758.894777
1620118800000,153.217,155.423,153.217,154.714,15892.657119
1620122400000,154.72,156.685,154.686,156.603,17356.353396
1620126000000,156.55,156.8,154.922,154.934,24647.711118
1620129600000,154.927,155,152.75,153.746,117658.549754
1620133200000,153.746,154.366,152,152.41,52494.471586
1620136800000,152.437,152.983,147.595,148.907,91703.257819
1620140400000,148.956,150.061,144.2,145.63,121741.550926
1620144000000,145.683,145.893,132.475,141.774,148650.200834
1620147600000,141.733,144.564,141.542,143.586,41841.456418
1620151200000,143.583,146.835,142.933,146.236,38381.799873
1620154800000,146.184,146.38,144.917,146,17839.799426
1620158400000,146,147.827,145.12,146.727,24155.690307
1620162000000,146.794,146.984,144.216,144.655,15101.796232
1620165600000,144.66,145.064,141.995,143.629,22556.927521
1620169200000,143.608,143.637,140,140.832,33808.228321
1620172800000,140.713,147.824,139.635,147.027,56731.723196
1620176400000,147.034,148.899,145.009,147.205,47080.691008
1620180000000,147.21,151.581,146.251,148.272,46657.399948
1620183600000,148.282,149.45,146.04,147.187,35586.804234
1620187200000,147.177,147.801,145.248,145.507,29195.607535
1620190800000,145.554,149.287,145.168,148.121,32777.737265
1620194400000,148.121,148.351,145.977,148,24055.483357
1620198000000,147.976,149.075,147,148.39,23553.17325
1620201600000,148.415,149.86,147.001,149.317,33297.395317
1620205200000,149.325,150.665,148.206,149.785,15627.176142
1620208800000,149.829,150.41,148.631,150.059,15916.859062
1620212400000,150.081,154.641,149.467,153.446,43118.129159
1620216000000,153.446,155,151.011,152.159,46562.067389
1620219600000,152.262,153.53,151.065,151.984,28743.173988
1620223200000,151.962,152.14,148.718,151.67,43599.317695
1620226800000,151.675,152.97,149.265,150.354,38600.974018
1620230400000,150.37,154.657,150.344,151.294,64556.33472
1620234000000,151.293,151.306,149.756,150.12,22741.197325
1620237600000,150.145,152,149.608,150.891,21416.681965
1620241200000,150.869,151.052,149.699,150.514,14295.756941
1620244800000,150.498,150.626,148.895,149.635,15475.352482
1620248400000,149.629,151.322,149.363,150.579,12321.875728
1620252000000,150.569,152.847,150.569,150.948,21075.157393
1620255600000,150.987,152.973,150.342,152.425,24744.466456
1620259200000,152.422,153.259,150,151.437,37601.723604
1620262800000,151.404,151.587,149.662,150.9,29484.075687
1620266400000,150.821,153.821,150.277,153.158,30339.047519
1620270000000,153.2,154.91,152.087,154.8,34038.895058
1620273600000,154.8,165.3,154.37,163.428,156904.875503
1620277200000,163.439,164.39,160.636,160.66,71885.984947
1620280800000,160.665,160.976,154.001,155.861,88008.880543
1620284400000,155.861,158.5,152.729,157.857,64805.307709
1620288000000,157.794,158.983,156.155,156.512,41516.269409
1620291600000,156.512,157.498,156.016,156.709,26588.621732
1620295200000,156.672,162,156.473,159.56,67850.371685
1620298800000,159.63,160.146,157.592,159.12,29241.746374
1620302400000,159.154,159.676,156.754,157.109,40487.362767
1620306000000,157.095,158,155.233,156.555,43665.881362
1620309600000,156.575,157.939,156.269,157.598,26658.721742
1620313200000,157.599,160.075,155.419,157.139,50076.056594
1620316800000,157.205,161.788,156.864,157.279,95977.735304
1620320400000,157.276,160.502,156.666,157.1,39334.608406
1620324000000,157.134,158.242,151.21,152.554,92525.759464
1620327600000,152.491,153.582,150,153.459,55243.331606
1620331200000,153.434,154.11,151.314,152.069,29926.930039
1620334800000,152.069,155.343,152.024,154.68,22708.076696
1620338400000,154.679,155.686,153.567,154.002,17084.536407
1620342000000,154.002,154.064,151.999,153.496,26871.974292
1620345600000,153.556,154.004,151.646,152.092,34072.64782
1620349200000,152.077,152.489,151,151.442,21843.702192
1620352800000,151.44,152.085,149.1,150.059,42129.637414
1620356400000,150.051,152.495,149.5,151.608,26530.230914
1620360000000,151.596,152.672,150.089,152.542,21772.814956
1620363600000,152.477,153.175,151.96,152.194,15038.530433
1620367200000,152.169,153.68,151.632,153.157,17912.439694
1620370800000,153.157,153.964,151.745,152.02,20472.545657
1620374400000,152.019,152.676,150.5,152.359,36765.85611
1620378000000,152.358,153.286,152.085,152.457,30472.606339
1620381600000,152.458,153.568,152.326,152.906,26233.498891
1620385200000,152.91,154.93,152.91,154.123,24425.985683
1620388800000,154.126,154.66,152.1,153.792,29812.057465
1620392400000,153.79,154.172,152.406,152.466,17170.43288
1620396000000,152.484,153.125,152.086,153.125,17436.561002
1620399600000,153.124,154.33,152.939,154.167,21287.812421
1620403200000,154.166,154.433,151.998,153.141,33855.285366
1620406800000,153.115,153.557,152.201,152.926,12319.022779
1620410400000,152.932,153.125,151.326,152.713,11861.14618
1620414000000,152.764,152.913,150.66,151.15,12544.668131
1620417600000,151.114,152.183,150.888,151.65,6792.219672
1620421200000,151.617,151.663,150,150.165,9225.605385
1620424800000,150.161,150.697,146.739,148.017,30665.309556
1620428400000,148.06,150.99,148.06,150.305,15326.152125
1620432000000,150.369,151.937,149.201,151.757,20576.45181
1620435600000,151.806,152.741,150.659,151.593,13969.14465
1620439200000,151.569,152.57,150.444,152.504,16252.398274
1620442800000,152.487,152.586,151.846,152.236,10249.74546
1620446400000,152.267,154.55,151.837,152.625,23121.672207
1620450000000,152.609,152.643,151.154,151.378,12280.552004
1620453600000,151.332,151.743,150.113,150.94,20828.765007
1620457200000,150.952,153.218,150.812,152.705,17740.165068
1620460800000,152.656,153.493,151.839,151.933,22986.786188
1620464400000,151.934,152.185,151.407,151.867,10393.450023
1620468000000,151.867,151.933,150.514,150.894,13945.140851
1620471600000,150.936,151.142,150.18,150.62,10391.063756
1620475200000,150.632,151.68,150,151.006,18269.898257
1620478800000,151.035,151.651,150.119,150.839,22684.117709
1620482400000,150.817,151.143,150.2,150.808,16180.387508
1620486000000,150.804,150.839,147.022,147.468,51112.609674
1620489600000,147.468,148.642,146,148.138,63618.853292
1620493200000,148.144,149.65,147.342,149.383,21204.934416
1620496800000,149.323,149.98,149.067,149.246,13278.982137
1620500400000,149.271,149.504,148.579,149.182,8396.353152
1620504000000,149.157,149.4,148.407,149.299,8619.068244
1620507600000,149.306,149.371,147.412,147.461,9339.094783
1620511200000,147.473,149.731,147.466,148.287,14605.163186
1620514800000,148.338,148.479,147.709,148.08,10750.246261
1620518400000,148.109,149.602,147.754,149.107,16135.298162
1620522000000,149.079,149.147,147.954,149.111,20574.493285
1620525600000,149.064,149.064,147.499,148.079,15919.224586
1620529200000,148.079,148.684,146.281,146.363,18747.25499
1620532800000,146.364,147.391,141.565,145.476,73938.086514
1620536400000,145.489,146.775,144.772,145.993,18590.314268
1620540000000,145.965,146.476,145.45,145.555,10817.507707
1620543600000,145.505,145.572,143.23,144.595,35719.155984
1620547200000,144.602,146.087,144.268,145.545,10209.175857
1620550800000,145.529,146.67,144.768,145.688,14445.679844
1620554400000,145.689,145.702,143.584,144.821,17464.963822
1620558000000,144.814,145.723,144.222,144.579,15229.269907
1620561600000,144.552,144.771,140.789,141.122,55664.59292
1620565200000,141.242,144.048,141.102,143.371,25989.983107
1620568800000,143.388,143.866,142.648,143.322,19497.473559
1620572400000,143.32,144.735,143.102,144.342,10925.213087
1620576000000,144.354,145.886,142.811,144.822,26090.820877
1620579600000,144.787,145.346,143.776,144.82,11422.196553
1620583200000,144.801,144.877,141.709,141.827,18444.013829
1620586800000,141.876,142.672,141.186,142.247,42622.810588
1620590400000,142.217,143.914,142.052,143.257,11044.948593
1620594000000,143.251,145.055,143.191,144.066,12560.458311
1620597600000,144.128,145.107,144.001,144.522,9087.963226
1620601200000,144.56,147.14,144.531,146.537,19421.913365
1620604800000,146.537,149,146.175,148.02,24983.250649
1620608400000,147.972,148.075,146.838,147.428,8606.435428
1620612000000,147.435,149.001,147.089,147.769,29676.61725
1620615600000,147.804,148.481,145.888,148.44,20980.039385
1620619200000,148.44,149.322,146.741,147.845,28130.448328
1620622800000,147.815,148.5,147.001,148.204,12864.729504
1620626400000,148.209,148.222,147.302,147.453,11104.341877
1620630000000,147.468,148.061,146,146.001,20321.125604
1620633600000,146.034,146.316,144.608,145.18,22418.483266
1620637200000,145.18,145.18,142.199,143.304,39065.548058
1620640800000,143.337,144.318,142.22,143.321,23441.302068
1620644400000,143.365,143.5,141.258,143.03,33291.37943
1620648000000,143.04,143.901,142.334,143.277,16580.023967
1620651600000,143.305,144.068,142.88,143.619,15120.17708
1620655200000,143.477,143.51,141.2,141.258,33338.851908
1620658800000,141.258,143.933,141.128,143.75,22737.191216
1620662400000,143.772,143.882,141.5,141.573,32364.42179
1620666000000,141.541,142.131,140.91,140.965,19810.876612
1620669600000,140.911,140.965,138.121,138.851,42090.627323
1620673200000,138.898,139.859,135.68,136.427,47560.426617
1620676800000,136.517,136.52,129,134.696,166693.462326
1620680400000,134.695,139.23,134.225,137.854,31385.559615
1620684000000,137.768,138.638,135.996,137.383,35485.561555
1620687600000,137.361,137.361,129.819,135.741,59539.010837
1620691200000,135.7,137.507,135.203,135.515,34499.869342
1620694800000,135.538,136.907,133.773,136.892,31320.208918
1620698400000,136.899,137.5,135.13,135.326,21060.96883
1620702000000,135.274,138,135.05,137.301,30435.412296
1620705600000,137.31,138.535,136.82,137.527,22663.412527
1620709200000,137.512,139.33,137.143,137.638,24710.985005
1620712800000,137.683,139.448,137.542,139.145,24702.847745
1620716400000,139.128,140.625,138.002,140.306,27202.83361
1620720000000,140.295,140.5,137.697,138.171,26431.140512
1620723600000,138.226,140.071,138,139.927,22731.651831
1620727200000,139.899,140.71,138.519,138.656,21875.9293
1620730800000,138.704,139,136.666,136.908,22458.216476
1620734400000,136.921,137.256,134.951,137.019,37929.366274
1620738000000,137.037,138.172,135.961,137.72,26410.700569
1620741600000,137.719,137.973,136.962,137.259,23108.907119
1620745200000,137.22,139.173,137.071,137.251,26598.438034
1620748800000,137.252,137.252,135.2,135.842,41762.328799
1620752400000,135.776,137.571,135.776,137.047,15256.401573
1620756000000,137.082,138.281,136.823,137.982,15535.752708
1620759600000,137.996,138.816,137.584,138.116,18219.67642
1620763200000,138.131,138.866,136.944,138.691,17166.724898
1620766800000,138.74,142.411,138.326,140.413,25295.598528
1620770400000,140.38,142.479,139.558,140.901,24171.722107
1620774000000,140.907,143.412,140.907,142.96,24923.801526
1620777600000,142.887,145.001,142.395,144.6,30327.95887
1620781200000,144.599,145.591,141.758,142.643,25847.088794
1620784800000,142.644,143.786,142.292,143.299,24625.521398
1620788400000,143.298,145,142.588,144.63,24560.263149
1620792000000,144.63,144.744,142.715,142.752,20857.884788
1620795600000,142.805,144.303,142.584,142.601,20508.573652
1620799200000,142.604,142.981,141.285,141.503,23106.782941
1620802800000,141.503,142.438,141.297,141.785,15778.324493
1620806400000,141.781,142.182,140.313,141.358,14250.754969
1620810000000,141.418,141.961,140.921,141.4,14483.561352
1620813600000,141.4,141.4,137.75,138.569,39348.146974
1620817200000,138.503,140.45,138.34,140.158,17240.988562
1620820800000,140.123,140.207,139.01,139.254,14948.676151
1620824400000,139.25,140.782,137.935,140.782,28233.371387
1620828000000,140.687,141.152,139.082,139.622,37585.741523
1620831600000,139.637,139.711,136.9,137.991,30943.221691
1620835200000,138.026,139.646,135.32,135.784,48652.989792
1620838800000,135.79,136.976,134.86,135.763,44826.833313
1620842400000,135.768,135.921,132.359,133.393,54682.167682
1620846000000,133.386,136,132.138,135.546,40269.610668
1620849600000,135.546,136.734,135.211,136.678,20777.681083
1620853200000,136.656,137.212,136.189,136.757,11567.92302
1620856800000,136.726,136.888,132.321,134.191,80714.996881
1620860400000,134.345,134.44,124.047,127.272,121890.461476
1620864000000,127.305,127.919,89,106.752,660607.746413
1620867600000,106.691,120.74,105.047,120.568,283979.712459
1620871200000,120.578,125.527,118.639,120.072,174546.272041
1620874800000,120.067,120.54,115.426,120.355,136204.215306
1620878400000,120.367,121.884,119.238,120.437,64685.323088
1620882000000,120.437,123.844,120.344,122.102,49993.174751
1620885600000,122.112,123.393,121.142,122.745,47370.205378
1620889200000,122.764,123.898,121.191,121.792,44705.05021
1620892800000,121.759,122,115.381,115.959,109120.256667
1620896400000,115.978,117.8,107.897,114.753,267948.661736
1620900000000,114.748,118.8,112.016,113.345,149671.405995
1620903600000,113.337,116.965,111.668,116.778,99919.707154
1620907200000,116.875,118.721,115.534,118.053,56059.630051
1620910800000,118.042,119.356,116.149,118.953,63923.862064
1620914400000,118.98,119.947,116.678,116.807,58166.839179
1620918000000,116.75,116.999,113.188,114.528,79231.680974
1620921600000,114.503,120.457,112.002,113.061,159954.600378
1620925200000,113.114,114.182,108.335,112.467,202471.291663
1620928800000,112.453,113.451,109.429,109.429,86288.8461
1620932400000,109.485,112.557,109.476,110.57,56921.013355
1620936000000,110.598,112.784,110.105,112.252,38771.196291
1620939600000,112.251,114.139,111.473,112.574,21119.014178
1620943200000,112.581,115.733,112.093,113.198,33851.559824
1620946800000,113.185,119.013,111.5,117.841,73677.556496
1620950400000,117.799,119.886,116.641,117.338,60113.859684
1620954000000,117.338,118.182,116.376,116.786,36272.02256
1620957600000,116.825,117.081,113.693,113.859,58702.169864
1620961200000,113.91,115.799,113.857,115.597,41932.347333
1620964800000,115.597,118.113,115.594,117.486,64352.557548
1620968400000,117.53,118.616,116.532,117.598,47208.454945
1620972000000,117.598,117.751,115.652,117.54,49067.939988
1620975600000,117.551,119.485,117.277,119.452,81128.527381
1620979200000,119.48,119.7,118.37,119.411,46995.607626
1620982800000,119.41,124.824,118.817,122.472,105385.702236
1620986400000,122.476,123.238,120.844,121.889,45672.282689
1620990000000,121.932,122.712,120.717,120.986,28489.902166
1620993600000,120.986,121.295,119.279,120.277,27530.86718
1620997200000,120.296,121.754,119.159,120.165,44598.337356
1621000800000,120.164,120.65,118.888,120.33,42379.907212
1621004400000,120.336,122.639,120.308,121.595,38069.233404
1621008000000,121.579,124.612,118.188,119.088,81136.94774
1621011600000,119.057,119.933,118.462,118.596,34181.018943
1621015200000,118.574,119.037,116.835,117.805,53240.11078
1621018800000,117.805,117.934,116.339,116.502,32086.994257
1621022400000,116.56,117.666,115.195,116.109,46257.596732
1621026000000,116.166,118.971,115.955,118.588,22026.188362
1621029600000,118.535,119.081,117.159,118.247,25376.495517
1621033200000,118.204,120.761,118.144,120.635,31121.799965
1621036800000,120.672,122.426,118.14,118.625,50084.52403
1621040400000,118.624,122.789,118.42,122.351,50111.530584
1621044000000,122.351,122.882,120.726,120.747,31020.910897
1621047600000,120.767,121.55,119.599,121.55,32899.064207
1621051200000,121.559,122.378,120,120.148,43321.763248
1621054800000,120.201,121.06,118.946,120.368,47927.009666
1621058400000,120.369,120.369,117.708,118.426,48688.355858
1621062000000,118.438,118.972,116.11,117.346,71160.779448
1621065600000,117.279,118.653,116.585,117.578,59742.480417
1621069200000,117.614,118.555,116.875,117.719,40995.31543
1621072800000,117.692,117.692,114.425,116.08,79605.256589
1621076400000,116.101,117.157,116.006,116.854,30473.50421
1621080000000,116.872,118.367,116.259,117.345,31178.667939
1621083600000,117.329,117.824,116,116.502,32217.047634
1621087200000,116.522,117.725,115.06,117.254,53073.11962
1621090800000,117.207,117.675,115.512,116.129,34242.37799
1621094400000,116.131,116.212,111,112.496,139737.610971
1621098000000,112.463,113.235,111.31,111.8,55657.349484
1621101600000,111.693,112.645,111.272,111.338,49643.224638
1621105200000,111.382,112.569,109.923,112.529,61195.365224
1621108800000,112.569,112.999,112.045,112.605,20756.207339
1621112400000,112.674,114.043,112.497,113.816,11539.91037
1621116000000,113.777,113.813,110.168,110.489,42787.06119
1621119600000,110.505,111.405,109.859,110.479,56322.509476
1621123200000,110.605,111.883,108.34,110.778,67060.113368
1621126800000,110.757,112.064,110.754,112.051,34569.548096
1621130400000,112.042,113.306,111.859,112.438,31548.164874
1621134000000,112.434,112.882,111.896,112.769,28690.934235
1621137600000,112.709,113.347,112.455,113.094,22086.480989
1621141200000,113.089,113.77,113.018,113.085,21928.762166
1621144800000,113.103,116.227,113.091,115.033,44990.271782
1621148400000,115.006,115.046,114.036,114.834,27050.30998
1621152000000,114.869,114.869,113.203,113.797,31812.600679
1621155600000,113.845,115.988,113.735,114.944,32340.396731
1621159200000,114.925,115.917,114.91,115.649,26602.196008
1621162800000,115.66,115.826,113.55,113.86,25922.878157
1621166400000,113.877,114.287,112.515,112.626,33065.618557
1621170000000,112.638,113.755,112.56,113.582,23007.714041
1621173600000,113.593,114.756,111.168,111.505,47467.183525
1621177200000,111.524,112.117,110.056,110.217,57692.198966
1621180800000,110.269,111.883,108.602,110.347,91349.47769
1621184400000,110.304,110.759,104.891,107.833,96996.306589
1621188000000,107.721,108.264,102.929,103.605,105623.677023
1621191600000,103.556,105.849,100.176,102.906,177636.927783
1621195200000,102.824,104.2,100.24,100.559,165054.935188
1621198800000,100.6,105.999,100.545,104.701,79413.787412
1621202400000,104.635,107.148,104.62,106.218,60734.354349
1621206000000,106.211,108.346,105.837,107.754,66199.828945
1621209600000,107.795,107.853,104.931,105.254,38935.866716
1621213200000,105.262,105.364,102.962,103.663,107604.573872
1621216800000,103.682,104.44,102.68,103.722,90517.044916
1621220400000,103.743,103.991,99.321,99.836,133478.924506
1621224000000,99.863,100.995,93.213,100.951,181011.181193
1621227600000,100.968,101.648,97.404,101.407,101556.303073
1621231200000,101.353,103.517,100.428,102.3,133838.959886
1621234800000,102.294,104.7,101.618,104.277,71922.904285
1621238400000,104.26,105.051,102.906,104.053,63684.73631
1621242000000,104.027,104.235,102.15,103.703,44474.707658
1621245600000,103.717,104.035,101.3,101.595,42138.260194
1621249200000,101.619,104.195,101.106,104.014,53004.051332
1621252800000,104.009,104.139,102.065,102.69,49630.322834
1621256400000,102.73,102.976,101.69,102.647,39662.230908
1621260000000,102.613,102.835,99,101.39,67698.347744
1621263600000,101.386,102.276,98.059,98.858,92646.986496
1621267200000,98.741,100.502,98.027,98.288,88834.843608
1621270800000,98.246,99.105,95.809,97.135,88465.188446
1621274400000,97.127,100.625,96.13,99.897,60542.948127
1621278000000,99.87,100.813,98.965,99.311,57050.426264
1621281600000,99.386,101.22,99.255,100.701,41043.232731
1621285200000,100.699,100.754,97.21,97.559,23877.09303
1621288800000,97.553,99.534,96.626,97.483,40794.813164
1621292400000,97.406,99.995,96.943,99.434,51972.004346
1621296000000,99.412,102.728,98.651,102.135,77852.721443
1621299600000,102.071,104.221,102.007,103.334,70846.273248
1621303200000,103.334,104,102,103.405,50159.570182
1621306800000,103.362,103.5,102.255,102.74,33421.965446
1621310400000,102.737,105.227,102.719,104.73,54544.709566
1621314000000,104.774,106.08,103.98,104.296,63692.299761
1621317600000,104.335,105.651,103.275,103.5,49819.544776
1621321200000,103.523,103.982,102.433,103.238,51629.455379
1621324800000,103.293,104.64,103,103.164,54004.281153
1621328400000,103.122,103.378,102.255,102.869,34817.205767
1621332000000,102.887,104.482,102.275,103.943,46448.728157
1621335600000,103.986,104.944,103.56,104.27,46400.544705
1621339200000,104.32,104.5,99.909,100.585,106741.009812
1621342800000,100.57,101.116,97.585,99.643,129244.572802
1621346400000,99.648,99.671,96.807,98.438,122276.298836
1621350000000,98.405,100.316,97.418,98.371,77740.99637
1621353600000,98.335,100.999,97.32,100.8,90522.48532
1621357200000,100.8,102.431,100.132,100.225,79611.818288
1621360800000,100.238,100.238,98.164,99.145,71982.664077
1621364400000,99.13,100.579,98.518,99.661,47901.47375
1621368000000,99.654,100.489,98.811,100.063,42878.109816
1621371600000,100.105,102,100.011,101.502,24424.129194
1621375200000,101.487,102.89,100.221,100.696,47220.854302
1621378800000,100.68,100.68,99.074,100.104,61687.559918
1621382400000,100.118,101.722,99.069,99.262,69182.56678
1621386000000,99.261,99.661,94.9,95.541,174032.172282
1621389600000,95.509,96.694,93.6,93.935,109433.000584
1621393200000,93.949,94.549,92.305,93.499,129789.064016
1621396800000,93.575,94.343,81.262,86.273,283918.205585
1621400400000,86.353,89.739,86.353,88.341,167518.368114
1621404000000,88.29,89.901,87.32,88.172,117971.778164
1621407600000,88.189,92.031,85.515,90.92,143394.346152
1621411200000,90.856,92.244,89.351,91.413,102723.656708
1621414800000,91.413,92.106,89.961,91.834,66843.52824
1621418400000,91.782,92.107,86.982,87.968,128206.072877
1621422000000,88.085,88.599,79.289,86.072,354229.683054
1621425600000,86.073,87.072,53.888,66.127,612585.827188
1621429200000,66.125,72.68,59.152,68.854,594778.097519
1621432800000,68.896,72.969,64.693,72.769,290765.644097
1621436400000,72.7,75.931,70,74.697,272666.396321
1621440000000,74.698,79.362,69,76.227,335747.971141
1621443600000,76.233,78.054,73.874,74.502,206043.27833
1621447200000,74.502,75.061,69.14,69.683,207335.978418
1621450800000,69.7,71.137,69,70.359,157012.649344
1621454400000,70.345,72.541,67.376,68.295,174206.300936
1621458000000,68.274,69.688,66.6,69.414,80556.906721
1621461600000,69.411,72.643,69.082,71.753,86642.94614
1621465200000,71.702,72.139,64.903,65.289,153165.67994
1621468800000,65.29,69.299,61.055,63.992,224114.20973
1621472400000,63.931,65.334,62,64.986,200088.629549
1621476000000,64.966,69.255,64.605,68.319,206199.865293
1621479600000,68.319,71.3,68.117,70.554,142052.503133
1621483200000,70.439,75,69.779,72.838,214477.254678
1621486800000,72.783,76.708,72.086,76.597,152969.301169
1621490400000,76.571,77.856,74.587,75.782,159225.484916
1621494000000,75.782,93.844,75.638,86.021,349321.991215
1621497600000,86.025,89.99,82.616,86.469,255321.946403
1621501200000,86.559,86.642,79.992,84.077,207111.234746
1621504800000,84.023,89.831,83.237,89.613,181162.544466
1621508400000,89.651,89.69,85.106,87.534,130241.29884
1621512000000,87.541,90.137,85.886,88.876,141493.560217
1621515600000,88.888,90.987,85.283,86.82,130394.169106
1621519200000,86.86,88.242,84.872,87.389,113915.500547
1621522800000,87.388,94.855,86.636,94.582,190295.260405
1621526400000,94.581,95.236,82.663,86.628,282731.397087
1621530000000,86.554,89.756,85.392,89.346,135484.134855
1621533600000,89.362,90.097,87.567,87.905,82812.357585
1621537200000,87.93,89,86.553,87.416,57887.780206
1621540800000,87.434,89.116,86.051,86.827,52381.285091
1621544400000,86.857,92,86.297,91.882,51453.899797
1621548000000,91.848,92.798,86.988,90.802,103790.397868
1621551600000,90.804,91.492,88.161,88.618,74460.604708
1621555200000,88.59,92.165,88.493,91.662,82008.974285
1621558800000,91.766,94.968,91.053,92.71,100245.881435
1621562400000,92.586,92.616,90.643,91.458,72306.424356
1621566000000,91.371,91.96,89.007,90.275,77654.284881
1621569600000,90.193,90.226,87,88.865,95362.581034
1621573200000,88.861,90.134,88.178,88.709,68594.322964
1621576800000,88.635,89.641,86.958,89.466,95600.733656
1621580400000,89.425,89.425,86.96,87.9,73727.262639
1621584000000,87.918,88.633,86.068,87.366,98850.053585
1621587600000,87.366,88.118,87.249,87.785,57314.677145
1621591200000,87.788,89,86.861,86.897,57021.089615
1621594800000,86.877,87.496,85,86.687,87116.526349
1621598400000,86.643,87.755,85.209,85.472,75393.467864
1621602000000,85.558,87.067,85.029,86.728,44449.909888
1621605600000,86.788,87.496,70.243,76.012,416590.096836
1621609200000,75.958,79.5,72,73.093,332112.992352
1621612800000,73.166,78.433,71,75.108,194613.28105
1621616400000,75.044,75.988,73.854,75.493,122935.163962
1621620000000,75.574,75.574,72.282,73.924,100538.339844
1621623600000,73.912,73.912,70.1,71.614,116856.266505
1621627200000,71.567,72.511,70,70.555,118353.684895
1621630800000,70.509,74.991,67.829,74.807,118920.74503
1621634400000,74.803,77.849,73.45,77.351,92879.181773
1621638000000,77.362,77.71,75.5,76.926,83778.41318
1621641600000,76.908,77.4,75.7,76.967,78084.247106
1621645200000,76.948,77.421,74.698,75.404,69582.241163
1621648800000,75.348,76.537,73.114,73.299,69865.28432
1621652400000,73.341,74.109,69.913,71.312,117563.762604
1621656000000,71.314,72.144,69.178,70.34,113340.877512
1621659600000,70.297,71.029,66.502,70.538,159567.066165
1621663200000,70.567,72.263,68.838,71.86,130153.069972
1621666800000,71.93,71.93,69.69,71.321,94681.044396
1621670400000,71.295,76.11,71.213,74.144,126929.621086
1621674000000,74.22,74.48,72.176,73.23,99131.406528
1621677600000,73.223,76.5,72.317,75.779,104686.390535
1621681200000,75.846,76.222,73.689,75.06,79778.297115
1621684800000,75.114,76.036,74.091,74.345,79292.187876
1621688400000,74.35,76.455,74.153,74.563,75080.641759
1621692000000,74.596,74.935,70.603,71.722,115763.642953
1621695600000,71.719,73.555,70,72.464,112164.013062
1621699200000,72.435,76,71.438,72.024,115869.935107
1621702800000,71.982,72.602,70.2,70.747,84832.269059
1621706400000,70.728,71.36,70.2,70.975,60235.461469
1621710000000,71.059,72.07,70.2,70.469,54261.220686
1621713600000,70.453,73.217,70.453,72.946,54333.000499
1621717200000,72.912,73.865,72.459,73.663,35755.572358
1621720800000,73.678,74.253,71.841,72.513,45470.483331
1621724400000,72.551,73.609,72.049,72.204,41631.140036
1621728000000,72.206,74.701,71.008,74.645,92053.50477
1621731600000,74.63,74.661,73,73,64326.557629
1621735200000,73.026,73.405,71.825,72.265,63664.096382
1621738800000,72.231,72.977,71.657,72.667,67845.619916
1621742400000,72.641,72.768,72,72.226,62002.955406
1621746000000,72.214,72.214,71.007,71.557,73576.294818
1621749600000,71.505,72.409,70.023,70.637,77694.168268
1621753200000,70.629,70.946,67.566,69.149,110673.538532
1621756800000,69.183,69.183,65.3,66.414,166358.324781
1621760400000,66.345,67.257,65.393,66.113,132819.35533
1621764000000,66.134,69.376,65.902,67.59,95073.903447
1621767600000,67.603,69.138,67.373,67.425,70077.203621
1621771200000,67.345,67.744,60.643,62.682,203450.221211
1621774800000,62.695,63.626,61.07,63.056,199536.213356
1621778400000,63.068,64.555,62.021,63.778,124970.989006
1621782000000,63.781,63.96,61.048,61.822,110593.050738
1621785600000,61.858,62.128,55.1,58.988,291643.103971
1621789200000,59.094,65.6,58.599,61.269,206175.176841
1621792800000,61.281,61.349,57.574,58.776,174030.65856
1621796400000,58.784,61.248,58.341,59.54,118146.629478
1621800000000,59.553,63.844,59.553,63.306,93574.601811
1621803600000,63.336,64.533,62.099,63.214,65489.777652
1621807200000,63.29,65.19,62.743,63.326,78517.954688
1621810800000,63.298,65.387,63.298,64.863,76131.111775
1621814400000,64.863,67.321,64.519,64.843,110541.175623
1621818000000,64.89,65.071,62.231,63.876,104696.894279
1621821600000,63.867,64.634,63.033,64.456,87627.839958
1621825200000,64.466,65.973,64.356,65.121,99792.047392
1621828800000,65.151,65.777,62.818,64.09,88452.292214
1621832400000,64.064,65.047,63.488,64.718,65670.843229
1621836000000,64.694,66.345,64.008,66.189,73321.807939
1621839600000,66.225,69.9,65.908,69.517,132214.776902
1621843200000,69.517,71.6,66.9,68.033,178666.346772
1621846800000,68.048,68.048,65.954,65.999,110211.248292
1621850400000,66.025,67.407,64.995,66.311,108260.854235
1621854000000,66.294,69.736,66.093,68.629,133969.060112
1621857600000,68.644,71.155,67.446,69.248,150004.108817
1621861200000,69.255,69.75,67,68.126,124026.805748
1621864800000,68.202,69.758,67.889,68.916,93894.692245
1621868400000,68.899,69.899,68.081,69.449,101484.808628
1621872000000,69.472,70.598,66,67.225,170023.169156
1621875600000,67.256,69,66.677,68.988,82224.348742
1621879200000,68.998,70.27,68.647,70.106,84537.669371
1621882800000,70.098,72.874,70.002,72.239,127425.047451
1621886400000,72.248,73.335,71.143,72.545,104751.199985
1621890000000,72.551,74.159,71.911,72.231,66267.605728
1621893600000,72.196,73.603,70.48,71.529,65936.294941
1621897200000,71.49,75.098,71.39,74.707,99156.90549
1621900800000,74.724,79.73,74.025,77.601,188917.418816
1621904400000,77.546,78.132,73.369,74.804,142878.22199
1621908000000,74.742,75.626,72.4,72.869,112978.981438
1621911600000,72.806,73.5,71.445,73.32,100935.963728
1621915200000,73.317,74.071,71.161,72.963,96312.362376
1621918800000,72.996,73.343,71.594,72.79,68104.487615
1621922400000,72.778,74.998,72.249,74.863,76565.39778
1621926000000,74.832,75.2,73.411,74.089,71912.721167
1621929600000,74.079,74.495,71.418,71.744,93619.562937
1621933200000,71.741,72.052,70.003,70.387,56537.43438
1621936800000,70.308,70.324,65.757,67.439,192239.206327
1621940400000,67.474,68.462,65.981,66.166,102612.962328
1621944000000,66.133,67.816,65.797,67.219,106211.388566
1621947600000,67.218,70.385,67.118,68.84,115454.691735
1621951200000,68.842,70.723,68.755,68.82,88900.741253
1621954800000,68.858,70.368,67.51,70.131,112170.564564
1621958400000,70.16,70.16,68.04,68.736,71425.302192
1621962000000,68.76,69.53,67.633,68.941,55165.889793
1621965600000,68.927,70.082,68.304,69.024,39227.291272
1621969200000,68.973,69.229,67.12,67.263,58703.735745
1621972800000,67.275,68.442,67.17,68.145,35386.775768
1621976400000,68.173,69.334,67.72,68.999,32988.297851
1621980000000,68.995,71.475,68.953,71.274,51802.524763
1621983600000,71.301,72.317,70.399,72.276,50636.376079
1621987200000,72.281,72.988,70.425,70.784,89626.396209
1621990800000,70.813,72.613,70.813,71.868,61872.178471
1621994400000,71.883,73.336,71.635,71.95,106087.144886
1621998000000,71.949,73.31,71.775,73.025,61159.098944
1622001600000,73.068,73.378,71.594,72.631,60009.956727
1622005200000,72.627,73.14,71.938,72.066,108641.54058
1622008800000,72.068,74.812,72,74.336,120996.133856
1622012400000,74.349,74.716,73.377,74.27,70209.298933
1622016000000,74.27,74.653,72.325,72.723,97293.116576
1622019600000,72.709,73.52,72.62,73.192,94046.310809
1622023200000,73.23,74.155,71.548,72.692,90254.607402
1622026800000,72.695,73.282,72.005,73.182,51105.944353
1622030400000,73.205,73.903,73.11,73.189,61154.002151
1622034000000,73.16,73.177,70,70.401,114893.728035
1622037600000,70.374,71.706,70.062,71.199,71122.309708
1622041200000,71.177,71.581,70.216,71.215,70970.037832
1622044800000,71.174,73.058,71.074,71.412,87382.020636
1622048400000,71.432,72.937,70.495,72.74,64982.178625
1622052000000,72.744,73.118,71.966,72.67,47172.217123
1622055600000,72.615,72.615,70.976,72.189,51692.158836
1622059200000,72.183,73.881,71.691,73.723,40382.850289
1622062800000,73.704,74,72.465,73.735,42299.481136
1622066400000,73.72,74.153,73.046,73.901,41240.459194
1622070000000,73.898,74.959,72.989,74.486,50738.744772
1622073600000,74.508,74.509,71.922,72.787,62737.344534
1622077200000,72.784,73.087,70.08,70.657,72736.606893
1622080800000,70.644,74,70.206,70.967,64973.836019
1622084400000,70.903,72.3,68.915,69.919,92248.254605
1622088000000,69.917,70.652,69.215,70.582,60830.442986
1622091600000,70.619,71.966,69.933,71.79,43687.036576
1622095200000,71.746,71.891,71.125,71.723,38707.544587
1622098800000,71.688,71.691,70.944,71.253,36981.934722
1622102400000,71.25,72.5,70,72.263,72565.482819
1622106000000,72.228,72.996,71.905,72.339,46981.794974
1622109600000,72.342,72.976,72.068,72.258,54032.991429
1622113200000,72.246,73.28,72.246,72.91,43570.304279
1622116800000,72.888,73.473,71.88,71.88,61753.741351
1622120400000,71.915,73.719,71.915,72.839,65217.320782
1622124000000,72.892,73.754,72.536,72.709,64233.352929
1622127600000,72.699,72.977,71.987,72.508,51771.580897
1622131200000,72.519,72.977,70.457,71.151,83727.027059
1622134800000,71.177,71.763,71.061,71.462,43747.967351
1622138400000,71.472,71.516,70.627,71.081,41357.076045
1622142000000,71.113,71.351,70.23,71.018,35729.993655
1622145600000,71.031,71.204,70.501,70.62,27609.778835
1622149200000,70.688,72.142,70.135,71.949,34383.286927
1622152800000,71.954,72.062,70.987,71.272,25163.631024
1622156400000,71.256,71.926,70.664,71.425,34251.352032
1622160000000,71.417,71.778,70.473,70.487,49685.094071
1622163600000,70.471,70.885,69.636,70.656,62975.83751
1622167200000,70.65,71.389,70.386,71.215,43200.231459
1622170800000,71.178,71.3,70.46,71.159,42888.182031
1622174400000,71.138,71.138,69.503,69.738,61814.456932
1622178000000,69.73,70.3,67.983,68.398,83063.961529
1622181600000,68.34,68.864,66.284,67.879,117724.526859
1622185200000,67.894,68.781,67.223,68.534,59383.583901
1622188800000,68.492,69.299,66.632,67.427,84109.157008
1622192400000,67.459,67.733,65.187,67.211,120053.997907
1622196000000,67.221,67.645,66.708,67.189,55772.402579
1622199600000,67.094,67.498,65.3,66.068,90852.203112
1622203200000,65.964,68.413,65.674,68.195,102154.12879
1622206800000,68.167,68.927,67.88,68.495,69095.159058
1622210400000,68.527,68.527,67.694,67.915,60982.204994
1622214000000,67.924,68.713,67.525,67.725,59433.797248
1622217600000,67.686,67.702,66.357,66.526,75965.29858
1622221200000,66.573,67.25,66.277,66.842,55996.452814
1622224800000,66.846,67.154,66.177,66.774,42604.880653
1622228400000,66.726,67.125,66,66.479,50891.241711
1622232000000,66.483,66.818,65.519,65.594,57671.979482
1622235600000,65.612,65.959,65,65.347,52310.701059
1622239200000,65.335,66.641,65.241,65.822,39980.57169
1622242800000,65.812,66.987,65.805,66.755,39041.158583
1622246400000,66.742,68.48,66.568,67.81,54398.292189
1622250000000,67.823,68.838,67.823,68.176,43499.272564
1622253600000,68.19,68.53,67.808,68.184,32888.235887
1622257200000,68.194,68.8,67.918,68.646,42693.611963
1622260800000,68.668,69.9,67.581,67.742,63755.540813
1622264400000,67.75,69.118,67.718,68.367,57180.814147
1622268000000,68.336,68.49,67.738,67.84,31853.287823
1622271600000,67.811,68.02,67.155,67.32,42207.431444
1622275200000,67.274,67.372,66.121,66.661,54212.790482
1622278800000,66.614,66.809,65.662,66.365,79464.515528
1622282400000,66.357,66.868,66.005,66.778,39367.686725
1622286000000,66.789,67.693,65.714,67.12,58989.03095
1622289600000,67.128,67.133,65.88,66.155,42111.828312
1622293200000,66.1,66.706,65.15,66.482,63859.991058
1622296800000,66.482,66.998,65.781,66.177,40076.195524
1622300400000,66.096,66.158,64.886,65.417,79492.881824
1622304000000,65.4,67.763,64.553,67.73,84283.446717
1622307600000,67.69,67.97,65.464,66.004,65054.048071
1622311200000,66.002,67.051,65.701,67.025,52031.860897
1622314800000,66.97,68.471,66.68,67.859,68958.236449
1622318400000,67.84,68.66,66.665,68.653,52714.231518
1622322000000,68.671,69.194,68.235,68.806,53714.647241
1622325600000,68.796,68.796,67.418,68.063,40539.089437
1622329200000,68.022,68.861,67.271,68.224,38537.464126
1622332800000,68.257,68.293,66,67.013,71592.512639
1622336400000,67.018,67.347,65.266,66.01,49439.221459
1622340000000,65.986,67.243,65.645,66.913,38920.586399
1622343600000,66.942,67.668,66.137,66.831,56466.156707
1622347200000,66.893,67.598,66.579,66.787,41299.649123
1622350800000,66.871,68.44,66.871,68.38,48465.424286
1622354400000,68.379,68.771,67.655,68.305,57601.686424
1622358000000,68.367,68.681,67.733,67.925,42939.384606
1622361600000,67.962,68.317,67.012,67.307,30884.513737
1622365200000,67.337,68.03,67.337,67.806,28923.045486
1622368800000,67.803,67.927,67.174,67.274,29567.486838
1622372400000,67.322,68.61,67.293,68.426,44829.433577
1622376000000,68.438,68.594,66.703,67.127,49193.601518
1622379600000,67.078,67.553,66.771,67.453,35584.902094
1622383200000,67.391,68.168,66.927,67.393,52786.251039
1622386800000,67.393,68.201,67.209,68.189,42873.097145
1622390400000,68.152,68.785,67.679,68.324,54509.720043
1622394000000,68.333,68.677,68.218,68.218,28344.469014
1622397600000,68.208,69,68.208,68.867,32873.50232
1622401200000,68.908,69.233,68.273,68.312,28066.338691
1622404800000,68.308,68.957,67.938,68.719,39066.825155
1622408400000,68.728,69.434,67.878,67.944,55096.880613
1622412000000,67.923,68.896,67.923,68.417,32846.764969
1622415600000,68.418,68.644,68.034,68.355,30429.520029
1622419200000,68.338,68.954,67.629,68.108,56587.142184
1622422800000,68.022,68.296,67.012,67.158,44834.825052
1622426400000,67.105,67.569,66.8,67.227,47030.326353
1622430000000,67.221,67.221,66.5,66.924,47823.915746
1622433600000,66.868,66.969,66.312,66.629,40814.061402
1622437200000,66.603,67.245,66.4,66.922,34859.43505
1622440800000,66.923,67.898,66.923,67.762,36805.230266
1622444400000,67.753,68.307,67.655,67.835,47004.806567
1622448000000,67.835,68.5,67.468,68.281,52266.712231
1622451600000,68.277,68.476,67.752,67.793,45925.483528
1622455200000,67.813,69.274,67.813,69.116,76183.022287
1622458800000,69.116,72.658,69.116,70.869,144743.806973
1622462400000,70.861,71.707,69.522,70.223,84390.981617
1622466000000,70.218,70.777,69.651,69.933,59813.839634
1622469600000,69.972,70.38,69.049,70.087,54708.484808
1622473200000,70.094,71.66,70.094,71.571,55072.88398
1622476800000,71.586,71.979,70.684,70.873,67823.198033
1622480400000,70.934,70.956,69.961,70.261,31340.777479
1622484000000,70.279,70.361,70,70.186,23299.900952
1622487600000,70.183,70.729,70.015,70.623,23939.601083
1622491200000,70.659,70.899,70.116,70.309,26214.018042
1622494800000,70.298,71.489,70.298,71.248,24575.556049
1622498400000,71.228,72.059,71,71.107,35517.413004
1622502000000,71.118,72.879,70.895,72.505,58144.131579
1622505600000,72.504,73,72.032,72.443,56455.925895
1622509200000,72.491,72.491,71.312,71.468,47464.765355
1622512800000,71.5,71.788,70.289,71.578,44671.160307
1622516400000,71.547,72.261,70.927,71.442,39094.306591
1622520000000,71.36,71.752,71.074,71.252,10515.022339
1622523600000,71.232,72.256,71.196,71.98,23480.419144
1622527200000,71.951,72.183,71.137,71.518,29798.735037
1622530800000,71.557,71.829,70.78,70.883,39251.604216
1622534400000,70.875,71.409,69.403,70.189,87332.051544
1622538000000,70.167,70.569,69.456,69.806,40174.154708
1622541600000,69.768,70.348,69.23,70.088,48528.723281
1622545200000,70.144,70.572,69.714,70.372,27191.819483
1622548800000,70.339,70.339,69.349,69.381,31897.153069
1622552400000,69.403,70.488,68.239,70.038,83480.018045
1622556000000,70.047,70.324,68.669,69.025,54604.593716
1622559600000,69.031,69.398,68.56,69.238,37988.25384
1622563200000,69.269,69.464,68.436,68.654,46305.119397
1622566800000,68.625,69.189,68.384,69.036,32668.512749
1622570400000,69.093,69.986,69.008,69.936,29349.421259
1622574000000,69.936,69.936,68.054,68.356,39741.216292
1622577600000,68.389,68.664,68.002,68.591,31665.305626
1622581200000,68.611,69.1,68.47,69.033,19430.257447
1622584800000,69.013,69.388,68.441,68.493,37976.581042
1622588400000,68.493,69.663,68.493,69.183,34444.995456
1622592000000,69.181,69.574,68.465,68.658,46510.799849
1622595600000,68.659,68.879,68.185,68.702,40237.657213
1622599200000,68.746,69.389,68.5,68.577,42120.440475
1622602800000,68.577,69.08,68.568,68.733,32413.094962
1622606400000,68.745,69.288,68.727,69.084,25259.958312
1622610000000,69.094,69.464,68.74,69.244,24080.693237
1622613600000,69.203,69.68,69.02,69.566,34013.542445
1622617200000,69.566,70.403,69.379,70.09,52510.552504
1622620800000,70.074,70.2,69.476,70.107,41876.650442
1622624400000,70.127,71.03,69.974,70.323,71975.734497
1622628000000,70.297,70.464,69.522,69.614,41529.140083
1622631600000,69.6,70.043,69.212,69.855,35917.537283
1622635200000,69.864,70.598,69.836,70.352,39041.413655
1622638800000,70.353,71.288,70.268,70.811,56057.087138
1622642400000,70.817,71.342,70.569,70.884,48746.321945
1622646000000,70.948,71.797,70.948,71.516,51201.687642
1622649600000,71.504,72.066,70.527,70.83,55127.376972
1622653200000,70.839,70.984,70.542,70.843,22442.642557
1622656800000,70.839,70.839,70.301,70.571,22735.443373
1622660400000,70.569,70.921,70.315,70.903,17335.957898
1622664000000,70.911,71.453,70.525,70.576,32904.10336
1622667600000,70.595,70.842,70.3,70.36,17248.731405
1622671200000,70.357,70.756,69.864,70.19,36702.370372
1622674800000,70.186,70.379,69.905,70.065,22657.584648
1622678400000,70.082,70.578,69.481,69.718,35160.547428
1622682000000,69.71,70.011,69.533,69.627,28543.639387
1622685600000,69.599,70.452,69.45,70.239,26741.311275
1622689200000,70.25,70.468,70.019,70.391,28253.350218
1622692800000,70.413,70.85,70.32,70.645,32901.876404
1622696400000,70.657,71.5,70.627,71.161,60998.188142
1622700000000,71.153,71.894,70.821,71.533,45651.371127
1622703600000,71.533,71.709,70.831,71.285,41863.577166
1622707200000,71.321,71.798,70.98,71.289,51433.319235
1622710800000,71.29,72.238,71.154,72.153,51649.016025
1622714400000,72.189,78.704,71.934,77.164,228843.644758
1622718000000,77.152,78.5,74.551,75.635,128807.991473
1622721600000,75.66,76.85,74.542,76.607,89485.372909
1622725200000,76.643,78,74.948,75.549,119643.643689
1622728800000,75.539,78.635,75.533,78.035,111271.414399
1622732400000,78.036,86,77.59,84.041,252800.17788
1622736000000,84.045,91.402,83.613,88.243,285069.140981
1622739600000,88.232,88.867,86.444,87.455,99928.961721
1622743200000,87.452,89.952,87.3,88.106,78126.766282
1622746800000,88.131,92.51,87.597,91.683,92318.127942
1622750400000,91.678,91.903,88.671,90.518,61214.406788
1622754000000,90.518,93.288,89.462,92.127,67533.475111
1622757600000,92.106,94.006,91.179,92.986,73336.848762
1622761200000,92.946,92.948,88.349,89.452,94356.360339
1622764800000,89.452,90.642,87.822,89.573,92044.096118
1622768400000,89.574,90.869,84.93,88.928,186052.054271
1622772000000,88.886,97.364,87.945,97.285,211712.680371
1622775600000,97.263,98,94.101,94.729,174558.577816
1622779200000,94.756,94.756,90.235,91.76,119068.335499
1622782800000,91.71,93.042,87.951,88.77,163442.496694
1622786400000,88.746,90.449,86.1,87.692,155931.850867
1622790000000,87.704,89.66,85.227,87.912,198783.643578
1622793600000,87.946,90.978,86.515,89.478,115636.129228
1622797200000,89.433,91.409,88.12,90.529,95770.056058
1622800800000,90.582,91.655,87.631,87.815,119875.546903
1622804400000,87.892,88.67,85.912,87.525,129586.525937
1622808000000,87.521,90.285,84.577,88.453,185369.058295
1622811600000,88.537,89.9,87.666,88.607,88475.438644
1622815200000,88.619,89.543,86.554,88.75,99262.311298
1622818800000,88.748,89.671,87.671,88.627,75530.375038
1622822400000,88.627,93.726,88.013,92.092,182247.936931
1622826000000,92.092,93.425,91.794,92.288,71260.235336
1622829600000,92.345,94.013,92.287,92.515,56035.005629
1622833200000,92.503,92.819,89.697,90.516,60177.414508
1622836800000,90.423,91.787,90.423,90.925,41062.646304
1622840400000,90.91,91.786,90.012,90.181,46047.503134
1622844000000,90.21,90.369,87.813,89.039,69716.511331
1622847600000,89.024,89.458,87.057,87.979,78204.390288
1622851200000,87.962,91.266,86.273,90.533,115862.419915
1622854800000,90.55,90.693,89.263,89.508,64225.613677
1622858400000,89.483,89.763,87.555,89.205,63064.520107
1622862000000,89.224,90.214,89.1,89.375,70916.862492
1622865600000,89.377,90.647,89.377,90.378,60768.881389
1622869200000,90.369,92.48,90.31,91.266,89778.145767
1622872800000,91.279,92.2,90.471,91.239,50880.790999
1622876400000,91.258,93,90.731,91.135,84666.015479
1622880000000,91.156,92.658,90.567,91.634,58023.825696
1622883600000,91.631,91.806,87.5,88.455,88630.086646
1622887200000,88.46,89.558,87.934,88.33,79532.296398
1622890800000,88.305,88.951,86.827,87.786,70434.720696
1622894400000,87.772,89.302,86.238,88.594,84756.94509
1622898000000,88.605,88.867,87.314,87.352,55877.063518
1622901600000,87.319,88.67,87.028,87.285,56812.866884
1622905200000,87.171,89.428,86.8,89.203,57801.602041
1622908800000,89.254,91,88.205,88.604,74874.466017
1622912400000,88.59,88.878,87.354,87.711,36490.918008
1622916000000,87.721,88.453,87.454,88.082,22335.938003
1622919600000,88.088,88.946,87.299,87.329,21239.208298
1622923200000,87.351,88.62,87.236,87.967,25499.382891
1622926800000,87.949,87.975,85.8,86.374,39611.499885
1622930400000,86.368,87.973,86.224,87.294,30075.836666
1622934000000,87.264,88.529,87.264,88.142,30194.557722
1622937600000,88.144,88.469,87.452,87.956,29214.481589
1622941200000,87.959,89,87.958,88.492,27113.183854
1622944800000,88.466,88.479,87.639,87.8,20618.737688
1622948400000,87.767,87.988,86.35,86.99,33589.920372
1622952000000,86.966,87.577,86.688,87.485,20901.303962
1622955600000,87.494,87.924,87.144,87.886,18187.818916
1622959200000,87.899,88.435,86.647,87.11,32769.979232
1622962800000,87.106,87.86,86.88,87.751,20525.879616
1622966400000,87.744,88.338,87.346,88.071,24897.371712
1622970000000,88.086,88.5,87.693,87.989,30866.625151
1622973600000,87.98,88.063,87.024,87.251,27189.607197
1622977200000,87.249,87.95,86.871,87.387,25986.921643
1622980800000,87.386,88.081,87.13,87.392,22198.12538
1622984400000,87.394,88.07,86.822,87.011,29574.804305
1622988000000,87,87.8,86.588,87.643,32946.509367
1622991600000,87.682,88.244,87.368,88.023,28235.139327
1622995200000,87.941,88.265,87.025,87.376,27523.216891
1622998800000,87.38,87.38,86.766,86.976,14218.330912
1623002400000,86.963,87.281,86.887,87.024,12058.686166
1623006000000,87.027,87.027,86.003,86.126,15520.778155
1623009600000,86.072,86.59,86,86.46,12932.108652
1623013200000,86.479,86.97,86.352,86.847,11421.517266
1623016800000,86.839,86.969,86,86.449,21921.314666
1623020400000,86.437,87.123,86.275,86.957,18641.792737
1623024000000,86.969,88.2,86.297,87.932,45573.087096
1623027600000,87.923,89.811,87.895,89.238,38514.226767
1623031200000,89.239,90.899,88.7,90.422,41106.515736
1623034800000,90.45,91.88,89.806,90.232,59403.132819
1623038400000,90.264,91.651,89.576,90.173,39311.421661
1623042000000,90.198,91.066,90.142,90.292,32605.559477
1623045600000,90.296,90.485,89.02,89.25,26786.205263
1623049200000,89.226,89.902,88.567,89.362,35860.685341
1623052800000,89.394,89.803,88.725,88.742,37736.303766
1623056400000,88.801,89.898,88.435,89.361,25827.309713
1623060000000,89.388,90.488,89.376,89.951,16737.508322
1623063600000,89.972,90.1,89.299,89.587,23677.540359
1623067200000,89.571,90.567,89.198,90.244,33340.206059
1623070800000,90.308,90.554,89.204,89.361,25874.021766
1623074400000,89.34,89.429,88.587,89.15,38095.428287
1623078000000,89.148,90.078,88.962,89.92,28780.423872
1623081600000,89.92,92.078,89.598,90.771,99404.411001
1623085200000,90.771,90.916,89.89,90.378,37526.637758
1623088800000,90.334,90.555,88.965,89.283,41585.02611
1623092400000,89.281,89.788,88.884,89.659,22889.633171
1623096000000,89.63,89.91,86.865,87.189,57640.326757
1623099600000,87.209,87.821,85.901,86.684,48739.060599
1623103200000,86.671,87.515,86.45,87.1,34777.190222
1623106800000,87.07,87.07,80,82.001,156249.413958
1623110400000,81.989,83.731,80.434,81.981,124296.707362
1623114000000,81.959,82.946,80.713,82.016,65495.747396
1623117600000,82.02,82.07,72.133,74.69,193941.877042
1623121200000,74.742,75.968,73.805,75.558,129551.338106
1623124800000,75.548,77.133,74.882,75.415,85857.22329
1623128400000,75.429,76.271,74.137,75.711,73642.714288
1623132000000,75.709,76.261,74.723,75.146,54480.395778
1623135600000,75.111,76.868,74.077,76.225,87153.760499
1623139200000,76.25,78.86,76.204,77.056,92613.123985
1623142800000,77.101,78.079,76.134,76.781,71814.968863
1623146400000,76.765,78.059,76.439,76.842,56063.403595
1623150000000,76.851,77.764,76.607,77.235,42629.214061
1623153600000,77.232,77.46,75.576,75.821,33000.789621
1623157200000,75.801,76.109,74.613,74.676,65987.594089
1623160800000,74.719,75.198,71.35,72.823,170393.724753
1623164400000,72.844,73.814,70.481,73.344,162141.744844
1623168000000,73.314,74.547,72.444,73.654,85986.549525
1623171600000,73.655,73.756,72.345,72.844,46418.917221
1623175200000,72.838,74.673,72.619,74.55,65288.990038
1623178800000,74.526,75.633,74.144,75.329,51135.299736
1623182400000,75.314,76.219,74.366,75.428,84363.968155
1623186000000,75.431,75.954,74.766,75.022,42301.139782
1623189600000,75,76.381,74.824,75.343,53265.284732
1623193200000,75.365,76.5,75.364,76.019,64812.973902
1623196800000,76.003,76.488,72.184,72.196,108702.437129
1623200400000,72.201,73.393,72.042,72.247,67753.133198
1623204000000,72.277,73.991,71.233,71.838,89098.852554
1623207600000,71.849,72.769,70.965,72.587,51935.961753
1623211200000,72.656,72.992,71.621,72.809,28986.314933
1623214800000,72.81,74.186,72.666,73.58,33419.354505
1623218400000,73.575,75.665,73.153,75.246,59896.268501
1623222000000,75.242,75.8,73.064,73.375,81738.030982
1623225600000,73.424,73.929,72.566,73.155,75239.254206
1623229200000,73.176,74.415,73.007,73.03,67314.253438
1623232800000,73.067,74.962,72.979,74.528,68941.308842
1623236400000,74.548,75.528,74.174,75.243,57568.15414
1623240000000,75.221,76.455,74.429,74.758,84564.527339
1623243600000,74.76,75.342,74.206,75.002,43587.738377
1623247200000,75.004,75.506,73.501,73.675,51869.207623
1623250800000,73.768,78.397,73.768,78.334,150351.996643
1623254400000,78.297,78.804,75.869,77.566,110887.933437
1623258000000,77.482,78.163,76.35,77.435,64900.610326
1623261600000,77.478,78.114,75.99,76.103,87123.543801
1623265200000,76.124,76.82,75.5,76.309,75048.657004
1623268800000,76.325,76.545,75.617,75.796,41173.30183
1623272400000,75.779,76.944,75.778,76.542,23200.64852
1623276000000,76.563,78,76.233,77.473,47760.310069
1623279600000,77.463,77.808,77.032,77.765,45354.475879
1623283200000,77.768,78.498,76.363,76.749,73120.08762
1623286800000,76.756,78.75,76.756,77.33,76176.027932
1623290400000,77.309,78.272,76.956,78.095,48021.622109
1623294000000,78.095,79.108,77.096,77.159,63817.754807
1623297600000,77.179,77.914,76.558,76.764,47487.282495
1623301200000,76.774,77.19,76.122,76.666,42969.444227
1623304800000,76.619,76.754,75.836,76.326,45752.41655
1623308400000,76.264,77.104,75.859,76.926,41524.752532
1623312000000,76.916,76.926,75.011,75.031,57094.731796
1623315600000,75.012,76.687,74.606,76.489,73895.769273
1623319200000,76.485,77.478,76.212,76.297,70742.055062
1623322800000,76.303,76.99,76.063,76.516,33150.044643
1623326400000,76.513,76.977,75.56,76.261,57428.693181
1623330000000,76.275,76.461,75.678,75.909,43925.431071
1623333600000,75.936,76.499,74.601,75.093,82677.882369
1623337200000,75.067,75.476,74.124,75.075,55271.019494
1623340800000,74.941,75.25,73.644,73.977,70337.85582
1623344400000,73.959,74.263,72.503,73.189,69848.467541
1623348000000,73.164,73.598,72.797,73.203,43954.634427
1623351600000,73.156,73.338,72.27,72.631,36207.853921
1623355200000,72.66,73,71.652,72.979,56872.74771
1623358800000,72.987,73.627,72.349,73.619,25110.721781
1623362400000,73.627,74.138,73.335,73.882,34236.492435
1623366000000,73.881,74.117,73.241,73.341,29063.174548
1623369600000,73.352,74.085,72.588,72.75,49677.202605
1623373200000,72.717,73.079,71.963,72.64,53514.779835
1623376800000,72.65,72.967,72.084,72.872,34139.719667
1623380400000,72.888,73.834,72.761,73.291,47890.527143
1623384000000,73.274,73.677,72.805,73.586,27690.108187
1623387600000,73.602,73.948,73.061,73.137,40811.853428
1623391200000,73.178,73.243,72.505,72.743,30857.970147
1623394800000,72.803,73.63,72.625,73.366,32458.678216
1623398400000,73.343,74.025,72.918,73.11,45862.993078
1623402000000,73.189,73.74,72.767,73.208,52628.559461
1623405600000,73.208,73.929,73.197,73.602,32972.58633
1623409200000,73.625,73.897,73.167,73.321,30337.598155
1623412800000,73.359,73.586,73.036,73.279,35267.290936
1623416400000,73.324,73.649,73.22,73.529,29726.642555
1623420000000,73.529,73.587,72.45,72.927,31929.050396
1623423600000,72.94,72.94,71.889,72.037,55204.644271
1623427200000,72.023,72.975,71.53,72.359,51484.855467
1623430800000,72.347,72.952,72.167,72.782,30869.950388
1623434400000,72.784,72.784,72.128,72.671,25643.457927
1623438000000,72.658,72.714,72.116,72.118,21511.260716
1623441600000,72.116,72.51,71.8,71.815,27174.486839
1623445200000,71.825,72.055,70.908,71.329,28988.125704
1623448800000,71.306,72.655,71.167,71.803,42857.990681
1623452400000,71.813,71.813,69.56,70.803,71330.178103
1623456000000,70.774,70.915,69.821,70.045,49268.905423
1623459600000,70.034,70.225,66,67.38,124127.049991
1623463200000,67.356,68.055,66,66.407,117227.590389
1623466800000,66.409,68.596,66.31,68.33,76676.932294
1623470400000,68.323,68.476,67.421,67.936,54542.181391
1623474000000,67.891,68.423,67.448,68.094,37538.588955
1623477600000,68.103,68.432,67.88,68.28,30756.106413
1623481200000,68.306,70.566,68.306,70.141,63743.056239
1623484800000,70.122,70.227,69.096,69.199,45140.986969
1623488400000,69.174,69.671,68.896,69.476,35792.782672
1623492000000,69.513,70.868,68.21,70.055,88558.401432
1623495600000,70.1,70.585,69.327,69.992,40615.958988
1623499200000,70.033,71.296,69.513,70.505,56583.27328
1623502800000,70.532,70.777,70.055,70.466,30809.514384
1623506400000,70.472,70.479,69.61,69.829,36466.012728
1623510000000,69.867,70.533,69.794,70.197,39818.243582
1623513600000,70.179,70.63,69.789,70.503,34463.721974
1623517200000,70.505,70.694,69.885,70.454,26471.939932
1623520800000,70.482,70.898,70.257,70.812,23263.627263
1623524400000,70.82,71.265,69.985,70.14,24750.003746
1623528000000,70.165,70.52,69.983,70.178,21221.685881
1623531600000,70.155,70.425,69.848,70.277,18092.59586
1623535200000,70.286,70.654,69.623,69.864,24007.860162
1623538800000,69.893,70.249,69.403,69.655,22329.560227
1623542400000,69.701,70.026,69.021,69.93,32575.969381
1623546000000,69.943,70.443,69.921,70.314,24955.450277
1623549600000,70.365,70.441,69.683,69.801,19284.975501
1623553200000,69.799,69.801,68.798,68.835,38287.849336
1623556800000,68.825,69.463,68.617,69.229,27788.244277
1623560400000,69.223,69.326,68.819,68.947,26796.491608
1623564000000,68.974,69.799,68.742,69.746,25277.260779
1623567600000,69.719,69.719,69.152,69.475,29192.386181
1623571200000,69.473,69.9,69.221,69.585,29097.706295
1623574800000,69.57,71.416,69.524,71.195,32338.187664
1623578400000,71.216,71.342,70.403,70.88,45256.964203
1623582000000,70.863,70.879,70.207,70.36,29442.466061
1623585600000,70.349,70.924,70.151,70.181,30473.94108
1623589200000,70.182,70.441,69.876,70.098,24402.43271
1623592800000,70.071,70.276,69.65,69.675,24348.516802
1623596400000,69.69,70.245,69.629,70.022,31203.636
1623600000000,70.047,71.051,69.932,70.696,58727.195973
1623603600000,70.702,71.468,70.5,71.188,33262.691224
1623607200000,71.185,72.547,71.123,72.167,48895.859012
1623610800000,72.175,72.252,71.375,71.51,23111.855844
1623614400000,71.536,73.69,71.504,73.381,53599.861917
1623618000000,73.374,73.634,72.724,73.073,28891.92927
1623621600000,73.087,73.251,72.379,73.15,34258.083888
1623625200000,73.144,73.322,72.751,73.09,24067.60497
1623628800000,73.082,73.456,71.832,72.407,42231.293409
1623632400000,72.418,73.587,72.117,72.988,44534.213781
1623636000000,73.009,73.188,72.511,72.715,21876.798192
1623639600000,72.718,73.077,72.09,72.952,35665.369708
1623643200000,72.975,73.228,72.58,73.05,22797.155945
1623646800000,73.084,73.49,72.734,73.34,27397.100093
1623650400000,73.328,73.453,72.761,73.049,21800.576731
1623654000000,73.049,73.098,72.658,72.868,22032.09272
1623657600000,72.833,73.089,72.397,72.533,33578.565322
1623661200000,72.523,72.971,72.313,72.496,29286.927811
1623664800000,72.472,72.832,72.377,72.667,20758.888916
1623668400000,72.681,72.824,72.28,72.281,18414.707954
1623672000000,72.283,73.129,71.869,72.973,34663.226402
1623675600000,72.962,75,72.847,74.046,90745.815342
1623679200000,74.023,74.718,73.517,73.776,62359.893467
1623682800000,73.793,77.437,73.63,76.889,93498.984497
1623686400000,76.888,77.698,74.422,75.35,111735.731161
1623690000000,75.349,75.44,74.984,75.133,34044.103045
1623693600000,75.136,75.272,73.641,73.819,35406.253212
1623697200000,73.829,74.169,73.155,73.784,38457.007923
1623700800000,73.758,74,73.18,73.681,31686.732789
1623704400000,73.698,74.368,73.698,74.144,28078.948136
1623708000000,74.149,74.83,74.079,74.598,32173.303234
1623711600000,74.65,75.332,74.572,74.895,42050.365827
1623715200000,74.897,75.918,74.335,74.774,55905.648104
1623718800000,74.784,75.139,74.01,74.116,38884.452953
1623722400000,74.127,74.902,74.071,74.585,31447.89529
1623726000000,74.595,75.179,74.595,74.756,23991.026891
1623729600000,74.758,75.213,74.281,75.115,38247.497098
1623733200000,75.113,75.205,74.17,74.678,40801.496994
1623736800000,74.668,75.418,74.366,74.64,49640.936672
1623740400000,74.637,75.058,74.355,74.816,31447.866082
1623744000000,74.82,74.844,73.395,73.7,45258.122119
1623747600000,73.674,74.234,73,73.685,42807.920937
1623751200000,73.681,74.072,73.343,73.496,40034.643636
1623754800000,73.512,73.864,72.685,73.442,35351.646331
1623758400000,73.421,73.97,73.182,73.844,36175.150686
1623762000000,73.857,73.95,73.498,73.741,23419.451829
1623765600000,73.752,73.803,72.345,72.764,48006.361019
1623769200000,72.745,73.073,72.075,72.914,42315.14886
1623772800000,72.857,73.522,72.393,73.336,41316.128475
1623776400000,73.332,74.32,73.055,74.161,38713.80754
1623780000000,74.171,74.685,73.224,73.443,49987.878339
1623783600000,73.444,73.65,72.144,72.316,37378.351813
1623787200000,72.311,72.743,71.586,72.44,36732.11615
1623790800000,72.446,72.65,72.266,72.547,11225.33073
1623794400000,72.519,72.867,72.488,72.706,25003.082316
1623798000000,72.717,72.987,72.464,72.569,18458.06511
1623801600000,72.559,72.566,71.593,71.631,38242.938317
1623805200000,71.605,71.623,70.13,71.352,63414.629767
1623808800000,71.309,71.431,70.798,71.067,30452.912329
1623812400000,71.041,71.383,70.6,71.043,30206.344496
1623816000000,71.076,71.878,70.916,71.512,27074.915605
1623819600000,71.528,71.694,71.249,71.598,21400.748189
1623823200000,71.6,72.028,71.444,71.777,25620.9636
1623826800000,71.776,72.206,71.589,71.665,26553.087081
1623830400000,71.664,72.328,71.251,71.542,34771.548001
1623834000000,71.528,71.59,71.11,71.165,19197.561657
1623837600000,71.165,71.26,70.513,70.85,36716.398678
1623841200000,70.861,70.879,69.528,70.034,60777.06635
1623844800000,70.016,70.175,69.22,69.673,55877.434887
1623848400000,69.674,70.369,69.533,70.054,31457.76122
1623852000000,70.053,70.14,69.264,69.584,32179.419091
1623855600000,69.519,69.806,69.1,69.581,41999.376745
1623859200000,69.553,70.2,68.698,69.04,66611.855076
1623862800000,68.985,69.831,68.572,69.66,41374.249426
1623866400000,69.587,70.542,68.967,70.242,71115.754991
1623870000000,70.237,70.48,69.842,69.854,25020.085689
1623873600000,69.835,69.997,69.181,69.48,30022.178855
1623877200000,69.436,70.184,69.278,70.077,12044.054598
1623880800000,70.056,70.423,69.635,69.721,23394.820059
1623884400000,69.721,69.747,69,69.747,27390.569924
1623888000000,69.744,70.378,69.523,70.191,33926.88545
1623891600000,70.19,70.4,70.039,70.204,23697.517299
1623895200000,70.223,71.431,70.063,70.682,38734.011953
1623898800000,70.694,72.04,70.694,71.767,41597.894361
1623902400000,71.781,72.099,71.037,71.256,31892.185951
1623906000000,71.271,71.397,70.899,70.902,24044.696649
1623909600000,70.908,71.392,70.732,71.211,32673.940492
1623913200000,71.268,71.365,70.735,70.844,27666.666614
1623916800000,70.846,71.125,70.418,70.626,21196.028511
1623920400000,70.66,70.793,70.041,70.557,29751.998545
1623924000000,70.572,70.601,69.673,69.687,21647.845746
1623927600000,69.7,70.051,69.532,69.579,27104.386881
1623931200000,69.59,69.729,69.057,69.615,40217.832272
1623934800000,69.62,69.978,69.37,69.62,24342.265379
1623938400000,69.589,70.26,69.3,70.041,33206.857091
1623942000000,70.051,70.545,69.762,70.485,20967.848477
1623945600000,70.456,70.694,68.945,69.335,44344.766592
1623949200000,69.326,69.472,67.894,68.16,62726.408079
1623952800000,68.115,68.403,67.665,68.034,36100.036768
1623956400000,68.012,68.294,67.852,68.07,22569.966519
1623960000000,68.035,68.48,67.041,67.606,41291.495609
1623963600000,67.617,68.031,67.139,68.026,15707.084673
1623967200000,68.026,68.42,67.743,68.42,21365.757252
1623970800000,68.411,69.079,68.274,68.917,29438.676154
1623974400000,68.952,68.969,68.16,68.314,30846.835449
1623978000000,68.333,68.47,67.353,67.653,32171.612594
1623981600000,67.65,68.086,67.058,67.999,35178.02513
1623985200000,68.001,68.4,67.944,68.269,21592.789165
1623988800000,68.249,68.57,67.882,68.358,19508.029014
1623992400000,68.366,68.508,67.624,67.787,19338.994566
1623996000000,67.777,68.037,67.653,67.842,22539.495071
1623999600000,67.827,68.146,67.606,68.005,24344.956023
1624003200000,67.991,68.321,67.733,67.945,24548.87527
1624006800000,67.965,67.982,67.128,67.266,41149.901978
1624010400000,67.269,67.832,66.275,67.619,66099.608388
1624014000000,67.607,67.95,66.838,67.14,35611.290609
1624017600000,67.155,67.312,66.463,66.761,37375.92911
1624021200000,66.761,67.108,66,66.028,46213.690793
1624024800000,66.044,66.345,65.126,65.801,78820.02888
1624028400000,65.764,66.364,65.393,65.99,53775.082728
1624032000000,66.008,66.886,65.467,66.813,57019.580791
1624035600000,66.834,66.834,65.557,65.58,30904.908881
1624039200000,65.572,65.831,63.552,63.867,67321.250287
1624042800000,63.871,64.382,63.595,63.652,42750.319179
1624046400000,63.652,64.871,63.458,64.195,38661.537103
1624050000000,64.205,65.09,64.121,65.067,22325.722696
1624053600000,65.047,65.447,64.649,65.353,23155.432543
1624057200000,65.347,65.787,64.752,65.706,34338.206357
1624060800000,65.689,66.22,65.419,65.816,30485.455103
1624064400000,65.799,66.847,65.76,66.613,31435.295952
1624068000000,66.617,66.648,65.047,65.187,40164.368965
1624071600000,65.2,65.306,64.285,64.953,49272.900309
1624075200000,64.974,65.38,64.491,64.89,34498.742092
1624078800000,64.903,65.741,64.903,65.576,30850.006674
1624082400000,65.576,65.762,65.357,65.557,28237.884457
1624086000000,65.579,65.61,64.836,65.559,27387.325892
1624089600000,65.557,65.728,65.13,65.516,27204.240967
1624093200000,65.519,65.981,65.14,65.275,23717.020224
1624096800000,65.271,65.326,64.899,65,24555.929273
1624100400000,64.984,65.68,64.984,65.612,22117.804382
1624104000000,65.608,66.589,65.236,65.548,42580.41823
1624107600000,65.542,65.717,65.208,65.641,22220.300231
1624111200000,65.642,66.8,65.642,66.703,46853.264293
1624114800000,66.689,66.75,65.88,66.355,33421.177572
1624118400000,66.358,66.55,65.4,65.632,31456.133116
1624122000000,65.639,65.913,65.526,65.599,20380.744191
1624125600000,65.612,65.688,65.095,65.528,23734.850829
1624129200000,65.527,65.963,65.379,65.822,21507.091585
1624132800000,65.833,65.926,65.444,65.862,14368.098343
1624136400000,65.872,66.638,65.753,66.191,15875.587796
1624140000000,66.185,66.194,65.076,65.166,28542.639446
1624143600000,65.154,65.498,64.707,64.715,32607.191597
1624147200000,64.704,64.904,63.51,63.996,65056.024233
1624150800000,64.001,64.697,63.855,64.331,35699.978151
1624154400000,64.356,64.356,63.33,64.106,44151.911872
1624158000000,64.111,64.308,63.839,63.991,23670.939614
1624161600000,63.955,64.982,63.894,64.857,32176.511973
1624165200000,64.857,64.966,64.572,64.637,21837.666695
1624168800000,64.596,64.751,64.05,64.08,23240.467166
1624172400000,64.065,64.235,63.572,64,31573.223316
1624176000000,64.021,64.086,63.432,63.493,30529.48808
1624179600000,63.49,63.754,62.679,62.962,60802.246027
1624183200000,62.959,63.003,60,60.955,142660.999729
1624186800000,60.953,61.192,60.197,60.578,72284.266136
1624190400000,60.522,61.472,59.89,61.274,84287.660236
1624194000000,61.282,62.216,61.053,61.676,75076.9226
1624197600000,61.646,61.855,61.282,61.804,38507.793464
1624201200000,61.835,62.856,61.5,61.504,60200.910926
1624204800000,61.5,61.787,60.568,61.096,61532.671458
1624208400000,61.115,61.784,60.972,61.557,40428.84004
1624212000000,61.598,61.8,61.427,61.682,25859.093183
1624215600000,61.712,62.915,61.712,62.706,44265.964316
1624219200000,62.734,63.524,62.543,63.324,48256.612192
1624222800000,63.327,63.481,62.859,62.901,22666.269562
1624226400000,62.915,63.8,62.905,63.798,27769.04436
1624230000000,63.799,63.923,62.819,63.18,34518.362418
1624233600000,63.173,63.724,62.531,62.992,36452.700818
1624237200000,63.015,63.18,62.081,62.149,29946.624144
1624240800000,62.189,62.443,60.987,61.499,54013.20788
1624244400000,61.489,61.489,60.2,60.324,53006.463013
1624248000000,60.341,60.499,58.1,59.505,110830.020337
1624251600000,59.492,60.365,58.775,60.142,72812.54693
1624255200000,60.132,60.431,56.085,56.915,174915.542738
1624258800000,56.932,57.718,56.4,57.2,88065.918218
1624262400000,57.151,57.76,56.778,57.065,66837.094478
1624266000000,57.079,58.39,56.074,56.936,129310.032087
1624269600000,56.935,57.111,51.396,51.871,228082.748285
1624273200000,51.876,53.23,49.873,52.679,228767.940342
1624276800000,52.683,53.321,52.085,52.682,121031.61372
1624280400000,52.736,55.541,52,55,124424.134353
1624284000000,55.003,55.06,53.26,53.944,101270.691907
1624287600000,53.951,54.028,52.449,52.892,92763.41038
1624291200000,52.886,54.222,50.336,50.722,169138.954624
1624294800000,50.72,51.675,49.966,50.736,96861.073807
1624298400000,50.727,52.828,50.687,52.403,84337.681119
1624302000000,52.391,52.504,51.265,51.982,56482.291786
1624305600000,51.987,52.903,51.849,52.212,47049.547753
1624309200000,52.191,52.191,48.241,48.248,62760.815837
1624312800000,48.224,49.944,44.845,45.337,143936.510352
1624316400000,45.336,47.7,45.256,46.114,128563.36536
1624320000000,46.145,46.336,42.502,45.749,231815.042045
1624323600000,45.768,50.019,45.768,48.604,215504.988415
1624327200000,48.627,49.22,47.811,49.107,129967.554816
1624330800000,49.142,50.594,48.239,49.529,110465.595057
1624334400000,49.508,49.716,48.207,48.953,77773.781024
1624338000000,48.948,49.5,47.259,47.635,97532.591944
1624341600000,47.635,48.658,47.521,48.513,79350.500843
1624345200000,48.54,48.793,47.926,48.485,80348.293249
1624348800000,48.53,48.76,45.967,46.538,125935.648228
1624352400000,46.524,47.353,45.832,47.267,70190.359424
1624356000000,47.276,49.5,46.5,48.723,139615.675968
1624359600000,48.734,49.158,47.458,47.498,92806.118827
1624363200000,47.523,47.595,45.371,46.202,201605.414871
1624366800000,46.185,46.766,44.938,45.63,163002.102803
1624370400000,45.635,47.98,45.167,47.46,141259.766134
1624374000000,47.477,49.513,46.954,49.127,142842.773521
1624377600000,49.114,51.918,48.918,51.01,154694.946091
1624381200000,50.97,52,50.674,51.263,86647.985415
1624384800000,51.279,51.865,50.683,51.172,71423.26217
1624388400000,51.206,51.265,49.602,49.787,56937.726359
1624392000000,49.775,50.893,49.72,50.673,46090.054866
1624395600000,50.715,50.866,49.795,50.005,30949.122318
1624399200000,50.001,50.772,49.791,50.33,39394.790639
1624402800000,50.35,50.535,48.568,49.358,75808.295373
1624406400000,49.36,50.926,47.42,50.472,140974.057627
1624410000000,50.472,53.874,50.236,52.953,158232.878385
1624413600000,52.935,53.759,52.526,53.344,89653.545246
1624417200000,53.349,55.925,53.231,54.816,126301.09121
1624420800000,54.781,55.3,53.881,54.358,68112.033006
1624424400000,54.362,55.033,53.557,54.895,65736.794606
1624428000000,54.888,55.002,53.598,53.73,94991.810028
1624431600000,53.736,54.031,53.358,53.471,51277.137203
1624435200000,53.505,53.921,52.26,52.26,66388.552975
1624438800000,52.208,53.498,52.166,53.338,75334.771532
1624442400000,53.333,54.688,53.325,54.51,68553.086462
1624446000000,54.482,55.233,53.646,54.522,77554.619546
1624449600000,54.5,55.477,54.304,55.112,71937.693542
1624453200000,55.112,56.103,54.194,54.429,105249.845381
1624456800000,54.448,54.958,53.966,54.202,71163.830068
1624460400000,54.203,54.711,53.349,54.711,93591.499018
1624464000000,54.707,58.955,54.358,58.089,200536.668861
1624467600000,58.034,58.439,56.928,57.003,102197.371396
1624471200000,56.984,56.984,55.27,55.94,107646.236592
1624474800000,55.938,56.623,54.988,55.09,79640.75112
1624478400000,55.101,56.32,55.018,55.85,67613.377114
1624482000000,55.855,57.192,55.684,56.672,39489.297783
1624485600000,56.669,58.276,56.258,58.22,66723.096251
1624489200000,58.199,59.22,57.302,58.696,67334.534851
1624492800000,58.71,59.34,56.824,56.87,75801.190503
1624496400000,56.882,57.411,55.381,55.679,100153.609875
1624500000000,55.7,56.147,54.151,54.572,116501.301205
1624503600000,54.577,56.091,54.472,55.652,68875.58686
1624507200000,55.64,56.57,55.054,56.205,86069.256859
1624510800000,56.219,58,56.055,57.319,91934.360123
1624514400000,57.353,57.842,56.76,57.255,83908.097958
1624518000000,57.277,58.25,56.964,57.049,66461.701078
1624521600000,57.044,57.846,56.841,57.684,61801.739212
1624525200000,57.674,58.083,56.856,56.856,54113.49711
1624528800000,56.878,57.266,56.285,56.315,61065.686989
1624532400000,56.313,57.533,56.2,57.367,69233.333279
1624536000000,57.331,57.839,56.856,57.202,61469.563327
1624539600000,57.211,57.27,56.367,56.949,52182.985975
1624543200000,56.98,57.397,56.421,56.726,40357.164421
1624546800000,56.732,57.856,56.732,56.988,88369.328391
1624550400000,56.976,57.474,56.2,56.915,69418.441132
1624554000000,56.921,57.539,56.915,57.245,58461.281216
1624557600000,57.25,57.706,56.486,56.508,52542.205943
1624561200000,56.507,56.689,55.945,56.681,53570.93782
1624564800000,56.716,57.385,56.568,56.807,41642.428075
1624568400000,56.815,56.901,56.286,56.74,24397.206632
1624572000000,56.705,56.81,56.131,56.463,30942.3233
1624575600000,56.461,57.469,56.1,57.114,34057.443721
1624579200000,57.125,57.922,56.61,56.63,61686.329579
1624582800000,56.634,57.446,56.191,57.322,59572.707182
1624586400000,57.306,57.809,57.026,57.096,70961.425692
1624590000000,57.058,57.131,56.323,56.948,44954.631563
1624593600000,56.942,56.979,56.311,56.415,40776.597197
1624597200000,56.437,56.693,56.102,56.359,46018.100678
1624600800000,56.321,56.974,56.29,56.576,43829.54997
1624604400000,56.566,56.566,55.122,55.607,88103.024641
1624608000000,55.607,55.729,54.831,55.509,75017.449519
1624611600000,55.504,56.015,54.346,54.586,68560.198857
1624615200000,54.581,55.198,53.652,53.901,84182.911698
1624618800000,53.902,54.396,52.967,53.498,94293.864791
1624622400000,53.518,53.931,52.357,53.122,85038.480507
1624626000000,53.156,53.441,52.069,53.011,101448.527939
1624629600000,53.013,53.893,52.225,52.392,88957.295582
1624633200000,52.413,52.847,51.696,51.756,97232.000403
1624636800000,51.733,52.276,50.356,50.866,126196.772667
1624640400000,50.864,51.556,50.5,50.746,83902.659309
1624644000000,50.745,52.463,50.446,52.073,89214.109423
1624647600000,52.077,52.994,51.573,52.681,71147.093079
1624651200000,52.655,53.343,52.363,53.175,56686.055892
1624654800000,53.139,53.173,52.095,52.516,41633.92782
1624658400000,52.525,52.948,50.949,51.029,65378.24056
1624662000000,51.044,52.997,50.92,52.069,56979.530807
1624665600000,52.033,53.044,51.38,52.737,77204.769325
1624669200000,52.735,52.847,51.513,52.357,51847.635452
1624672800000,52.381,52.662,51.6,52.306,46521.052683
1624676400000,52.269,52.677,51.953,52.236,36325.253818
1624680000000,52.281,52.887,52.198,52.826,39264.965173
1624683600000,52.826,53.295,52.62,52.699,45561.309722
1624687200000,52.721,53.097,52.003,52.164,38376.691486
1624690800000,52.136,52.262,50.469,50.662,100388.973166
1624694400000,50.69,51.031,50,50.43,95555.755236
1624698000000,50.405,51.485,50.107,51.11,72867.687596
1624701600000,51.111,51.412,50.441,51.302,51982.964895
1624705200000,51.372,53,51.227,52.55,92556.803026
1624708800000,52.524,52.935,51.92,52.128,65374.416987
1624712400000,52.127,52.741,51.25,51.371,66234.547698
1624716000000,51.378,52.416,50.743,52.205,70698.316701
1624719600000,52.189,52.667,51.537,52.49,76010.304342
1624723200000,52.488,52.57,51.148,52.315,87037.452376
1624726800000,52.35,52.573,51.772,52.439,56706.8899
1624730400000,52.41,52.526,51.846,52.202,41415.019065
1624734000000,52.19,52.459,51.796,52.012,31750.503125
1624737600000,52.013,52.079,51.474,51.738,35460.453934
1624741200000,51.75,52.326,51.672,52.326,19716.314195
1624744800000,52.32,52.588,52.261,52.448,23730.692902
1624748400000,52.439,53.085,52.209,53.052,31102.542578
1624752000000,53.051,54.989,52.838,54.174,103136.492075
1624755600000,54.168,55.632,53.968,54.873,78834.887019
1624759200000,54.891,55.443,54.652,54.761,65211.040785
1624762800000,54.769,55.051,54.521,55.029,39617.961329
1624766400000,55.049,55.197,54.377,54.511,37591.320743
1624770000000,54.521,54.585,53.198,53.498,56278.700429
1624773600000,53.495,54.021,52.924,53.4,59022.750905
1624777200000,53.411,54.095,53.259,53.819,45874.7869
1624780800000,53.83,54.28,53.6,53.759,39757.098107
1624784400000,53.742,54.047,53.072,53.218,46122.355002
1624788000000,53.219,53.537,52.772,52.817,40932.128909
1624791600000,52.81,53.58,52.658,53.431,52503.30724
1624795200000,53.428,53.907,53.284,53.662,34219.583709
1624798800000,53.644,53.688,53.191,53.449,39612.407781
1624802400000,53.442,53.848,53.106,53.635,35611.608804
1624806000000,53.641,55.454,53.201,55.366,65940.329906
1624809600000,55.371,55.944,54.198,54.498,76368.822144
1624813200000,54.496,54.625,54.111,54.555,23253.734489
1624816800000,54.54,54.54,53.657,53.747,43100.915173
1624820400000,53.752,53.752,53.145,53.487,43205.368206
1624824000000,53.479,53.577,53.156,53.332,25988.513447
1624827600000,53.321,54.09,53.3,54.035,20573.454859
1624831200000,54.025,55.646,53.994,55.449,63943.308129
1624834800000,55.495,56.5,55.215,56.195,63112.9883
1624838400000,56.204,56.471,55.421,55.91,56112.857132
1624842000000,55.909,56.88,55.882,55.882,51297.19971
1624845600000,55.875,56.16,55.72,55.829,29974.541164
1624849200000,55.831,56.005,54.23,55.101,66301.722825
1624852800000,55.096,55.62,55.089,55.512,29701.155878
1624856400000,55.529,55.988,55.516,55.841,27508.172605
1624860000000,55.846,56.254,55.46,55.661,39103.894704
1624863600000,55.655,57.259,55.626,56.732,103934.586893
1624867200000,56.739,56.828,56.122,56.462,59724.621356
1624870800000,56.456,57.564,55.761,56.035,75048.698619
1624874400000,56.008,56.1,55.468,55.866,56484.242052
1624878000000,55.867,56.221,55.773,55.979,34968.96976
1624881600000,55.989,56.243,55.771,56.009,39453.582037
1624885200000,55.998,56.212,55.678,55.779,40650.491482
1624888800000,55.748,56.89,55.614,56.578,51100.511523
1624892400000,56.584,57.702,56.547,57.654,85836.666274
1624896000000,57.666,57.978,56.442,56.806,75318.440045
1624899600000,56.804,56.811,55.919,56.18,46218.611316
1624903200000,56.156,56.613,56.023,56.277,35341.534091
1624906800000,56.248,56.811,56.193,56.402,30141.751869
1624910400000,56.382,56.551,56.057,56.436,34883.754735
1624914000000,56.449,57.323,56.399,57.114,33222.204235
1624917600000,57.116,57.127,56.154,56.457,37816.487841
1624921200000,56.419,56.482,55.95,56.431,36313.649541
1624924800000,56.466,57.548,56.26,57.376,79620.599659
1624928400000,57.382,57.489,56.445,56.744,52798.91768
1624932000000,56.731,56.825,56.18,56.36,43387.523084
1624935600000,56.36,56.801,56.328,56.639,26982.781764
1624939200000,56.639,56.973,56.591,56.814,33681.504049
1624942800000,56.824,56.987,56.312,56.693,28415.175587
1624946400000,56.709,57.289,56.547,57.25,39933.238735
1624950000000,57.231,57.323,56.572,56.705,49211.513964
1624953600000,56.705,57.425,56.513,57.245,52566.258846
1624957200000,57.244,59.888,57.026,59.3,130357.371819
1624960800000,59.326,59.673,58.748,59.515,83584.14598
1624964400000,59.522,60,59.144,59.492,69397.857002
1624968000000,59.473,59.874,58.767,59.364,79014.179734
1624971600000,59.362,62.313,59.223,61.665,125215.37924
1624975200000,61.677,62.216,60.977,61.535,99322.35435
1624978800000,61.557,61.958,60.544,61.359,74654.102837
1624982400000,61.346,61.913,60.052,61.25,85447.722739
1624986000000,61.273,61.984,60.714,60.934,53947.682536
1624989600000,60.937,61.057,60.134,60.658,40326.91242
1624993200000,60.659,61.322,60.451,61.027,39225.892596
1624996800000,61,61.364,60.233,60.384,45485.802111
1625000400000,60.375,61.81,60.255,61.435,36949.010729
1625004000000,61.448,62.958,60.276,62.895,84256.271059
1625007600000,62.939,66.339,62.356,64.597,179538.476496
1625011200000,64.603,65.381,63,64.634,120664.994037
1625014800000,64.678,64.678,63.196,64.46,103327.094912
1625018400000,64.441,64.954,63.601,64.175,74467.994353
1625022000000,64.179,64.179,61.529,61.865,101540.58026
1625025600000,61.872,62.263,60.136,60.198,126572.725453
1625029200000,60.186,60.391,59.168,59.933,101995.953639
1625032800000,59.919,62.216,59.806,61.73,101174.783264
1625036400000,61.702,62.571,60.863,62.552,84547.494542
1625040000000,62.57,62.692,60.3,60.383,103911.070088
1625043600000,60.388,60.88,59.831,60.194,79293.748054
1625047200000,60.197,60.793,60.099,60.344,52477.17032
1625050800000,60.311,60.83,59.71,60.415,60093.324937
1625054400000,60.426,60.75,59.688,59.719,48930.712294
1625058000000,59.705,59.847,58.286,59.306,103108.992262
1625061600000,59.303,59.399,58.1,58.401,54511.281083
1625065200000,58.398,58.53,56.423,57.118,119879.917206
1625068800000,57.151,58.381,56.598,57.3,83048.923154
1625072400000,57.3,59.275,57.255,58.915,81383.852145
1625076000000,58.961,59.304,58.381,58.801,51539.778054
1625079600000,58.86,59.155,58.5,58.947,47384.397299
1625083200000,58.993,60.168,58.635,59.019,73019.951576
1625086800000,59.033,60.157,59.027,60.069,45556.657205
1625090400000,60.081,60.108,58.882,59.518,54960.284873
1625094000000,59.622,60.663,59.56,60.397,58363.201139
1625097600000,60.4,60.44,59.258,59.573,56839.53501
1625101200000,59.554,60.08,59.454,59.865,32857.9169
1625104800000,59.839,59.897,57.534,58.035,77391.429878
1625108400000,57.979,58.412,57.416,57.572,47723.639238
1625112000000,57.545,58.376,57.451,58.265,56133.152747
1625115600000,58.295,58.736,57.872,58.456,35703.259639
1625119200000,58.478,58.834,55.97,56.058,88157.436743
1625122800000,56.05,57.044,55.858,55.984,102301.595162
1625126400000,55.999,56.818,55.973,56.591,63296.491236
1625130000000,56.499,57.029,55.99,56.554,67574.034106
1625133600000,56.59,57.074,56.201,56.588,51400.215634
1625137200000,56.604,57.758,56.56,57.607,63425.295155
1625140800000,57.618,57.884,57.194,57.572,45867.919186
1625144400000,57.592,57.99,57,57.053,37646.87303
1625148000000,57.038,57.403,56.044,56.467,59673.614783
1625151600000,56.468,57.142,56.387,56.655,44789.49039
1625155200000,56.639,56.859,55.967,56.133,59193.725799
1625158800000,56.138,56.991,56,56.77,42476.721741
1625162400000,56.768,57.007,56.441,56.55,32966.833384
1625166000000,56.596,56.619,55.2,55.727,51617.092331
1625169600000,55.727,56.674,55.727,56.521,31376.586885
1625173200000,56.496,56.803,56.24,56.732,27640.861288
1625176800000,56.72,57.412,56.657,57.286,32282.21231
1625180400000,57.286,57.51,56.622,56.662,47245.552835
1625184000000,56.662,57.207,56.101,57.129,46359.978477
1625187600000,57.149,57.167,56.213,56.304,45092.933726
1625191200000,56.263,56.608,56.1,56.561,34320.450645
1625194800000,56.564,56.631,55.203,55.456,57398.859011
1625198400000,55.411,56,55.253,55.919,39921.729021
1625202000000,55.935,56.071,55.075,55.291,47758.775707
1625205600000,55.291,55.621,54.946,55.325,46570.310603
1625209200000,55.339,55.941,55.183,55.752,39148.579875
1625212800000,55.722,56.25,55.448,55.686,44224.50575
1625216400000,55.712,55.712,54.957,55.28,45683.491882
1625220000000,55.264,55.755,55.042,55.561,39105.818098
1625223600000,55.588,55.956,55.233,55.461,37842.873882
1625227200000,55.452,55.926,55.221,55.825,36440.171119
1625230800000,55.803,56.209,55.603,56.171,45169.573013
1625234400000,56.167,57.017,56.024,57.002,60426.120881
1625238000000,57.015,57.327,56.459,57.327,50033.461933
1625241600000,57.311,57.361,56.505,56.84,39301.975959
1625245200000,56.83,57.044,56.452,56.64,23517.834209
1625248800000,56.671,56.991,56.413,56.466,30489.326308
1625252400000,56.452,56.624,56.421,56.595,15977.852398
1625256000000,56.587,56.593,56.101,56.201,26496.550206
1625259600000,56.167,56.894,56.164,56.834,17468.780613
1625263200000,56.867,57.191,56.677,57.162,23719.939028
1625266800000,57.18,57.408,56.901,57.163,29176.284992
1625270400000,57.165,57.63,56.63,56.794,29972.892274
1625274000000,56.747,57.504,56.677,57.004,42595.033213
1625277600000,57.007,57.298,56.704,56.977,26759.120116
1625281200000,56.969,57.059,56.715,57.044,27630.37668
1625284800000,57.027,57.326,56.802,57.209,25045.292041
1625288400000,57.218,57.426,57.059,57.277,25058.893074
1625292000000,57.28,57.4,57.078,57.185,16675.71207
1625295600000,57.188,58.969,57.093,58.756,76622.849863
1625299200000,58.761,59.458,58.411,59.215,67626.823128
1625302800000,59.215,59.952,59.173,59.606,64713.868623
1625306400000,59.629,59.721,59.196,59.242,35627.122183
1625310000000,59.273,59.273,58.376,58.723,40741.122071
1625313600000,58.741,59.067,58.601,58.943,42307.968524
1625317200000,58.94,59,58.556,58.847,26957.953457
1625320800000,58.854,59.59,58.765,59.48,31005.043341
1625324400000,59.476,59.69,58.908,59.667,26690.176559
1625328000000,59.698,59.898,58.824,58.971,33834.450006
1625331600000,58.982,59.406,58.908,58.985,18755.615572
1625335200000,58.998,59.014,58.656,58.7,18653.569066
1625338800000,58.7,58.903,58.592,58.858,15946.528741
1625342400000,58.836,59.142,58.545,58.829,19079.800223
1625346000000,58.819,59.282,58.51,58.607,17880.713982
1625349600000,58.57,58.774,57.81,58.549,41239.044231
1625353200000,58.578,58.878,58.09,58.878,30679.804923
1625356800000,58.9,58.994,58.268,58.268,42605.621329
1625360400000,58.259,58.405,58.077,58.114,24921.516041
1625364000000,58.107,58.721,57.973,58.67,28319.470089
1625367600000,58.665,58.867,58.55,58.626,18896.557553
1625371200000,58.613,59.125,58.59,58.918,22566.784277
1625374800000,58.914,59.783,58.86,59.507,30642.905974
1625378400000,59.542,60.095,59.353,59.976,42001.681718
1625382000000,59.997,60.632,59.711,60.305,46243.42426
1625385600000,60.292,60.439,59.629,59.87,42585.920056
1625389200000,59.891,59.914,59.366,59.537,26243.824734
1625392800000,59.509,59.935,59.49,59.822,26188.665704
1625396400000,59.823,59.903,59.421,59.467,24343.587352
1625400000000,59.469,59.524,58.919,58.944,32429.055359
1625403600000,58.973,59.345,58.941,59.155,31533.932188
1625407200000,59.158,59.473,59.022,59.399,25300.750649
1625410800000,59.42,59.706,59.303,59.663,24863.17529
1625414400000,59.659,59.79,59.144,59.203,37881.046158
1625418000000,59.209,59.628,59.05,59.462,27267.774205
1625421600000,59.465,59.465,59.143,59.331,18555.040062
1625425200000,59.337,59.672,59.337,59.423,16967.910389
1625428800000,59.422,59.425,59.153,59.321,11607.922307
1625432400000,59.319,60.087,59.196,59.987,29776.033338
1625436000000,60.001,60.028,59.181,59.214,31915.546117
1625439600000,59.214,59.379,58.306,58.728,44347.523767
1625443200000,58.71,58.71,57.815,57.943,63090.631269
1625446800000,57.916,58.339,57.531,57.832,52457.612681
1625450400000,57.85,58.33,57.785,57.991,39175.905968
1625454000000,57.963,58.301,57.158,57.277,42867.579414
1625457600000,57.258,57.597,56.858,57.203,46571.0379
1625461200000,57.2,57.56,57.002,57.47,29444.762707
1625464800000,57.464,57.71,57.301,57.585,31035.618274
1625468400000,57.572,57.588,57.247,57.588,20092.530399
1625472000000,57.579,57.636,57.153,57.286,33886.184795
1625475600000,57.299,57.765,57.244,57.365,33210.359065
1625479200000,57.354,58.086,57.306,57.997,35988.075531
1625482800000,58.003,58.003,55.729,56.139,89782.930335
1625486400000,56.152,56.621,55.996,56.431,35735.978862
1625490000000,56.405,56.604,56.102,56.381,30875.987435
1625493600000,56.389,56.585,56.264,56.563,18911.343424
1625497200000,56.566,56.69,55.7,55.777,32847.461691
1625500800000,55.785,56.428,55.534,56.047,47289.606192
1625504400000,56.056,56.209,54.783,55.862,50411.381949
1625508000000,55.887,56.391,55.887,56.129,36796.114832
1625511600000,56.16,56.426,56.152,56.376,17929.1638
1625515200000,56.372,56.827,56.218,56.404,27071.139013
1625518800000,56.422,57.153,56.418,56.862,26766.570989
1625522400000,56.884,56.945,56.488,56.534,19367.378812
1625526000000,56.537,56.744,56.017,56.072,22606.873015
1625529600000,56.05,56.949,55.98,56.622,33291.535193
1625533200000,56.617,56.844,56.31,56.35,35185.57036
1625536800000,56.338,56.688,56.284,56.643,24072.264283
1625540400000,56.653,57.326,56.539,57.17,37090.369534
1625544000000,57.166,58.2,57.161,57.948,61447.806793
1625547600000,57.962,58.21,57.631,57.895,41612.841014
1625551200000,57.918,58.01,57.232,57.639,35631.578289
1625554800000,57.61,58.179,57.61,58.1,24476.561806
1625558400000,58.117,58.321,57.913,58.192,33233.347515
1625562000000,58.199,58.28,56.3,56.833,71312.311251
1625565600000,56.85,56.869,55.2,56.554,47902.921624
1625569200000,56.561,56.99,56.236,56.66,34937.273354
1625572800000,56.63,57.418,56.346,57.289,33269.1873
1625576400000,57.319,57.664,56.752,56.936,32461.314095
1625580000000,56.903,57.165,56.807,56.862,28775.501144
1625583600000,56.819,56.943,56.506,56.753,30034.702688
1625587200000,56.751,57.023,56.101,56.476,38058.259449
1625590800000,56.48,56.61,56,56.432,27786.37065
1625594400000,56.431,56.77,56.253,56.388,16076.656087
1625598000000,56.393,56.632,56.279,56.376,13785.931968
1625601600000,56.396,56.718,56.105,56.258,17499.761779
1625605200000,56.255,56.336,56.001,56.219,13676.588281
1625608800000,56.218,56.772,56.164,56.605,18836.187178
1625612400000,56.563,57.057,56.467,57.008,24140.211295
1625616000000,57,57.213,56.7,57.121,34353.816325
1625619600000,57.121,57.648,57.035,57.228,30717.344546
1625623200000,57.224,57.462,56.926,57.368,24930.778286
1625626800000,57.366,57.788,57.157,57.529,32503.625371
1625630400000,57.53,57.814,57.373,57.775,35470.086985
1625634000000,57.77,57.9,57.531,57.709,35177.885126
1625637600000,57.721,58.042,57.683,57.766,26329.075103
1625641200000,57.781,57.872,57.298,57.508,24979.717865
1625644800000,57.533,57.772,57.357,57.511,22296.986388
1625648400000,57.497,57.599,57.216,57.489,25861.062683
1625652000000,57.497,57.573,57.16,57.318,20763.973421
1625655600000,57.332,57.846,57.277,57.543,22332.50099
1625659200000,57.544,57.896,57.537,57.73,25828.594885
1625662800000,57.735,58,57.7,57.938,25617.788346
1625666400000,57.937,58.048,57.3,57.404,29394.199743
1625670000000,57.352,57.49,57.035,57.196,26514.754982
1625673600000,57.189,57.462,56.838,57.373,24594.388323
1625677200000,57.342,57.435,57.13,57.272,15241.32211
1625680800000,57.293,57.701,57.179,57.596,18753.807085
1625684400000,57.604,57.655,57.347,57.431,14322.736426
1625688000000,57.421,57.421,57.104,57.146,13923.83489
1625691600000,57.121,57.161,56.742,56.918,22346.788019
1625695200000,56.906,56.991,56.58,56.782,24905.786915
1625698800000,56.779,56.779,56.302,56.438,36699.278477
1625702400000,56.437,56.527,55.68,55.768,57737.107481
1625706000000,55.732,56.161,55.704,55.986,24246.428276
1625709600000,55.988,56.33,55.96,56.269,22554.00538
1625713200000,56.273,56.38,55.827,56.172,35644.170574
1625716800000,56.17,56.17,55.876,56.012,26168.6736
1625720400000,56.014,56.175,55.502,55.502,30608.11054
1625724000000,55.525,56.255,55.509,55.782,40165.616915
1625727600000,55.789,56.112,55,55.282,59555.835557
1625731200000,55.231,55.412,54.9,55.373,52169.516778
1625734800000,55.36,55.663,55.146,55.509,31688.144598
1625738400000,55.452,56.343,55.413,55.73,38193.814757
1625742000000,55.72,56.092,55.04,55.949,43090.497646
1625745600000,55.942,56.184,55.497,55.544,43059.701574
1625749200000,55.57,55.677,55.072,55.206,32798.013103
1625752800000,55.2,55.5,55.169,55.5,36092.369606
1625756400000,55.499,55.5,55.224,55.386,42216.02041
1625760000000,55.388,55.469,54.98,55.274,34201.61938
1625763600000,55.278,55.481,55.135,55.205,20981.498817
1625767200000,55.221,55.285,54.977,55.132,16533.69147
1625770800000,55.149,55.203,54.416,54.76,41487.703194
1625774400000,54.853,54.915,54.216,54.263,19235.881281
1625778000000,54.264,54.672,53.601,53.601,25861.768998
1625781600000,53.632,53.975,52.837,53.014,60933.802664
1625785200000,53.006,54.064,52.987,53.862,33435.797147
1625788800000,53.879,53.976,52.732,52.898,53928.570229
1625792400000,52.91,53.407,52.843,53.29,37033.405627
1625796000000,53.31,53.782,53.084,53.71,28267.268976
1625799600000,53.687,54.142,53.539,53.743,24797.495375
1625803200000,53.743,54.331,53.687,54.147,29566.644428
1625806800000,54.156,54.435,53.941,53.964,23779.33707
1625810400000,53.98,54.084,53.581,53.756,23453.458368
1625814000000,53.78,54.113,53.681,54.032,28919.309548
1625817600000,54.05,54.309,53.5,54.046,33845.776739
1625821200000,54.06,54.896,53.953,54.568,27173.648057
1625824800000,54.564,54.681,54.214,54.398,20099.630182
1625828400000,54.398,54.401,53.859,54.016,18413.9826
1625832000000,53.983,54.725,53.857,54.725,21616.752874
1625835600000,54.697,55.017,54.567,54.835,30586.259449
1625839200000,54.848,55.3,54.653,55.259,40967.512831
1625842800000,55.259,55.5,55.101,55.307,32537.386615
1625846400000,55.321,55.5,54.974,55.103,29309.014801
1625850000000,55.118,55.265,55.015,55.117,19933.807444
1625853600000,55.127,55.148,54.743,54.873,15791.540944
1625857200000,54.883,54.93,54.721,54.828,13092.34481
1625860800000,54.806,54.978,54.701,54.932,13229.63121
1625864400000,54.942,55.5,54.679,55.165,24548.623806
1625868000000,55.189,55.5,55.189,55.462,15828.245682
1625871600000,55.471,55.5,55.209,55.266,21158.706586
1625875200000,55.262,56,55.166,55.68,30664.905607
1625878800000,55.682,55.684,55.059,55.109,29269.482528
1625882400000,55.099,55.207,54.885,55.13,20359.978803
1625886000000,55.161,55.255,54.908,55.043,18520.979979
1625889600000,55.024,55.08,54.622,54.685,16721.124636
1625893200000,54.642,54.868,54.5,54.813,23796.77552
1625896800000,54.811,55.046,54.674,54.982,13929.941588
1625900400000,54.979,54.979,54.728,54.889,15917.398616
1625904000000,54.892,55.096,54.814,54.861,19471.969366
1625907600000,54.861,55.086,54.815,54.892,15946.880654
1625911200000,54.872,54.883,54.4,54.462,30908.506707
1625914800000,54.467,54.958,54.379,54.767,20492.798411
1625918400000,54.775,54.918,54.617,54.857,16134.425981
1625922000000,54.857,54.899,54.454,54.565,19317.822276
1625925600000,54.555,54.788,54.495,54.751,15593.818763
1625929200000,54.765,54.909,54.732,54.818,10517.706873
1625932800000,54.802,55.133,54.627,54.877,23479.710457
1625936400000,54.86,54.86,53.9,54.104,39393.667082
1625940000000,54.1,54.183,53.992,54.098,17085.568274
1625943600000,54.118,54.235,53.908,53.932,17280.7501
1625947200000,53.935,54.056,53.568,53.933,20256.352602
1625950800000,53.938,54.178,53.863,54.164,8123.230272
1625954400000,54.177,54.431,54.121,54.392,14385.448548
1625958000000,54.411,54.522,54.219,54.238,14473.364639
1625961600000,54.237,54.712,54.013,54.604,19585.559264
1625965200000,54.612,54.648,54.341,54.349,12170.893535
1625968800000,54.346,54.432,54.169,54.18,12853.80679
1625972400000,54.153,54.628,54.15,54.42,18293.064514
1625976000000,54.425,54.486,53.987,54.076,15334.506926
1625979600000,54.079,54.306,53.897,54.228,11512.609014
1625983200000,54.244,54.31,54.076,54.161,19686.648634
1625986800000,54.16,54.342,54.079,54.282,14104.038769
1625990400000,54.289,54.505,54.151,54.399,19701.994781
1625994000000,54.424,54.54,54.287,54.37,14221.003204
1625997600000,54.379,54.752,54.379,54.649,20275.741994
1626001200000,54.65,54.822,54.576,54.796,13377.171169
1626004800000,54.8,54.9,54.541,54.601,23702.458055
1626008400000,54.64,54.888,54.453,54.873,14675.626492
1626012000000,54.875,55.278,54.828,55.276,17712.243643
1626015600000,55.268,55.474,55.066,55.187,19909.451878
1626019200000,55.177,55.433,54.956,55.328,21018.102428
1626022800000,55.355,55.454,55.104,55.155,10120.49238
1626026400000,55.158,55.35,55.09,55.322,7892.618953
1626030000000,55.345,55.371,55.115,55.153,5891.080323
1626033600000,55.159,55.231,55.043,55.043,6894.309984
1626037200000,55.041,55.78,54.939,55.758,16707.721755
1626040800000,55.762,55.796,55.161,55.218,17692.131773
1626044400000,55.227,55.249,55.03,55.122,15643.825971
1626048000000,55.144,55.169,54.849,55,16729.89295
1626051600000,54.988,55.037,54.69,54.897,19247.140536
1626055200000,54.856,55.115,54.788,55.095,16648.019533
1626058800000,55.097,55.462,55.043,55.157,24158.053123
1626062400000,55.163,55.435,55.077,55.105,21008.165909
1626066000000,55.096,55.303,54.901,55.251,17251.156961
1626069600000,55.247,55.458,55.091,55.413,14196.435612
1626073200000,55.409,55.43,55.14,55.168,17537.669131
1626076800000,55.175,55.347,55.032,55.122,23206.670414
1626080400000,55.114,55.263,54.843,54.87,19388.087265
1626084000000,54.863,54.863,54.405,54.595,30595.294147
1626087600000,54.586,54.65,54.333,54.352,19285.128271
1626091200000,54.341,54.567,54.191,54.402,22622.500935
1626094800000,54.39,54.506,54.222,54.425,20709.765908
1626098400000,54.416,54.521,54.284,54.322,14552.869499
1626102000000,54.315,54.441,54.1,54.104,22422.385424
1626105600000,54.101,54.343,53.412,53.609,36836.407567
1626109200000,53.622,53.74,53.347,53.376,26547.921526
1626112800000,53.338,53.489,53,53.101,25512.58318
1626116400000,53.097,53.452,52.792,52.957,29512.358823
1626120000000,52.944,53.055,52.288,52.384,36616.523337
1626123600000,52.37,52.524,52.204,52.326,28645.825259
1626127200000,52.32,52.739,52.242,52.597,36199.760862
1626130800000,52.602,52.701,52.425,52.482,30985.105307
1626134400000,52.473,53.065,52.281,52.872,45801.290911
1626138000000,52.863,52.865,52.475,52.749,32399.789413
1626141600000,52.747,52.804,52.599,52.639,29812.844436
1626145200000,52.631,52.827,52.501,52.535,31238.306208
1626148800000,52.547,52.595,52.1,52.119,41601.206665
1626152400000,52.117,52.151,51.054,51.232,67009.697864
1626156000000,51.227,52.232,51.227,52.034,28858.088536
1626159600000,52.052,52.393,52,52.086,32861.099104
1626163200000,52.112,52.301,52.088,52.205,16659.337704
1626166800000,52.208,52.441,52.086,52.263,16551.591373
1626170400000,52.27,52.424,51.934,51.981,16543.371569
1626174000000,51.995,52.294,51.725,52.095,27090.631116
1626177600000,52.092,52.157,51.435,51.591,43044.007456
1626181200000,51.59,52.088,51.444,51.961,29109.833718
1626184800000,51.952,52.036,51.787,51.98,18556.112606
1626188400000,51.962,52.392,51.894,52.194,28543.440969
1626192000000,52.214,52.393,51.9,52.007,27295.90003
1626195600000,52.022,52.235,51.85,51.905,19216.320508
1626199200000,51.906,51.906,51.35,51.355,17484.320781
1626202800000,51.363,51.559,50.544,50.619,44633.282902
1626206400000,50.573,50.906,50.444,50.848,20740.606311
1626210000000,50.841,51,50.367,50.616,18844.243656
1626213600000,50.606,50.905,50.378,50.716,17248.666192
1626217200000,50.714,51.019,50.558,50.986,20029.670201
1626220800000,50.983,51.237,49.166,49.499,69630.746783
1626224400000,49.493,49.873,48.956,49.646,52001.250827
1626228000000,49.648,49.963,49.543,49.902,23869.502688
1626231600000,49.898,49.951,48.111,48.675,65288.677657
1626235200000,48.662,49.309,48.599,49.248,33478.120653
1626238800000,49.221,49.256,48.557,48.629,33400.0218
1626242400000,48.636,49.194,48.441,48.822,34692.342372
1626246000000,48.81,49.144,48.793,49.144,29297.473802
1626249600000,49.146,49.16,48.511,48.547,30865.944143
1626253200000,48.572,50.588,48.383,49.818,67101.833117
1626256800000,49.865,50.498,49.782,50.226,36575.911832
1626260400000,50.222,50.364,49.848,49.874,25177.808985
1626264000000,49.896,49.976,49.5,49.613,22275.679708
1626267600000,49.612,50.69,49.612,50.614,49425.441387
1626271200000,50.621,50.813,50.204,50.416,41520.257138
1626274800000,50.417,50.573,50.121,50.244,27818.585674
1626278400000,50.225,50.583,50.152,50.294,31536.005077
1626282000000,50.319,50.371,50.189,50.189,20272.693702
1626285600000,50.188,50.267,49.401,49.51,32322.446091
1626289200000,49.524,49.538,49.137,49.249,20421.457736
1626292800000,49.271,49.646,49.257,49.56,14137.917573
1626296400000,49.551,49.821,49.55,49.65,13001.91658
1626300000000,49.667,50.14,49.613,50.073,21140.936511
1626303600000,50.1,50.1,49.535,49.684,19292.56195
1626307200000,49.676,49.822,49.12,49.68,29994.490377
1626310800000,49.697,50.335,49.601,49.661,33427.236668
1626314400000,49.68,49.867,49.338,49.424,27297.971248
1626318000000,49.426,49.661,49.315,49.504,20372.441457
1626321600000,49.5,49.654,48.898,49.028,38171.546318
1626325200000,49.034,49.294,48.817,48.92,30671.377391
1626328800000,48.897,48.928,48.501,48.578,34596.170985
1626332400000,48.563,48.816,48.479,48.813,30759.596357
1626336000000,48.805,49.15,48.633,48.892,39262.499076
1626339600000,48.898,49.207,48.769,49.119,26045.700143
1626343200000,49.108,49.289,48.13,48.367,47834.955175
1626346800000,48.341,48.508,48.2,48.405,30821.780049
1626350400000,48.405,48.75,47.843,47.957,67051.467823
1626354000000,47.956,48.148,47.23,47.839,56223.313487
1626357600000,47.839,47.927,47.363,47.64,33279.10398
1626361200000,47.628,47.814,47.206,47.215,32993.560513
1626364800000,47.206,47.37,46.313,46.91,77559.728159
1626368400000,46.887,46.977,46.17,46.553,54389.050104
1626372000000,46.569,46.986,46.491,46.882,26788.660108
1626375600000,46.906,47.211,46.651,46.651,22576.673834
1626379200000,46.666,46.945,46.658,46.869,17504.198504
1626382800000,46.884,47.044,46.809,46.811,12599.107229
1626386400000,46.801,47.18,46.785,47.025,18176.244789
1626390000000,47.031,47.533,46.925,47.324,26572.354473
1626393600000,47.322,47.576,46.925,47.34,31913.188769
1626397200000,47.355,47.994,47.313,47.766,37537.967905
1626400800000,47.832,48.278,47.789,48.191,36459.865101
1626404400000,48.192,48.359,47.874,47.882,22669.580703
1626408000000,47.904,48.112,47.468,47.6,24728.112576
1626411600000,47.6,47.854,47.411,47.488,26499.355894
1626415200000,47.495,47.516,47,47.119,29785.723818
1626418800000,47.127,47.433,46.927,47.431,26596.775698
1626422400000,47.434,47.468,46.382,46.653,47669.643277
1626426000000,46.642,46.942,46.528,46.668,27545.223831
1626429600000,46.664,46.793,46.277,46.461,30114.064875
1626433200000,46.452,46.472,46.025,46.08,28936.491532
1626436800000,46.088,47.035,46.055,46.964,41552.310243
1626440400000,46.98,47.295,46.734,46.75,50528.661321
1626444000000,46.775,46.91,46.568,46.777,26288.961515
1626447600000,46.795,47.245,46.706,47.21,22041.758935
1626451200000,47.211,47.309,46.726,46.987,36160.692666
1626454800000,46.981,47.059,46.62,46.749,15450.907223
1626458400000,46.783,46.784,46.601,46.607,12766.36389
1626462000000,46.608,46.81,46.382,46.461,18398.188026
1626465600000,46.456,46.588,46.368,46.431,13900.310123
1626469200000,46.396,46.599,46.293,46.456,13258.294061
1626472800000,46.445,46.636,46.115,46.157,23761.877509
1626476400000,46.145,46.3,45.773,45.822,34086.044837
1626480000000,45.826,46.132,45.314,45.986,50459.873585
1626483600000,45.994,46.028,45.269,45.496,32608.873808
1626487200000,45.488,45.5,45.126,45.38,41835.609832
1626490800000,45.324,45.52,45.129,45.342,28855.084356
1626494400000,45.327,45.546,45.153,45.505,23950.591712
1626498000000,45.498,45.9,45.476,45.684,28543.167575
1626501600000,45.702,45.985,45.67,45.899,17067.87679
1626505200000,45.882,45.882,45.536,45.682,15320.148989
1626508800000,45.673,46.168,45.355,45.719,36984.190757
1626512400000,45.781,46.024,45.612,45.786,24701.475518
1626516000000,45.757,45.799,45.244,45.269,22244.495809
1626519600000,45.253,45.615,45.209,45.574,19602.304901
1626523200000,45.578,45.776,45.496,45.666,16274.409573
1626526800000,45.678,46.057,45.458,45.784,31864.127772
1626530400000,45.776,45.959,45.7,45.736,23485.544722
1626534000000,45.755,45.78,45.533,45.701,24921.946427
1626537600000,45.695,46.072,45.432,45.693,32992.548284
1626541200000,45.706,45.742,45.329,45.534,24326.441
1626544800000,45.546,45.77,45.438,45.626,18527.926138
1626548400000,45.657,46.011,45.646,45.906,26542.593459
1626552000000,45.915,46.021,45.675,45.676,13519.083453
1626555600000,45.677,45.889,45.618,45.714,11929.519191
1626559200000,45.714,45.742,45.56,45.646,13393.122922
1626562800000,45.649,45.68,45.478,45.621,16078.874297
1626566400000,45.634,47.118,45.545,46.796,39199.072
1626570000000,46.797,47.468,46.797,47.246,54246.72847
1626573600000,47.301,47.322,46.905,46.954,28813.952215
1626577200000,46.969,47.083,46.769,46.895,16105.432196
1626580800000,46.89,46.9,46.687,46.721,11768.56958
1626584400000,46.744,46.986,46.687,46.947,16932.08208
1626588000000,46.965,46.968,46.592,46.684,22301.104724
1626591600000,46.658,46.723,46.528,46.563,15046.484136
1626595200000,46.56,46.735,46.504,46.694,13808.812043
1626598800000,46.658,46.899,46.59,46.812,16889.078278
1626602400000,46.783,46.789,46.575,46.722,18326.284857
1626606000000,46.71,47.358,46.657,47.031,25517.103443
1626609600000,47.037,47.102,46.765,46.884,22053.656344
1626613200000,46.889,46.974,46.688,46.783,19875.555932
1626616800000,46.779,46.919,45.78,45.872,55306.741803
1626620400000,45.841,46.248,45.717,46.062,46214.416715
1626624000000,46.055,46.755,45.934,46.526,47400.772657
1626627600000,46.525,47.386,46.414,46.873,54127.324726
1626631200000,46.87,47.2,46.87,47.041,31542.777715
1626634800000,47.029,47.185,46.997,47.019,15767.320092
1626638400000,47.006,47.104,46.862,46.982,18724.317708
1626642000000,46.976,47.313,46.896,47.193,23258.570359
1626645600000,47.188,47.429,46.48,46.602,39360.056265
1626649200000,46.564,47.086,46.51,46.828,35991.250518
1626652800000,46.82,47.135,46.337,46.38,34629.671217
1626656400000,46.376,46.469,46.05,46.297,28222.964806
1626660000000,46.277,46.505,46.2,46.279,20933.555476
1626663600000,46.282,46.462,46.205,46.275,18187.322178
1626667200000,46.3,46.585,46.224,46.565,18678.993668
1626670800000,46.572,46.869,46.502,46.777,18554.510794
1626674400000,46.776,46.873,46.661,46.675,17550.121236
1626678000000,46.676,46.855,46.494,46.495,25267.777427
1626681600000,46.489,46.677,46.362,46.366,18797.969102
1626685200000,46.371,46.644,46.21,46.441,26957.869987
1626688800000,46.455,46.514,46.104,46.127,27401.976554
1626692400000,46.132,46.374,46.078,46.091,24146.144811
1626696000000,46.082,46.157,45,45.156,69704.521075
1626699600000,45.145,45.338,44.919,45.181,56302.02644
1626703200000,45.18,46.015,45.079,45.689,51907.085539
1626706800000,45.671,46.023,45.565,45.816,45127.596108
1626710400000,45.796,45.805,45.219,45.505,26038.514158
1626714000000,45.505,45.575,45.231,45.275,16666.34253
1626717600000,45.301,45.427,45.052,45.1,17720.431993
1626721200000,45.13,45.155,44.958,45.106,16332.966258
1626724800000,45.1,45.146,44.903,44.936,12216.264343
1626728400000,44.932,45.196,44.336,44.489,15978.178445
1626732000000,44.475,45.142,44.467,44.826,25617.711799
1626735600000,44.832,45.113,44.633,44.714,18011.680653
1626739200000,44.725,45.15,44,44.181,43241.553868
1626742800000,44.215,44.265,43.1,43.298,71841.159158
1626746400000,43.294,43.567,43.015,43.138,53972.202019
1626750000000,43.12,43.289,42,42.376,111586.13182
1626753600000,42.382,42.672,42.099,42.211,51915.4015
1626757200000,42.201,42.396,42.097,42.263,33571.071601
1626760800000,42.257,42.4,42.105,42.4,22017.325206
1626764400000,42.401,43.061,42.379,42.873,38356.780963
1626768000000,42.872,43.049,42.346,42.346,41994.791504
1626771600000,42.36,42.696,42,42.185,29330.786242
1626775200000,42.177,42.883,42.023,42.68,51719.59782
1626778800000,42.68,42.848,42.46,42.685,31512.06053
1626782400000,42.691,42.822,42.563,42.691,20885.274674
1626786000000,42.698,42.713,42.088,42.133,31032.620905
1626789600000,42.139,42.648,42,42.555,57977.302234
1626793200000,42.571,42.85,42.419,42.526,38311.168259
1626796800000,42.515,42.564,42.06,42.075,34139.8183
1626800400000,42.095,42.211,41.75,41.859,20319.277348
1626804000000,41.859,42.129,41.484,42.05,30535.63076
1626807600000,42.049,42.351,41.919,42.186,23106.137214
1626811200000,42.193,42.365,42.111,42.129,10840.168291
1626814800000,42.129,42.181,41.862,41.906,11657.240105
1626818400000,41.9,41.991,41,41.05,32179.072556
1626822000000,41.043,41.475,40.983,41.226,29427.261856
1626825600000,41.253,41.447,40.2,40.333,52330.658764
1626829200000,40.332,40.53,40.1,40.396,47743.552708
1626832800000,40.399,40.953,40.399,40.868,39908.061641
1626836400000,40.888,41.57,40.807,41.465,30080.415336
1626840000000,41.492,43.21,41.404,43.204,98297.406713
1626843600000,43.204,43.721,42.893,43.083,66891.028855
1626847200000,43.086,43.4,42.8,43.34,36719.97865
1626850800000,43.341,43.4,43.037,43.095,27100.497011
1626854400000,43.087,43.133,42.5,42.806,29811.615838
1626858000000,42.839,43.896,42.799,43.832,39790.895014
1626861600000,43.833,44.6,43.606,44.154,73825.964717
1626865200000,44.154,44.9,44.045,44.566,47272.537939
1626868800000,44.595,45,44.335,44.346,57055.50238
1626872400000,44.35,46.063,44.133,45.529,80157.993772
1626876000000,45.532,46.496,45.532,46.462,68694.203429
1626879600000,46.461,46.941,45.999,46.849,71465.458766
1626883200000,46.825,47.858,46.145,46.849,102162.694446
1626886800000,46.849,46.936,45.81,46.239,70288.431152
1626890400000,46.241,47.616,45.997,46.06,142754.373779
1626894000000,46.078,46.461,45.447,45.665,59498.031941
1626897600000,45.653,46.161,45.636,45.966,40143.845036
1626901200000,45.934,46.02,45.705,45.746,25081.071401
1626904800000,45.733,46.522,45.702,46.522,27425.074778
1626908400000,46.515,46.515,45.929,46.221,22690.216058
1626912000000,46.24,46.993,45.891,46.144,50572.057866
1626915600000,46.136,46.136,45.325,45.732,47489.856917
1626919200000,45.729,45.733,45.101,45.151,33828.541076
1626922800000,45.151,45.625,45.126,45.395,35593.230405
1626926400000,45.374,45.793,45.308,45.376,37696.878554
1626930000000,45.389,45.486,44.646,44.794,44446.373923
1626933600000,44.761,45.319,44.696,45.319,34689.630472
1626937200000,45.31,45.88,45.231,45.54,45598.523731
1626940800000,45.526,45.852,45.405,45.759,33774.080281
1626944400000,45.74,45.74,44.684,45.103,52762.106844
1626948000000,45.072,45.39,44.877,45.109,30805.672936
1626951600000,45.093,45.258,44.864,45.19,29448.165392
1626955200000,45.205,45.654,44.554,45.568,47517.370144
1626958800000,45.578,45.691,45.2,45.243,27586.539918
1626962400000,45.23,45.485,44.933,45.482,37072.602731
1626966000000,45.475,45.992,45.24,45.918,51395.09269
1626969600000,45.924,46.191,45.575,45.8,39530.281719
1626973200000,45.8,46.433,45.729,46.181,30072.279161
1626976800000,46.175,46.244,45.842,45.893,24040.859005
1626980400000,45.898,46.239,45.725,46.063,22802.222391
1626984000000,46.073,46.141,45.644,45.712,17420.290209
1626987600000,45.692,45.941,45.22,45.29,21776.801746
1626991200000,45.299,45.556,45.125,45.209,25367.154972
1626994800000,45.221,45.651,45.079,45.561,26039.937016
1626998400000,45.555,46.026,45.434,45.996,44006.038901
1627002000000,46.015,46.537,45.963,46.375,44481.763519
1627005600000,46.358,46.964,46.23,46.907,45465.918992
1627009200000,46.896,47.028,46.524,46.727,40536.808036
1627012800000,46.718,47.269,46.617,47.255,44614.76973
1627016400000,47.258,47.5,46.747,46.964,44376.400934
1627020000000,46.975,47.046,46.533,46.685,33119.889663
1627023600000,46.707,46.735,46.086,46.548,33791.09057
1627027200000,46.551,46.568,46.1,46.155,36556.925001
1627030800000,46.153,46.564,45.972,46.198,33313.534777
1627034400000,46.197,46.315,45.911,46.084,37015.968246
1627038000000,46.064,46.617,46.057,46.106,38060.501992
1627041600000,46.094,46.629,46.041,46.514,35782.379609
1627045200000,46.519,46.621,46.333,46.544,25954.349269
1627048800000,46.544,46.563,46.047,46.142,24608.43146
1627052400000,46.142,46.193,45.543,45.681,31840.184745
1627056000000,45.678,45.678,45.022,45.171,71928.752753
1627059600000,45.179,45.296,44.878,45.225,33062.637608
1627063200000,45.216,45.54,45.067,45.196,27522.046474
1627066800000,45.197,45.46,45.188,45.342,16308.193617
1627070400000,45.343,45.651,45.308,45.623,25281.641239
1627074000000,45.623,45.653,45.408,45.568,18266.245358
1627077600000,45.57,46.432,45.566,46.284,38858.328704
1627081200000,46.315,47.49,46.147,47.36,63447.813606
1627084800000,47.366,47.567,46.781,47.077,78856.717835
1627088400000,47.062,47.295,46.82,47.2,44406.121091
1627092000000,47.2,47.421,47.052,47.161,45018.022918
1627095600000,47.18,47.536,47.076,47.52,36152.534229
1627099200000,47.523,47.66,47.082,47.094,44480.339519
1627102800000,47.101,47.151,46.654,47.003,40774.164378
1627106400000,47.03,47.381,46.9,47.297,35625.927654
1627110000000,47.292,47.5,46.888,47.09,30116.265161
1627113600000,47.073,47.21,46.395,46.448,60612.045618
1627117200000,46.449,47.407,46.449,46.882,49830.309797
1627120800000,46.892,47.307,46.643,47.172,54562.73467
1627124400000,47.181,47.551,46.772,47.083,57209.535332
1627128000000,47.065,47.31,46.878,47.127,27877.531496
1627131600000,47.101,47.469,47.011,47.133,33955.229694
1627135200000,47.13,49.8,46.776,49.609,145430.579859
1627138800000,49.594,50.429,49.047,50.203,111604.344832
1627142400000,50.182,51.379,49.714,50.5,150115.797734
1627146000000,50.455,50.458,49.529,49.636,60883.203517
1627149600000,49.617,49.885,49.487,49.571,30643.372673
1627153200000,49.565,49.565,48.433,48.897,47755.30303
1627156800000,48.876,49.311,48.369,48.767,40927.703749
1627160400000,48.763,49.7,48.55,49.354,30927.51188
1627164000000,49.341,49.341,48.692,49.156,42775.920575
1627167600000,49.17,49.721,48.827,49.591,44622.372561
1627171200000,49.596,49.832,48.592,48.782,52962.410328
1627174800000,48.792,49.233,48.089,48.229,52267.276496
1627178400000,48.229,49,48.118,48.992,48668.608203
1627182000000,48.99,49,48.596,48.619,42978.878534
1627185600000,48.603,49.417,48.559,49.137,63758.044651
1627189200000,49.137,49.852,49.07,49.421,59556.075696
1627192800000,49.376,49.559,49.114,49.354,35578.532716
1627196400000,49.359,50.16,49.243,49.801,56643.577629
1627200000000,49.798,50.039,49.197,49.676,55091.24907
1627203600000,49.678,49.716,49.238,49.514,39589.105213
1627207200000,49.52,49.632,48.717,48.875,51126.454964
1627210800000,48.884,49.44,48.859,49.251,40820.442997
1627214400000,49.27,49.27,48.6,48.72,38771.670202
1627218000000,48.722,49,47.705,47.954,80247.64213
1627221600000,47.97,48.015,47.24,47.746,75908.505051
1627225200000,47.727,47.973,47.357,47.496,60015.590875
1627228800000,47.482,48.199,47.2,47.773,70185.097275
1627232400000,47.784,48.184,47.633,47.937,45235.99798
1627236000000,47.961,48.153,47.655,47.707,25485.645987
1627239600000,47.711,47.814,47.327,47.521,34490.723999
1627243200000,47.501,47.58,47.144,47.556,23490.813831
1627246800000,47.556,48.004,47.443,47.971,23365.271101
1627250400000,47.971,48.125,47.645,48.125,23581.922002
1627254000000,48.115,49.037,47.976,49.024,58452.936041
1627257600000,49.023,50.172,48.766,49.883,108463.148595
1627261200000,49.921,51.991,49.857,51.093,204802.661437
1627264800000,51.061,51.1,50.328,50.411,105346.384297
1627268400000,50.42,50.916,50.32,50.837,49809.975543
1627272000000,50.831,51.355,50.81,51.071,119353.120302
1627275600000,51.075,51.865,51.024,51.72,61231.258473
1627279200000,51.706,52.952,51.092,51.204,154089.413731
1627282800000,51.206,51.945,50.579,51.172,99240.237278
1627286400000,51.179,51.482,50.572,51.058,71793.298985
1627290000000,51.048,51.645,51.01,51.336,52349.639296
1627293600000,51.329,51.532,51.056,51.355,49380.121946
1627297200000,51.371,51.51,51.171,51.386,48007.942847
1627300800000,51.386,51.968,50.817,51.385,79721.177585
1627304400000,51.375,51.375,50.4,51.2,83908.420237
1627308000000,51.169,51.641,50.705,51.334,73826.395732
1627311600000,51.326,52.757,51.255,52.447,113114.28814
1627315200000,52.447,52.743,51.75,51.923,104588.439127
1627318800000,51.921,51.985,51.357,51.84,51925.629496
1627322400000,51.82,52.7,51.395,51.433,83551.889972
1627326000000,51.434,52.148,51.124,51.224,89850.56682
1627329600000,51.219,51.327,49.735,50.074,152575.987949
1627333200000,50.031,50.032,48.8,49.193,88072.102018
1627336800000,49.175,49.565,48.88,49.373,66641.240987
1627340400000,49.361,49.528,48.967,49.014,58459.865433
1627344000000,49.012,49.78,48.947,49.323,63893.375735
1627347600000,49.29,49.419,47.538,47.687,110541.636168
1627351200000,47.683,48.373,47.533,47.693,73946.365812
1627354800000,47.694,48.161,47.5,48.088,62812.446652
1627358400000,48.086,48.3,47.828,48.152,45518.395104
1627362000000,48.137,48.529,48.057,48.504,39164.152763
1627365600000,48.531,49.045,48.312,48.4,46437.886412
1627369200000,48.393,48.685,48.023,48.25,33055.109367
1627372800000,48.25,48.742,48.028,48.611,39380.961504
1627376400000,48.612,48.963,48.445,48.825,29871.077195
1627380000000,48.827,49.264,48.644,49.13,36080.124797
1627383600000,49.144,49.426,48.881,49.426,35809.860995
1627387200000,49.427,49.891,49.105,49.718,42171.197821
1627390800000,49.737,49.859,49.304,49.532,42800.906057
1627394400000,49.54,49.608,48.412,49.057,68768.954037
1627398000000,49.055,49.477,48.629,48.83,52630.894794
1627401600000,48.829,48.843,47.429,47.54,81554.104878
1627405200000,47.519,47.99,47.519,47.879,33595.207713
1627408800000,47.921,48.13,47.268,48.014,42335.565363
1627412400000,48.054,48.361,47.929,48.004,29931.29126
1627416000000,48.007,48.479,48.007,48.457,25361.745833
1627419600000,48.454,48.979,48.384,48.864,25631.046793
1627423200000,48.852,49.491,48.522,49.317,36111.833074
1627426800000,49.313,49.699,48.944,49.521,47785.004343
1627430400000,49.52,49.679,48.872,48.987,40967.360372
1627434000000,49.002,49.87,48.659,49.842,49799.516008
1627437600000,49.844,50.643,49.832,49.9,73134.464915
1627441200000,49.927,50.236,49.411,49.654,51644.662948
1627444800000,49.643,49.952,49.413,49.524,35105.413813
1627448400000,49.521,50.386,49.503,50.04,47793.512867
1627452000000,50.032,50.07,49.189,49.517,44347.022213
1627455600000,49.523,50.3,49.459,50.215,50521.342448
1627459200000,50.216,50.569,49.726,50.025,71079.327889
1627462800000,50.021,50.114,49.812,50.071,27864.200334
1627466400000,50.068,50.464,49.944,50.297,50868.208333
1627470000000,50.288,50.99,50.119,50.688,59652.167106
1627473600000,50.671,50.693,49.542,49.605,61424.299294
1627477200000,49.602,49.887,49.36,49.658,48300.463427
1627480800000,49.686,49.71,48.867,49.286,54985.173248
1627484400000,49.303,49.669,49.086,49.447,32649.87581
1627488000000,49.457,49.991,49.29,49.903,41339.044497
1627491600000,49.903,49.981,48.5,48.573,57184.583794
1627495200000,48.547,49.647,48.3,49.556,59941.560264
1627498800000,49.557,49.694,49.144,49.253,36622.769497
1627502400000,49.227,49.262,48.775,48.877,32779.061712
1627506000000,48.865,49.148,48.617,49.108,21540.866116
1627509600000,49.101,49.373,48.907,49.017,19239.864905
1627513200000,49.01,49.599,48.868,49.533,29833.846067
1627516800000,49.548,49.783,48.834,48.881,43357.175361
1627520400000,48.881,49.114,48.687,48.946,37796.600829
1627524000000,48.933,49.335,48.859,48.996,31353.509639
1627527600000,48.995,49.139,48.775,48.876,26566.630919
1627531200000,48.863,49.329,48.81,49.186,33901.519393
1627534800000,49.191,49.3,48.88,49.224,36007.751535
1627538400000,49.222,49.498,49.112,49.195,24951.882862
1627542000000,49.19,49.376,48.905,49.055,32386.789698
1627545600000,49.07,49.262,48.916,49.106,44111.3986
1627549200000,49.103,49.638,49.103,49.441,37390.321618
1627552800000,49.457,49.715,49.245,49.353,33502.601437
1627556400000,49.354,49.519,48.794,48.999,39547.799329
1627560000000,49.004,49.082,48.817,49.018,29862.920193
1627563600000,49.009,49.335,48.934,49.143,31561.546903
1627567200000,49.156,49.577,48.925,49.436,33956.02848
1627570800000,49.459,49.566,49.139,49.319,35917.174567
1627574400000,49.318,49.424,49.014,49.059,29512.101951
1627578000000,49.057,49.194,48.942,49.054,20850.543875
1627581600000,49.054,49.073,48.802,48.853,24375.025384
1627585200000,48.851,49.113,48.766,48.995,15857.022664
1627588800000,48.985,49.1,48.703,48.826,20598.791962
1627592400000,48.838,48.939,48.48,48.587,21827.156045
1627596000000,48.593,49.022,48.515,48.975,25044.585535
1627599600000,48.966,49.602,48.954,49.374,39634.034947
1627603200000,49.38,49.794,49.208,49.596,40710.695229
1627606800000,49.627,50.306,49.544,50.27,42818.232595
1627610400000,50.288,50.491,49.862,50.086,41450.79989
1627614000000,50.09,50.359,50.058,50.078,28608.997616
1627617600000,50.088,50.186,49.561,49.802,41474.448547
1627621200000,49.806,50,49.585,49.87,32063.522509
1627624800000,49.869,50.1,49.706,50.007,23182.853797
1627628400000,50.013,50.253,49.85,50.201,23033.710925
1627632000000,50.198,50.211,48.635,48.969,73850.609673
1627635600000,48.943,49.1,48.643,49.068,58849.37437
1627639200000,49.057,49.095,48.659,49.048,35818.488768
1627642800000,49.042,49.057,48.76,48.763,24707.670256
1627646400000,48.773,49.148,48.698,48.816,36878.894194
1627650000000,48.814,49.127,48.716,48.884,33690.494454
1627653600000,48.885,49.153,48.885,49.114,26869.846419
1627657200000,49.116,49.331,49,49.237,25220.821193
1627660800000,49.241,49.241,48.856,48.856,30718.983252
1627664400000,48.848,49.304,48.835,49.296,14884.930605
1627668000000,49.297,49.317,49.064,49.16,16890.259511
1627671600000,49.161,49.6,49.043,49.586,27032.272958
1627675200000,49.601,50.315,49.488,50.138,57563.801426
1627678800000,50.161,50.584,50.151,50.418,40624.933109
1627682400000,50.419,51.382,50.419,51.014,61128.711273
1627686000000,51.058,51.346,51.001,51.302,49629.386979
1627689600000,51.295,51.442,50.598,50.889,60162.747321
1627693200000,50.894,51.214,50.823,51.049,36337.500244
1627696800000,51.038,51.296,50.985,51.077,23117.189969
1627700400000,51.074,51.163,50.819,50.888,28172.05575
1627704000000,50.907,51.836,49.743,51.836,63639.339575
1627707600000,51.854,51.992,50.338,50.658,80205.995869
1627711200000,50.659,50.796,50.412,50.753,28677.362622
1627714800000,50.758,50.819,50.607,50.705,20918.730531
1627718400000,50.704,51.25,50.666,51.174,30132.017341
1627722000000,51.174,51.439,50.867,51.422,35215.44981
1627725600000,51.402,52.587,51.195,52.149,103512.301123
1627729200000,52.141,52.829,51.394,51.541,92789.539003
1627732800000,51.55,51.785,51.305,51.713,38901.109393
1627736400000,51.712,51.937,51.2,51.3,37132.687507
1627740000000,51.302,51.56,50.864,51.255,55393.949252
1627743600000,51.243,51.704,51.185,51.613,37648.307027
1627747200000,51.612,52.062,50.966,51.132,63143.554054
1627750800000,51.108,51.401,51.056,51.3,27703.786238
1627754400000,51.28,51.801,51.185,51.763,25648.801043
1627758000000,51.745,51.745,51.361,51.426,24533.8833
1627761600000,51.404,51.855,51.204,51.679,22615.231673
1627765200000,51.675,52.33,51.662,52.033,28331.89301
1627768800000,52.015,52.476,51.832,52.446,28750.541345
1627772400000,52.458,52.508,51.921,52.013,42077.380434
1627776000000,52.012,54,51.506,53.537,104258.049817
1627779600000,53.586,55.75,53.243,55.133,216062.442321
1627783200000,55.122,58.269,54.571,57.362,178971.74215
1627786800000,57.369,57.494,56.572,56.628,122628.228583
1627790400000,56.628,57.5,56.589,56.844,69008.110375
1627794000000,56.843,57.109,55.971,56.475,79975.544806
1627797600000,56.5,56.507,55.783,56.007,55801.898494
1627801200000,56.004,56.363,55.332,55.56,68723.99831
1627804800000,55.56,56.144,55.31,55.987,57459.347055
1627808400000,55.987,56.828,55.978,56.368,72635.713979
1627812000000,56.365,56.365,55.001,55.31,54758.868437
1627815600000,55.302,55.69,54.678,55.608,83977.532266
1627819200000,55.552,56.057,55.15,55.239,55197.918522
1627822800000,55.238,55.918,54.991,55.863,57574.969275
1627826400000,55.856,56.127,55.363,55.834,80518.263252
1627830000000,55.823,57.466,55.557,56.538,123723.122022
1627833600000,56.563,56.9,54.818,56.536,151472.792679
1627837200000,56.508,57.257,55.835,56.345,101789.200773
1627840800000,56.36,57.3,56.226,57.283,76926.079466
1627844400000,57.278,57.349,55.887,57.113,100656.637082
1627848000000,57.131,57.814,56.688,56.76,90850.444942
1627851600000,56.755,56.755,56.006,56.105,33737.864176
1627855200000,56.102,56.276,54.98,55.161,71946.59695
1627858800000,55.148,55.148,53.061,53.846,150043.99068
1627862400000,53.838,54.584,53.349,53.361,87709.978695
1627866000000,53.35,54.111,53.1,53.627,74962.967953
1627869600000,53.628,54.626,53.491,54.444,73454.10266
1627873200000,54.445,54.823,54.203,54.437,43296.018125
1627876800000,54.428,54.845,53.893,54.5,48891.313995
1627880400000,54.456,54.775,54.15,54.485,42494.638735
1627884000000,54.483,55.671,54.207,55.524,74163.383332
1627887600000,55.533,56,55.15,55.521,53946.316756
1627891200000,55.511,55.644,54.66,54.894,68319.486896
1627894800000,54.879,55.236,54.433,54.747,60006.79583
1627898400000,54.757,55.248,54.431,54.973,43729.330835
1627902000000,54.946,55.035,54.507,54.863,38562.180289
1627905600000,54.856,55.083,53.792,54.47,62075.419232
1627909200000,54.467,54.981,54.29,54.925,42552.033246
1627912800000,54.939,55.427,54.649,55.05,54843.707016
1627916400000,55.047,55.44,54.967,55.271,51653.731915
1627920000000,55.264,55.488,54.959,55.272,67218.165536
1627923600000,55.269,55.538,55.021,55.163,31115.125537
1627927200000,55.173,55.263,54.804,54.983,23848.093978
1627930800000,55.003,55.115,54.292,54.402,34607.835737
1627934400000,54.418,54.528,54.005,54.118,34160.217395
1627938000000,54.113,54.5,54.056,54.37,21565.386635
1627941600000,54.365,55.019,54.281,54.876,38095.348833
1627945200000,54.871,55.148,54.409,54.443,27932.541626
1627948800000,54.432,55.081,54.052,54.741,52463.300675
1627952400000,54.706,54.796,54.285,54.287,40274.259327
1627956000000,54.284,54.841,54.203,54.557,32736.35377
1627959600000,54.554,54.554,53.771,54.036,48074.335239
1627963200000,54.048,54.051,53.258,53.349,49535.086155
1627966800000,53.329,53.493,52.733,53.395,72904.021329
1627970400000,53.39,53.627,53.28,53.441,36795.401119
1627974000000,53.436,53.882,53.218,53.819,37364.264673
1627977600000,53.812,54.206,53.609,53.866,48022.535991
1627981200000,53.873,54.027,53.414,53.984,46389.238375
1627984800000,53.988,54.027,53.649,53.889,30074.879048
1627988400000,53.865,54.05,53.439,53.489,30184.293804
1627992000000,53.486,54.075,52.953,54.011,65508.56745
1627995600000,54.014,54.508,54.014,54.217,43036.9458
1627999200000,54.239,54.639,54.018,54.107,48887.286637
1628002800000,54.089,54.252,53.723,53.979,41374.082201
1628006400000,53.989,54.446,53.691,54.355,38240.70303
1628010000000,54.344,54.477,53.653,53.687,28034.254578
1628013600000,53.686,54.018,53.382,53.967,33396.103917
1628017200000,53.979,54.094,53.65,53.72,22359.010618
1628020800000,53.727,53.822,53.349,53.786,21400.167753
1628024400000,53.793,54.055,53.464,53.985,17590.517873
1628028000000,53.979,54.391,53.979,54.266,24482.518555
1628031600000,54.267,54.794,54.1,54.264,42239.922102
1628035200000,54.288,54.618,54.008,54.591,33676.574624
1628038800000,54.596,55.608,54.429,55.143,57462.913766
1628042400000,55.139,55.839,55.033,55.466,63841.595293
1628046000000,55.482,55.486,54.959,55.339,53375.466247
1628049600000,55.329,55.387,54.815,55.084,49375.81076
1628053200000,55.073,55.609,55.073,55.22,36505.005228
1628056800000,55.217,55.331,54.913,54.967,34660.405001
1628060400000,54.969,54.969,54.516,54.874,51721.69407
1628064000000,54.873,55.327,54.392,54.759,66347.169584
1628067600000,54.742,55.265,54.627,55.073,42986.75817
1628071200000,55.061,55.24,54.66,55.086,35512.055192
1628074800000,55.081,55.6,55.032,55.355,59855.547742
1628078400000,55.358,56.381,55.327,56.376,65023.101526
1628082000000,56.375,56.551,55.626,55.692,101055.268115
1628085600000,55.708,56.136,55.708,56.036,47569.965812
1628089200000,56.036,57.038,56.003,56.439,83344.80342
1628092800000,56.425,57.342,56.11,57.25,99797.443112
1628096400000,57.248,57.264,56.64,56.69,37574.911912
1628100000000,56.712,57.111,56.695,56.778,33719.675689
1628103600000,56.8,56.8,56.58,56.659,27765.566144
1628107200000,56.677,56.757,56.273,56.419,35010.931062
1628110800000,56.41,56.903,56.36,56.859,17789.66375
1628114400000,56.859,57.126,56.262,56.533,32954.691623
1628118000000,56.566,56.797,56.28,56.496,31363.96665
1628121600000,56.489,56.924,55.648,55.698,47084.571711
1628125200000,55.711,56.275,55.587,56.128,49330.320378
1628128800000,56.094,56.594,55.981,56.27,36816.229988
1628132400000,56.266,56.711,56.261,56.63,31142.956168
1628136000000,56.614,56.626,56,56.112,38404.367433
1628139600000,56.116,56.591,56.044,56.58,26520.814052
1628143200000,56.581,56.592,56.017,56.224,29891.13889
1628146800000,56.223,56.284,55.736,56.112,36686.320523
1628150400000,56.101,56.369,55.65,55.682,43640.554632
1628154000000,55.694,55.815,55.1,55.256,72581.44588
1628157600000,55.244,55.639,55.141,55.396,40121.707114
1628161200000,55.404,55.887,54.9,55.45,57201.693671
1628164800000,55.466,55.9,55.002,55.84,53347.570205
1628168400000,55.833,56,55.4,55.938,62997.643792
1628172000000,55.939,56.627,55.64,56.493,76174.740429
1628175600000,56.491,56.768,56.099,56.324,55209.895118
1628179200000,56.319,56.769,56.148,56.769,38436.408071
1628182800000,56.755,57.318,56.638,57.128,64416.998636
1628186400000,57.132,57.436,56.75,57.233,43035.82325
1628190000000,57.265,57.488,56.763,56.831,36505.310989
1628193600000,56.85,57.16,56.737,56.799,26683.087442
1628197200000,56.834,57.18,56.635,56.986,24989.896059
1628200800000,57.015,58.195,57,58.082,56714.987829
1628204400000,58.058,58.181,57.633,57.879,40714.992725
1628208000000,57.877,58.127,57.183,57.377,57339.042449
1628211600000,57.391,57.714,57.202,57.603,39025.926832
1628215200000,57.607,59.797,57.426,59.672,120678.091398
1628218800000,59.653,61.056,59.443,59.703,156449.840132
1628222400000,59.736,59.99,59.3,59.465,56521.725527
1628226000000,59.459,60.042,59.341,59.816,44463.769238
1628229600000,59.807,59.918,59.394,59.747,53070.287855
1628233200000,59.754,59.9,59.492,59.705,44696.533777
1628236800000,59.705,60.589,59.55,60.327,70189.500806
1628240400000,60.32,60.414,59.377,59.695,72788.015875
1628244000000,59.684,59.943,59.416,59.814,38310.620208
1628247600000,59.794,60.405,59.647,59.809,46997.014409
1628251200000,59.784,60.197,59.407,59.979,59106.045877
1628254800000,59.97,61.02,59.891,60.769,79074.435089
1628258400000,60.777,60.8,60.222,60.47,48800.949341
1628262000000,60.472,62.984,60.167,62.896,138645.395548
1628265600000,62.906,63.487,61.298,61.658,113625.72532
1628269200000,61.664,62.567,61.664,62.208,53720.660684
1628272800000,62.2,62.277,61.762,61.977,31901.927416
1628276400000,61.978,62.362,61.766,61.98,24573.484511
1628280000000,61.978,62.387,61.68,62.046,36251.230249
1628283600000,62.06,62.256,61.594,61.604,21828.828714
1628287200000,61.6,62.8,61.585,62.691,32536.906842
1628290800000,62.691,64.98,62.564,64.185,113379.44924
1628294400000,64.191,66.5,63.644,65.846,109414.121313
1628298000000,65.846,67.299,65.613,66.733,123125.895414
1628301600000,66.745,68.929,66.745,68.492,125876.049753
1628305200000,68.499,68.835,67.466,68.419,85408.838318
1628308800000,68.417,68.417,66.977,67.001,88154.83971
1628312400000,67.001,67.993,66.982,67.51,52804.897426
1628316000000,67.543,67.868,66.482,67.225,64404.536626
1628319600000,67.22,67.88,67.028,67.707,61312.257839
1628323200000,67.706,68.307,67.42,68.304,59473.282537
1628326800000,68.31,69.851,68.025,69.78,112355.175373
1628330400000,69.773,70.838,68.674,69.405,120790.453415
1628334000000,69.404,69.798,68.5,69.665,73932.964785
1628337600000,69.64,70.326,66.085,66.613,153723.861463
1628341200000,66.637,68.286,66.021,66.918,123771.016197
1628344800000,66.926,68.556,66.919,68.284,76942.585893
1628348400000,68.285,69.072,67.216,67.285,100183.900307
1628352000000,67.274,70.516,65.8,69.837,204749.664676
1628355600000,69.866,69.936,67.648,68.483,103527.425132
1628359200000,68.433,68.968,68.027,68.466,55452.433542
1628362800000,68.467,68.57,67.269,68.172,52891.541037
1628366400000,68.168,68.877,68.011,68.866,54613.684248
1628370000000,68.869,69.59,68.063,68.156,51923.415663
1628373600000,68.117,69.402,68.069,68.58,51083.614877
1628377200000,68.575,69.852,68.542,69.243,67187.81504
1628380800000,69.249,69.418,68.174,69.047,73027.965432
1628384400000,69.046,69.113,66.908,67.732,83664.541605
1628388000000,67.753,67.753,66.01,66.555,108128.176629
1628391600000,66.555,67.435,66.375,66.936,59769.031061
1628395200000,66.931,67.129,66.223,66.726,40603.378687
1628398800000,66.749,67.271,66.06,67.058,56385.381667
1628402400000,67.058,68.494,67.058,67.881,79364.226323
1628406000000,67.885,68.298,67,67.084,48301.067411
1628409600000,67.086,67.6,66.797,66.847,49980.861902
1628413200000,66.844,67.793,66.844,67.108,42431.591057
1628416800000,67.119,67.564,66.5,66.867,47544.514248
1628420400000,66.851,67.174,66.382,66.615,51060.629763
1628424000000,66.613,67.38,66.513,67.243,48973.264355
1628427600000,67.262,67.645,66.725,67,39632.196049
1628431200000,67.024,67.165,64.081,64.164,115526.35776
1628434800000,64.149,64.888,64.01,64.252,85102.52076
1628438400000,64.269,65.152,63.373,64.392,100720.628982
1628442000000,64.375,65.367,64.348,64.659,72562.959808
1628445600000,64.652,65.44,64.187,64.546,49321.169166
1628449200000,64.512,65.293,64.042,65.274,51183.88791
1628452800000,65.253,65.452,64.59,65.089,42650.444338
1628456400000,65.086,65.507,64.801,65.214,25750.486489
1628460000000,65.213,65.999,64.942,65.71,30736.739472
1628463600000,65.732,66.205,64.318,64.493,55075.940147
1628467200000,64.484,64.84,62.012,62.225,128204.81007
1628470800000,62.226,63,61.445,62.651,103881.853883
1628474400000,62.644,63.972,62.545,63.908,62356.49867
1628478000000,63.907,64.073,63.229,63.691,53167.058442
1628481600000,63.677,63.967,63.004,63.773,47597.845305
1628485200000,63.743,64.281,63.268,63.683,50895.741345
1628488800000,63.688,63.9,62.78,63.328,59834.447223
1628492400000,63.328,63.848,63.119,63.821,54526.077727
1628496000000,63.809,64.264,63.518,64.149,42798.244562
1628499600000,64.15,66.83,63.959,66.523,116736.558757
1628503200000,66.522,67.952,65.811,67.375,96264.383294
1628506800000,67.374,68.146,66.859,67.632,96590.470784
1628510400000,67.672,67.947,66.641,67.21,73637.0476
1628514000000,67.201,67.755,66.502,66.525,60348.259641
1628517600000,66.532,67.692,66.518,67.133,96545.939244
1628521200000,67.146,68.217,67.146,67.557,71365.598017
1628524800000,67.544,67.924,66.701,67.212,53875.119764
1628528400000,67.212,67.391,66.822,66.875,31800.343356
1628532000000,66.88,67.487,66.861,67.165,38369.665668
1628535600000,67.159,67.734,66.7,66.992,35482.513821
1628539200000,66.982,67.862,66.021,66.113,58476.091552
1628542800000,66.141,67.031,65.692,66.625,42190.006189
1628546400000,66.619,67.498,66.206,67.496,44271.073909
1628550000000,67.496,67.855,67.091,67.597,41294.987548
1628553600000,67.566,67.909,66.341,66.789,54893.528625
1628557200000,66.775,67.489,66.656,67.363,47513.20483
1628560800000,67.342,67.8,66.928,67.7,38802.417165
1628564400000,67.7,69.797,67.595,68.852,122180.680647
1628568000000,68.838,69,67.82,67.871,64638.938429
1628571600000,67.863,68.9,67.63,68.763,60324.234764
1628575200000,68.765,68.765,67.925,68.363,48609.033783
1628578800000,68.322,68.86,67.736,68.708,46667.14357
1628582400000,68.705,68.879,68.081,68.463,53689.664551
1628586000000,68.459,68.487,67.909,68.088,41697.640081
1628589600000,68.114,68.214,66.162,66.481,94372.84768
1628593200000,66.482,67.414,66.482,67.172,46514.71795
1628596800000,67.166,68.316,66.773,68.285,56126.094705
1628600400000,68.293,68.5,66.913,67.441,58350.333833
1628604000000,67.456,67.615,66.5,66.655,59798.615615
1628607600000,66.676,67.049,65.928,66.591,68145.979681
1628611200000,66.586,66.586,64.927,65.577,83989.937289
1628614800000,65.564,66.383,65.541,66.269,35831.96104
1628618400000,66.263,66.691,65.815,66.384,32861.61235
1628622000000,66.393,66.716,66.302,66.45,24591.310145
1628625600000,66.45,67.012,66.442,66.863,30445.526659
1628629200000,66.872,67.335,66.757,67.166,25458.627944
1628632800000,67.164,67.678,66.562,66.701,39413.765512
1628636400000,66.729,66.879,66.061,66.714,39732.747774
1628640000000,66.717,67.888,66.652,67.621,67729.136012
1628643600000,67.634,68.672,67.444,68.286,67858.55266
1628647200000,68.299,68.447,67.439,67.71,46924.173331
1628650800000,67.695,68.249,67.493,67.879,37197.941973
1628654400000,67.878,68.131,67.447,67.916,36008.369885
1628658000000,67.944,68.5,67.815,68.072,55280.091222
1628661600000,68.102,69.138,68.015,69.035,100074.862642
1628665200000,69.036,69.477,68.514,69.012,93833.44754
1628668800000,69.015,69.18,68.113,68.747,70521.852852
1628672400000,68.77,71.693,68.521,71.598,118576.817796
1628676000000,71.598,71.839,70.1,70.301,121114.263543
1628679600000,70.306,71.09,68.2,70.142,87537.648126
1628683200000,70.152,70.454,69.532,70.193,63207.151546
1628686800000,70.196,73.24,70.011,72.309,141504.729455
1628690400000,72.311,73.256,71.869,72.367,80880.334482
1628694000000,72.373,72.987,71.402,71.76,75961.646295
1628697600000,71.783,73.997,70.964,72.969,112973.187315
1628701200000,72.972,74.042,72.815,73.519,72337.699849
1628704800000,73.516,73.535,72.45,72.867,51018.702608
1628708400000,72.874,73.68,72.51,73.307,33939.806604
1628712000000,73.284,73.708,72.5,72.526,42150.721322
1628715600000,72.513,73.066,71.539,72.592,47971.718584
1628719200000,72.616,72.616,70.6,71.241,91133.43499
1628722800000,71.251,72.494,71.059,71.781,68780.337669
1628726400000,71.791,73.325,71.579,72.878,83137.985519
1628730000000,72.86,74.807,72.067,74.476,103450.346044
1628733600000,74.444,75.088,74.134,74.598,80975.141265
1628737200000,74.619,74.949,73.904,74.37,56155.575248
1628740800000,74.332,74.723,72.434,72.574,89351.879534
1628744400000,72.574,72.915,68.649,70.556,206621.878737
1628748000000,70.52,71.058,69.134,70.951,145306.808891
1628751600000,70.962,71.669,70.469,70.93,93282.487519
1628755200000,70.939,71.52,70.257,70.945,96174.761367
1628758800000,70.937,71.839,70.063,71.362,75135.080437
1628762400000,71.367,71.689,70.853,70.942,42731.738879
1628766000000,70.937,71.112,69.553,69.603,73154.392555
1628769600000,69.621,70.224,68.894,69.603,110729.765643
1628773200000,69.626,70.079,69.243,69.246,64889.473432
1628776800000,69.266,69.4,66.1,67.068,144679.935254
1628780400000,67.077,67.772,66.831,67.036,85676.633104
1628784000000,67.039,67.83,66.131,67.055,100998.647597
1628787600000,67.037,68.444,66.888,67.862,64086.36083
1628791200000,67.88,68.459,67.757,67.884,48148.992191
1628794800000,67.88,67.883,67.261,67.766,44416.575692
1628798400000,67.764,68.296,67.251,68.086,36597.643965
1628802000000,68.048,68.111,67.036,67.247,33061.507745
1628805600000,67.262,67.484,66.467,66.95,48721.9657
1628809200000,66.958,68.446,66.946,68.346,69085.438053
1628812800000,68.348,69.823,68.314,69.576,114356.697348
1628816400000,69.59,69.856,69.191,69.406,53626.697479
1628820000000,69.418,70.345,69.012,70.102,28825.63775
1628823600000,70.075,70.364,69.32,69.34,19807.909254
1628827200000,69.346,69.841,68.674,69.412,31987.289848
1628830800000,69.432,70.336,69.306,69.616,25119.897845
1628834400000,69.625,70.897,69.371,70.766,57605.330696
1628838000000,70.791,71.676,70.791,71.093,88104.675369
1628841600000,71.107,71.771,70.574,71.239,68380.677665
1628845200000,71.261,71.977,70.908,71.181,63920.350489
1628848800000,71.183,71.494,70.8,70.888,53255.38371
1628852400000,70.893,71.417,69.753,70.188,58170.690918
1628856000000,70.183,71.089,70.179,70.957,48825.601659
1628859600000,70.961,71.236,70.347,70.716,39714.978932
1628863200000,70.693,71,69.731,69.886,65945.035181
1628866800000,69.88,70.244,68.896,69.58,77976.487657
1628870400000,69.549,71.578,69.525,71.551,104233.596879
1628874000000,71.551,71.992,71.327,71.631,73821.783542
1628877600000,71.644,71.644,70.874,71.329,41264.403955
1628881200000,71.359,71.367,70.646,71.014,37006.939965
1628884800000,70.995,72.65,70.869,72.6,74443.986974
1628888400000,72.592,72.999,72.085,72.239,36240.60028
1628892000000,72.25,72.903,71.877,72.867,42569.07375
1628895600000,72.867,74.786,72.768,74.456,78458.915502
1628899200000,74.476,75,73.523,74.02,108909.872031
1628902800000,74.047,74.547,73.276,73.436,54541.823152
1628906400000,73.438,74.119,73.289,73.668,45925.555386
1628910000000,73.667,74.175,73.372,73.847,44545.568942
1628913600000,73.86,74.2,73.417,73.429,55091.315349
1628917200000,73.423,74.85,73.423,74.555,69858.089638
1628920800000,74.531,74.531,73.712,73.86,36562.787435
1628924400000,73.878,74.56,73.697,74.053,51331.025046
1628928000000,74.061,74.558,73.729,73.958,42896.757451
1628931600000,73.961,74.7,71.415,72.409,97295.071764
1628935200000,72.414,73.211,70.321,71.12,214070.647019
1628938800000,71.113,72.46,70.155,72.427,102503.092281
1628942400000,72.449,72.505,70.95,71.153,67261.907015
1628946000000,71.15,71.588,70.7,71.566,55711.38041
1628949600000,71.542,72.561,71.433,72.436,58202.77645
1628953200000,72.44,73.552,71.697,73.248,63593.487151
1628956800000,73.242,74.443,72.398,72.76,85559.640217
1628960400000,72.76,72.776,71.842,72.419,51980.848488
1628964000000,72.378,73.13,72.211,72.584,38362.130337
1628967600000,72.572,73.436,72.005,73.361,52809.932003
1628971200000,73.339,73.339,71.23,71.872,67075.669974
1628974800000,71.858,73.157,71.858,73.157,27954.189201
1628978400000,73.161,73.161,72.349,72.417,42371.089622
1628982000000,72.422,73.017,71.557,72.398,50176.576709
1628985600000,72.384,72.944,71.987,72.512,60425.969174
1628989200000,72.501,73.749,72.349,73.209,59880.842735
1628992800000,73.226,74.461,73.226,74.055,98942.372032
1628996400000,74.098,74.241,72.81,73.099,73191.309282
1629000000000,73.119,73.148,72.224,72.793,64528.994325
1629003600000,72.793,73.509,72.6,72.902,43222.742162
1629007200000,72.902,73.193,72.091,72.138,55758.449718
1629010800000,72.15,72.391,71.067,71.35,76147.943468
1629014400000,71.342,71.96,71.07,71.723,61336.040923
1629018000000,71.715,71.777,70.882,71.56,64704.198819
1629021600000,71.555,71.886,71.1,71.624,44852.203129
1629025200000,71.578,71.814,71.016,71.68,44125.364007
1629028800000,71.639,72,70.2,70.645,63039.004278
1629032400000,70.639,71.247,70.1,71.008,66297.916538
1629036000000,71.036,71.75,70.483,70.66,72251.19456
1629039600000,70.659,71.184,70.491,70.906,40447.217265
1629043200000,70.881,71.369,70.5,70.83,52335.947227
1629046800000,70.822,71.23,70.145,71.071,58345.743412
1629050400000,71.053,71.514,70.835,71.413,47129.306418
1629054000000,71.419,71.659,71.091,71.644,32825.040351
1629057600000,71.65,72.683,71.5,72.583,53975.829356
1629061200000,72.599,72.963,72.311,72.569,40960.620043
1629064800000,72.587,73.729,72.587,73.486,61255.662728
1629068400000,73.484,73.792,72.762,73.089,59404.353682
1629072000000,73.075,73.749,72.58,73.524,83268.774033
1629075600000,73.523,74.37,73.523,73.86,64710.248864
1629079200000,73.891,74.013,73.556,73.955,55035.091624
1629082800000,73.972,74,72.853,73.019,58649.638177
1629086400000,73.01,73.608,72.908,73.533,42749.030678
1629090000000,73.538,74.8,73.518,74.592,89654.582517
1629093600000,74.617,74.617,73.059,73.719,71307.364613
1629097200000,73.744,74.087,73.46,73.534,47509.212276
1629100800000,73.542,74.4,73.015,73.856,73868.88652
1629104400000,73.888,74.861,73.587,74.846,72439.814526
1629108000000,74.841,75.8,74.696,75.125,121811.770739
1629111600000,75.122,75.897,74.695,75.2,82807.04809
1629115200000,75.192,75.325,74.151,74.959,82112.31289
1629118800000,74.899,75.556,72.718,73.053,132672.319711
1629122400000,73.084,73.8,72.681,72.694,90866.368696
1629126000000,72.684,73.687,72.55,73.519,69840.890303
1629129600000,73.514,73.9,72.885,73.884,69729.198403
1629133200000,73.875,74.797,73.309,74.482,65298.800017
1629136800000,74.478,74.896,73.914,74.765,45202.151646
1629140400000,74.733,74.836,73.455,73.523,45298.783291
1629144000000,73.518,73.545,72.482,72.991,74748.1528
1629147600000,72.964,74.619,72.861,73.979,38646.283228
1629151200000,73.991,74.838,73.76,74.255,64920.634214
1629154800000,74.225,74.331,72.743,73.269,60753.413672
1629158400000,73.255,73.67,71.251,71.58,106766.852959
1629162000000,71.585,73.705,71.516,73.409,53927.647456
1629165600000,73.408,73.853,73.057,73.744,47113.430019
1629169200000,73.743,74.159,73.41,73.646,46708.720601
1629172800000,73.658,74.158,73.326,73.762,47531.183632
1629176400000,73.782,73.932,72.566,72.613,51370.159157
1629180000000,72.625,72.917,72.17,72.202,59415.159638
1629183600000,72.207,72.81,71.976,72.81,51008.074205
1629187200000,72.794,73.49,72.651,73.076,48050.254893
1629190800000,73.058,74.06,73.044,73.925,54067.861477
1629194400000,73.939,74.663,73.339,73.537,75629.909223
1629198000000,73.548,74.711,73.548,74.355,65015.533136
1629201600000,74.355,74.501,73.498,73.593,68496.076494
1629205200000,73.593,73.936,73.062,73.58,51529.639717
1629208800000,73.589,73.771,72.69,73.002,62823.620266
1629212400000,73.003,73.295,72.411,72.686,74067.537705
1629216000000,72.711,73.593,72.38,72.595,54853.295719
1629219600000,72.586,73.075,72.4,72.83,47802.988472
1629223200000,72.825,73.8,72.765,72.991,42936.673193
1629226800000,72.975,73.037,72.281,72.552,51474.502072
1629230400000,72.531,72.801,70.864,71.926,91214.154272
1629234000000,71.909,71.909,70.841,71.062,51289.467124
1629237600000,71.062,71.207,69.585,70.989,109601.517385
1629241200000,70.977,70.977,69.02,69.436,72198.129864
1629244800000,69.449,70.132,67.284,68.524,127410.913666
1629248400000,68.533,68.687,66.077,68.539,151993.965379
1629252000000,68.563,69.17,68.059,68.369,93097.590109
1629255600000,68.382,68.556,67,68.372,122512.071414
1629259200000,68.368,69.033,68.023,68.424,77179.224364
1629262800000,68.396,69.435,68.219,69.382,45112.487925
1629266400000,69.386,69.386,68.665,69.078,42166.245263
1629270000000,69.077,69.239,67.685,67.932,71474.729628
1629273600000,67.89,68.394,67.528,68.262,63067.013498
1629277200000,68.265,68.628,68.022,68.482,39072.570687
1629280800000,68.468,68.819,67.551,67.692,58524.472337
1629284400000,67.71,68.353,66.841,67.268,73621.697621
1629288000000,67.264,67.985,67.122,67.782,47998.935357
1629291600000,67.786,68.367,67.586,67.798,42988.94194
1629295200000,67.798,68.49,67.794,68.175,47329.408388
1629298800000,68.16,68.816,67.538,68.801,49943.60932
1629302400000,68.807,69.317,68.339,69.143,64352.821335
1629306000000,69.156,69.203,68.394,68.588,30323.298722
1629309600000,68.579,68.773,67.594,67.749,39247.326514
1629313200000,67.743,68.028,66.539,66.8,40877.429531
1629316800000,66.819,67.177,66.325,66.369,36240.53201
1629320400000,66.381,67.26,66.2,67.138,28646.795437
1629324000000,67.143,67.87,66.9,67.749,34052.945333
1629327600000,67.736,68.432,67.402,67.477,35316.021713
1629331200000,67.467,68.267,67.085,68.157,61169.076007
1629334800000,68.141,68.484,67.809,67.995,39716.055479
1629338400000,67.959,68.171,67.617,67.65,45765.103333
1629342000000,67.652,67.665,66.513,66.789,71561.055505
1629345600000,66.771,67.318,66.56,66.984,62342.400524
1629349200000,66.951,67.288,66.593,66.876,54141.944004
1629352800000,66.868,67.137,66.583,66.785,46350.632534
1629356400000,66.788,67.467,66.734,67.344,42601.149361
1629360000000,67.368,67.661,66.951,67.393,49784.079924
1629363600000,67.393,67.645,67.209,67.405,39596.343292
1629367200000,67.4,67.527,66.7,66.761,36960.865221
1629370800000,66.768,67.224,66.66,66.68,32946.697615
1629374400000,66.661,67.221,66.32,67.176,39553.662659
1629378000000,67.189,67.503,66.727,67.467,43769.833419
1629381600000,67.467,68.194,67.467,68.091,56734.927118
1629385200000,68.079,68.5,68.031,68.329,40266.969863
1629388800000,68.323,68.51,67.757,67.782,42245.69142
1629392400000,67.777,68.703,67.531,68.622,26774.312635
1629396000000,68.629,69.7,68.617,69.617,51408.558549
1629399600000,69.645,69.975,69.235,69.756,33700.411356
1629403200000,69.756,69.949,69.247,69.771,26533.925594
1629406800000,69.767,70.025,69.56,69.941,19899.47822
1629410400000,69.938,70.4,69.566,70.269,37830.520918
1629414000000,70.269,70.539,69.936,70.484,37259.899797
1629417600000,70.492,71.535,70.042,71.08,64622.513905
1629421200000,71.086,71.6,70.8,71.199,40799.267748
1629424800000,71.236,71.43,70.688,71.15,41362.458557
1629428400000,71.16,71.25,70.713,71.09,26945.440754
1629432000000,71.088,71.181,70.773,71.021,29530.620303
1629435600000,71.011,71.121,70.519,70.972,31951.51747
1629439200000,70.988,70.988,70.14,70.65,39497.017806
1629442800000,70.646,70.699,70.024,70.198,36408.302579
1629446400000,70.194,70.289,69.73,70.234,29822.079724
1629450000000,70.209,70.705,70.209,70.608,25090.74803
1629453600000,70.614,71.1,70.548,70.88,25731.386031
1629457200000,70.881,70.881,70.368,70.496,24900.378435
1629460800000,70.487,71.074,70.457,71.036,24314.021968
1629464400000,71.028,71.766,70.864,71.721,39532.013891
1629468000000,71.72,72.1,71.425,71.788,70142.358424
1629471600000,71.798,73.25,71.38,73.023,66665.362201
1629475200000,73.021,73.839,71.886,72.251,69859.117278
1629478800000,72.257,73.079,72.219,72.366,39517.181754
1629482400000,72.357,72.479,71.268,71.772,34096.951156
1629486000000,71.771,72.448,71.771,72.057,22410.465968
1629489600000,72.052,73.195,72.047,72.845,32997.817069
1629493200000,72.838,73.586,72.829,73.451,22456.242171
1629496800000,73.465,73.6,72.541,72.836,38491.556003
1629500400000,72.841,73.333,72.61,73.082,30948.276524
1629504000000,73.087,73.148,71.455,71.718,50950.239504
1629507600000,71.718,72.345,71.651,72.252,32910.092988
1629511200000,72.244,72.601,72.001,72.01,29085.79899
1629514800000,72.001,72.896,71.782,72.72,32734.898047
1629518400000,72.727,72.727,72.097,72.189,28617.366487
1629522000000,72.189,73.295,72.151,73.071,43179.575367
1629525600000,73.058,73.058,72.3,72.497,28544.428315
1629529200000,72.505,73.141,72.285,72.868,36685.847294
1629532800000,72.861,73.16,72.467,72.833,39959.156344
1629536400000,72.855,74.12,72.653,74.117,45370.709824
1629540000000,74.119,74.791,73.956,74.179,91411.432034
1629543600000,74.189,74.219,72,73.013,108756.492801
1629547200000,73.015,73.877,72.84,73.526,65831.625281
1629550800000,73.546,73.782,73.076,73.236,50039.09633
1629554400000,73.24,73.712,72.904,73.132,63055.565826
1629558000000,73.134,74.104,73.118,73.878,55571.986923
1629561600000,73.879,74.44,73.703,74.019,84783.644259
1629565200000,74.019,74.586,73.564,73.865,58671.173827
1629568800000,73.88,74.92,73.115,74.466,70588.275535
1629572400000,74.446,74.472,73.048,73.635,55679.506974
1629576000000,73.648,74.99,73.606,74.483,62488.225573
1629579600000,74.489,75,74.178,74.941,45932.611038
1629583200000,74.927,77.419,74.697,77.307,120457.597936
1629586800000,77.305,79.235,76.735,78.401,195223.374656
1629590400000,78.382,79.052,77.373,78.04,134171.107702
1629594000000,78.039,78.919,77.85,77.977,95572.141681
1629597600000,77.981,78.382,76.869,77.612,78016.84833
1629601200000,77.576,78.239,77.146,77.851,63720.050449
1629604800000,77.834,78.114,77.346,77.817,57016.650191
1629608400000,77.837,78.998,77.605,78.703,67521.465559
1629612000000,78.714,78.929,77.826,78.184,85089.577974
1629615600000,78.202,78.669,77.913,78.344,63556.75375
1629619200000,78.353,78.665,77.719,77.862,60348.058629
1629622800000,77.87,78.347,77.506,78.078,57063.164374
1629626400000,78.048,78.252,77.64,77.908,49851.184983
1629630000000,77.911,77.971,77.323,77.501,48736.464427
1629633600000,77.501,77.741,76.172,76.412,72550.392723
1629637200000,76.39,77.398,76.261,77.219,68421.00755
1629640800000,77.213,77.509,75.5,75.783,90486.198851
1629644400000,75.795,76.398,75.192,76.223,100427.448081
1629648000000,76.23,77.136,76.1,76.573,81921.030769
1629651600000,76.585,76.823,76.016,76.15,38211.482369
1629655200000,76.146,76.202,75.495,75.875,43929.718479
1629658800000,75.856,76.535,75.847,76.039,34473.613807
1629662400000,76.034,76.034,75,75.669,39790.047985
1629666000000,75.618,76.804,75.356,76.777,27538.657849
1629669600000,76.767,77.846,76.484,77.662,43512.077885
1629673200000,77.655,77.845,77.042,77.156,41192.714902
1629676800000,77.155,77.695,76.591,77.153,46984.107739
1629680400000,77.151,78.195,77.132,77.788,59029.677699
1629684000000,77.806,78.509,77.647,78.247,52158.955197
1629687600000,78.254,78.794,77.934,78.605,66367.822555
1629691200000,78.647,82.072,78.628,80.922,173827.944194
1629694800000,80.932,81.208,80.394,80.462,73483.824102
1629698400000,80.462,81.106,79.795,80.844,65588.390602
1629702000000,80.826,82.11,80.226,81.199,119273.79167
1629705600000,81.178,81.376,80.37,80.515,60590.660635
1629709200000,80.516,81.382,80.429,80.886,52682.984937
1629712800000,80.905,81.082,80,80.101,61127.596118
1629716400000,80.096,80.57,79.426,80.39,46640.076905
1629720000000,80.404,80.668,79.939,80.27,40287.56374
1629723600000,80.27,80.479,79.656,80.071,55532.497677
1629727200000,80.074,80.693,78.8,78.947,102571.289347
1629730800000,78.964,79.716,78.844,79.483,74319.803957
1629734400000,79.469,81.02,79.395,80.597,95871.721129
1629738000000,80.598,80.881,80.367,80.448,64598.882517
1629741600000,80.443,80.834,79.764,80.461,62440.789488
1629745200000,80.459,80.459,79.626,79.778,59436.42188
1629748800000,79.785,80.3,79.436,80.17,38047.250499
1629752400000,80.184,80.272,79.439,79.84,30018.896607
1629756000000,79.833,80.558,79.684,80.499,43730.48167
1629759600000,80.479,80.479,79.729,79.795,44552.684032
1629763200000,79.776,80.331,78.617,78.983,77457.330703
1629766800000,78.929,78.972,77.659,78.236,74160.200096
1629770400000,78.258,78.797,78.214,78.748,45977.993066
1629774000000,78.752,79.258,78.752,79.066,43679.539708
1629777600000,79.035,79.146,78.239,79.072,58287.101427
1629781200000,79.054,79.119,78.703,78.83,36197.976559
1629784800000,78.831,79.958,78.693,79.464,59774.353517
1629788400000,79.472,79.866,79.3,79.453,30099.834986
1629792000000,79.45,79.69,78.948,79.069,25295.144627
1629795600000,79.066,79.2,78.5,78.796,31206.276577
1629799200000,78.814,79.451,78.301,78.41,45662.633757
1629802800000,78.407,78.665,78.133,78.558,40430.230794
1629806400000,78.564,78.756,77.813,78.186,49466.377738
1629810000000,78.165,78.283,76.477,77.302,91731.941365
1629813600000,77.291,77.291,75.96,76.826,74745.504181
1629817200000,76.824,77.126,75.628,76.151,63095.17906
1629820800000,76.163,76.409,72.202,73.917,196650.857598
1629824400000,73.921,75.109,73.669,74.46,70846.155178
1629828000000,74.448,74.756,73.955,74.653,61901.5234
1629831600000,74.637,74.85,73.608,74.523,61355.94394
1629835200000,74.501,75.227,74.16,75.134,41521.583023
1629838800000,75.147,75.284,74.322,74.689,36581.58622
1629842400000,74.7,75.792,74.556,75.753,37563.402171
1629846000000,75.783,76.298,74.357,74.357,60626.504874
1629849600000,74.344,75.39,74.194,75.254,60401.42434
1629853200000,75.254,75.709,74.55,75.69,51033.160012
1629856800000,75.685,76.053,75.3,75.78,42015.764916
1629860400000,75.779,75.8,74.849,74.972,40801.835127
1629864000000,74.955,75.389,74.642,74.863,36807.620347
1629867600000,74.881,75.794,74.881,75.74,41809.355129
1629871200000,75.751,75.897,75.458,75.47,34064.523917
1629874800000,75.482,75.883,75.045,75.267,38152.647696
1629878400000,75.244,75.297,73,73.053,74099.759307
1629882000000,73.063,74.122,72.447,72.811,96863.887156
1629885600000,72.817,73.852,72.693,73.673,44657.2662
1629889200000,73.677,74.169,73.256,73.925,34871.646546
1629892800000,73.936,74.483,73.419,74.375,35382.033105
1629896400000,74.38,74.821,74.193,74.586,47057.962747
1629900000000,74.574,75.881,73.528,75.571,109633.58935
1629903600000,75.582,77.258,75.168,76.855,79558.572719
1629907200000,76.905,77.037,76.27,76.54,60042.003072
1629910800000,76.543,77.411,76.26,77.021,41188.607405
1629914400000,77.021,77.796,76.829,77.665,36704.178544
1629918000000,77.655,77.938,76.888,76.929,40556.183358
1629921600000,76.903,77.554,76.68,76.686,41796.466181
1629925200000,76.673,77.3,76.471,77.049,37772.128974
1629928800000,77.032,77.442,76.274,76.828,37476.832244
1629932400000,76.834,77.561,76.332,76.5,36462.149396
1629936000000,76.528,78.782,76.16,78.393,80491.127818
1629939600000,78.403,78.677,76.837,77.084,58542.758896
1629943200000,77.065,77.551,76.526,76.859,52970.53768
1629946800000,76.86,76.938,74.248,74.349,120899.592474
1629950400000,74.349,75.021,73.945,74.83,72168.811432
1629954000000,74.84,75.231,73.644,74.148,88059.931474
1629957600000,74.143,74.519,73.642,73.949,62016.530455
1629961200000,73.922,74.285,73.189,73.811,64874.923324
1629964800000,73.816,74.5,73.526,74.068,46759.246413
1629968400000,74.071,74.457,73.5,73.541,47480.267875
1629972000000,73.52,74.361,73.323,74.222,40262.042949
1629975600000,74.232,74.767,73.95,73.992,46604.518343
1629979200000,73.98,74.458,72.778,73.468,116819.308389
1629982800000,73.456,74.299,73.386,74.07,65073.512233
1629986400000,74.104,74.451,73.5,73.51,49754.134274
1629990000000,73.514,73.765,72.376,72.492,61882.807056
1629993600000,72.491,73.276,71.496,72.981,100217.576294
1629997200000,72.96,73.379,72.505,72.575,42990.802138
1630000800000,72.554,72.728,71.819,72.282,46190.860387
1630004400000,72.287,72.384,71.549,71.864,39809.251658
1630008000000,71.876,72.777,71.768,72.648,38448.271531
1630011600000,72.659,73.251,72.621,72.9,18789.215336
1630015200000,72.903,73.372,72.601,72.773,35109.090958
1630018800000,72.791,73.266,72.232,72.275,43028.726447
1630022400000,72.275,73.22,70.311,72.025,121602.966171
1630026000000,72.035,73.337,72.035,72.399,79257.8505
1630029600000,72.424,72.801,72.091,72.178,52031.847363
1630033200000,72.179,72.303,71.001,71.158,61683.124641
1630036800000,71.178,71.453,70.562,71.386,59339.352274
1630040400000,71.382,72.071,71.303,71.808,44118.773057
1630044000000,71.813,72.342,71.559,72.294,37789.260279
1630047600000,72.295,72.85,71.547,72.761,69911.239067
1630051200000,72.756,72.903,71.758,71.824,49049.838799
1630054800000,71.834,72.3,71.448,72.003,42530.715058
1630058400000,72.01,72.661,71.889,72.616,48247.044324
1630062000000,72.627,73.5,72.448,72.763,51533.504076
1630065600000,72.756,73.2,72.546,72.914,40338.559582
1630069200000,72.913,73.087,72.235,72.567,37262.886419
1630072800000,72.57,74.7,72.474,74.15,82907.511581
1630076400000,74.176,74.699,73.777,74.134,57203.411457
1630080000000,74.133,74.552,73.386,74.278,49714.961454
1630083600000,74.28,74.323,73.74,73.898,21724.121572
1630087200000,73.902,74.497,73.714,74.165,22734.423984
1630090800000,74.151,74.31,73.82,73.874,18824.634396
1630094400000,73.87,74.65,73.599,74.554,37755.706442
1630098000000,74.559,75.088,74.52,75.075,22801.480056
1630101600000,75.074,75.751,74.577,75.502,43418.296829
1630105200000,75.499,75.566,74.615,75.184,43503.118107
1630108800000,75.192,75.487,74.264,74.925,59571.179687
1630112400000,74.926,75.016,74.411,74.948,40032.703156
1630116000000,74.944,74.944,74.192,74.306,27986.294674
1630119600000,74.307,74.7,74.112,74.424,22744.556473
1630123200000,74.427,74.973,74.427,74.774,29789.377047
1630126800000,74.783,74.792,73.997,74.185,28752.493107
1630130400000,74.18,74.379,73.599,74.192,33276.04147
1630134000000,74.168,74.168,73.675,73.874,31316.37232
1630137600000,73.876,74.288,73.773,73.859,24360.020488
1630141200000,73.856,74.443,73.769,74.183,24461.350741
1630144800000,74.18,74.42,73.926,74.133,27364.039958
1630148400000,74.136,74.213,73.58,73.86,36724.339014
1630152000000,73.882,74.046,73.003,73.627,65838.296982
1630155600000,73.617,73.722,73.337,73.511,31097.994739
1630159200000,73.516,73.516,72.842,73.255,42782.890916
1630162800000,73.228,73.658,72.916,73.658,36407.716349
1630166400000,73.658,74.28,73.273,73.931,51491.98495
1630170000000,73.927,74.31,73.829,74.113,28295.145375
1630173600000,74.108,74.23,73.466,73.524,23811.964958
1630177200000,73.519,73.578,73.1,73.477,27654.701324
1630180800000,73.47,73.809,73.315,73.615,24701.249641
1630184400000,73.607,74.205,73.497,74.163,10676.656103
1630188000000,74.178,74.277,73.77,74.047,33168.353722
1630191600000,74.021,74.312,73.666,73.95,21768.209248
1630195200000,73.952,75.139,73.752,75.112,65108.068581
1630198800000,75.122,75.435,74.595,74.989,53717.739542
1630202400000,74.999,75.181,73.688,73.896,47977.372506
1630206000000,73.885,73.918,72.6,72.96,97735.90178
1630209600000,72.961,73.371,72.447,73.167,69139.147059
1630213200000,73.172,73.624,73.095,73.376,36992.508534
1630216800000,73.369,73.74,73.209,73.519,23980.383017
1630220400000,73.51,74.09,73.497,73.821,29081.96988
1630224000000,73.795,74.147,73.499,73.912,33353.868768
1630227600000,73.925,74.161,73.598,74.116,39941.862287
1630231200000,74.109,74.32,73.908,74.18,37949.515095
1630234800000,74.181,74.343,73.397,73.398,36820.625078
1630238400000,73.391,73.802,73.325,73.666,41264.81031
1630242000000,73.641,73.97,73.493,73.598,29237.999116
1630245600000,73.582,73.844,73.275,73.32,34691.00434
1630249200000,73.331,73.569,73.166,73.495,30626.295027
1630252800000,73.522,74.221,73.369,73.89,30466.955563
1630256400000,73.919,74.147,73.559,73.96,26127.026114
1630260000000,73.936,74.449,73.86,74.298,30435.206589
1630263600000,74.3,74.923,74.3,74.712,29921.43622
1630267200000,74.713,74.804,74.23,74.364,24045.641333
1630270800000,74.36,74.604,73.932,74.602,18256.915705
1630274400000,74.624,74.756,74.042,74.179,31041.740622
1630278000000,74.18,74.223,73.6,73.619,37484.138194
1630281600000,73.626,73.73,73.279,73.499,35021.735872
1630285200000,73.518,74.241,73.462,73.57,24368.220821
1630288800000,73.578,73.8,73.428,73.52,25637.266842
1630292400000,73.516,73.709,72.831,72.981,69487.117863
1630296000000,72.976,73.247,72.637,72.831,47423.888985
1630299600000,72.829,73.103,72.693,72.99,29977.076547
1630303200000,72.986,73.392,72.559,73.104,41070.209898
1630306800000,73.094,73.313,72.852,73.246,36533.188024
1630310400000,73.251,73.682,73.002,73.398,32494.183665
1630314000000,73.398,73.546,73.016,73.018,22957.085493
1630317600000,72.996,73.6,72.918,73.351,26836.384536
1630321200000,73.32,73.372,72.712,72.943,26486.147927
1630324800000,72.946,72.965,72.011,72.159,47987.709989
1630328400000,72.161,72.307,71.526,72.182,49536.798562
1630332000000,72.183,72.417,72.001,72.082,42509.283475
1630335600000,72.087,72.627,71.793,72.452,43482.652468
1630339200000,72.465,73.109,72.124,73.055,47927.633537
1630342800000,73.061,73.124,72.648,72.984,28338.644977
1630346400000,73.007,73.278,72.88,73.133,18370.631492
1630350000000,73.124,73.376,72.818,73.248,26891.847372
1630353600000,73.271,73.6,73.169,73.569,22184.421656
1630357200000,73.584,73.596,72.822,73.175,17694.049542
1630360800000,73.176,73.269,72.371,72.457,36261.761109
1630364400000,72.476,72.476,70.967,71.182,59888.849337
1630368000000,71.191,71.749,70.645,71.176,46417.487407
1630371600000,71.175,71.414,70.94,71.001,26071.439222
1630375200000,71.001,71.237,70.446,71.236,52649.335911
1630378800000,71.237,71.801,71.122,71.729,27814.623523
1630382400000,71.733,71.842,71.12,71.178,42946.4618
1630386000000,71.173,71.407,70.902,70.992,36681.330478
1630389600000,70.994,71.272,70.803,70.982,23239.727808
1630393200000,70.982,72.299,70.733,72.123,60135.960025
1630396800000,72.088,72.416,71.806,71.953,47295.208555
1630400400000,71.976,72.737,71.577,72.428,34112.510126
1630404000000,72.439,72.86,71.9,72.661,38968.963568
1630407600000,72.665,74.831,72.437,74.212,110772.458589
1630411200000,74.221,75.767,73.95,75.559,83803.648414
1630414800000,75.565,78,75.565,76.703,143453.565498
1630418400000,76.671,77.632,74.777,75.106,131640.794484
1630422000000,75.113,77.385,75.105,77.255,91389.679073
1630425600000,77.243,77.576,75.724,76.861,102778.607428
1630429200000,76.877,77.298,75.15,75.631,76349.360513
1630432800000,75.61,76.647,75.61,76.606,44629.449879
1630436400000,76.584,77.045,76.068,76.767,42141.433689
1630440000000,76.728,77.174,75.974,76.156,39043.696356
1630443600000,76.158,76.63,75.564,76.536,28507.05768
1630447200000,76.536,76.561,75.004,75.575,44231.833894
1630450800000,75.593,76.162,75.212,76.001,34370.515014
1630454400000,76,78.095,75.296,76.514,99789.362971
1630458000000,76.49,76.986,75.537,76.438,71987.922548
1630461600000,76.421,76.421,75.402,75.504,54689.454322
1630465200000,75.516,75.891,75.319,75.794,35384.072224
1630468800000,75.798,76.534,75.494,76.158,57402.785063
1630472400000,76.174,77.115,75.956,76.898,61730.638749
1630476000000,76.912,76.985,76.126,76.38,39507.180286
1630479600000,76.38,76.832,75.931,76.175,48214.894566
1630483200000,76.169,76.38,76.026,76.171,32577.912265
1630486800000,76.158,77.132,76.158,76.875,60803.144173
1630490400000,76.879,77.408,76.44,76.68,48510.494301
1630494000000,76.691,77.32,76.63,77.065,28435.790448
1630497600000,77.068,80,75.1,77.424,99450.82534
1630501200000,77.438,77.733,76.373,76.673,46317.926716
1630504800000,76.692,77.098,76.177,76.498,46932.223847
1630508400000,76.487,77.646,76.486,77.189,50620.94023
1630512000000,77.168,77.921,76.556,77.676,68219.739448
1630515600000,77.692,78.346,77.335,77.824,63744.921514
1630519200000,77.83,78.107,77.303,77.515,34345.781771
1630522800000,77.518,78.142,77.499,77.757,28745.036199
1630526400000,77.743,77.97,77.501,77.787,19182.609529
1630530000000,77.792,78.444,77.784,78.372,21318.845995
1630533600000,78.374,78.378,77.297,77.821,37867.634833
1630537200000,77.801,78.831,77.8,78.681,40883.687547
1630540800000,78.687,78.818,77.961,78.088,44879.222522
1630544400000,78.083,79.6,77.899,79.18,74696.38255
1630548000000,79.191,79.482,78.885,78.973,41985.651464
1630551600000,78.974,79.314,78.703,78.983,28094.47234
1630555200000,78.968,79.248,78.56,78.794,25328.177814
1630558800000,78.792,79.268,78.621,79.014,25946.026381
1630562400000,79.004,79.019,78.05,78.366,59294.14691
1630566000000,78.344,78.875,78.078,78.264,51147.934106
1630569600000,78.267,78.689,78.092,78.569,26410.657731
1630573200000,78.555,78.606,77.731,77.991,49880.72049
1630576800000,77.977,78.563,77.926,78.468,30454.658297
1630580400000,78.469,78.832,78.182,78.654,21081.806596
1630584000000,78.655,78.953,78.196,78.472,34040.939944
1630587600000,78.462,78.976,78.366,78.864,33295.415113
1630591200000,78.846,78.939,77.611,77.777,62531.39157
1630594800000,77.775,78.054,77.064,77.772,55414.024741
1630598400000,77.785,78.012,77.7,77.813,38030.080023
1630602000000,77.818,77.844,77.107,77.52,36933.405069
1630605600000,77.531,77.616,77,77.294,19584.307832
1630609200000,77.297,77.547,77.083,77.397,17918.51992
1630612800000,77.412,77.758,77.327,77.693,15141.100334
1630616400000,77.694,78.157,77.694,78.109,19519.516279
1630620000000,78.118,78.468,77.891,78.19,21172.664714
1630623600000,78.189,78.189,77.16,77.427,32099.374652
1630627200000,77.429,77.575,75.803,76.173,72430.167008
1630630800000,76.183,76.434,75.7,76.115,39305.523977
1630634400000,76.112,76.799,76.008,76.562,31361.372036
1630638000000,76.563,77.18,76.553,77.13,23280.004375
1630641600000,77.131,77.411,76.919,77.25,25163.646014
1630645200000,77.25,77.276,76.546,76.6,27336.719118
1630648800000,76.599,76.931,76.5,76.652,21170.047538
1630652400000,76.653,76.826,76.428,76.74,24695.690712
1630656000000,76.755,77.768,76.483,77.693,37757.966521
1630659600000,77.695,78.256,77.453,77.749,88019.652018
1630663200000,77.757,78.275,76.909,77.277,43632.708677
1630666800000,77.283,77.79,76.678,77.519,43619.633248
1630670400000,77.539,78.258,77.054,78.028,46982.466228
1630674000000,78.036,78.523,77.667,77.912,47553.947245
1630677600000,77.919,78.222,77.575,77.94,50112.818387
1630681200000,77.933,79,77.918,78.479,78604.399656
1630684800000,78.471,78.856,77.741,77.969,39049.422293
1630688400000,77.964,78.321,77.688,77.829,22309.697811
1630692000000,77.834,78.171,77.532,77.957,17971.893221
1630695600000,77.95,78.863,77.931,78.345,18911.558657
1630699200000,78.325,78.36,77.732,77.766,18483.062971
1630702800000,77.763,78.062,77.603,77.795,17548.202281
1630706400000,77.79,77.79,77.021,77.136,39144.133752
1630710000000,77.141,77.753,77.036,77.666,28101.122304
1630713600000,77.678,82.301,77.503,81.676,164018.905371
1630717200000,81.653,84.469,81.353,83.733,181334.994215
1630720800000,83.706,84.359,82.603,83.374,102847.478168
1630724400000,83.381,83.624,82.629,83.37,80654.624625
1630728000000,83.333,84.33,82.458,82.796,66449.902649
1630731600000,82.791,83.239,82.369,83.237,68495.085126
1630735200000,83.246,83.763,82.93,83.599,48055.014095
1630738800000,83.617,83.782,82.935,83.014,44545.887085
1630742400000,83.014,84.497,82.525,84.378,81769.719798
1630746000000,84.374,84.99,83.626,84.19,77042.321508
1630749600000,84.169,84.367,82.604,82.754,69189.705447
1630753200000,82.743,83.728,82.743,83.299,70055.081723
1630756800000,83.298,84.32,83.265,83.983,71194.037442
1630760400000,83.988,85.201,83.675,85.1,101248.529823
1630764000000,85.1,85.281,83.771,84.374,179389.696123
1630767600000,84.378,84.851,84.029,84.724,55029.129683
1630771200000,84.729,90.249,84.729,89.423,315779.509654
1630774800000,89.416,92.364,89.104,90.984,193804.926518
1630778400000,90.984,91.523,90.406,91.077,66719.594277
1630782000000,91.053,92.377,90.166,92.155,73634.773637
1630785600000,92.177,93.66,90.807,91.37,89860.747635
1630789200000,91.397,93.268,91.318,93.179,47978.986081
1630792800000,93.187,96.63,92.359,96.279,130868.416679
1630796400000,96.296,96.358,94.489,95.117,118678.220468
1630800000000,95.12,95.271,92.244,93.736,135862.372026
1630803600000,93.82,94.336,92.288,93.749,104910.690609
1630807200000,93.741,95.903,93.645,94.507,107702.011782
1630810800000,94.483,95.121,93.46,93.669,73528.989223
1630814400000,93.633,94.905,93.194,94.063,60058.253601
1630818000000,94.061,94.1,93,93.19,56124.095842
1630821600000,93.162,93.613,91.3,93.454,99847.085697
1630825200000,93.488,94.555,93.241,93.61,94065.412801
1630828800000,93.61,95.881,93.471,95.044,111390.484051
1630832400000,95.062,96.418,94.28,95.152,103677.241246
1630836000000,95.149,95.571,94.139,94.146,58810.759506
1630839600000,94.141,99.466,93.956,99.16,150124.958549
1630843200000,99.161,102.833,98.099,102.191,208831.643475
1630846800000,102.203,107.125,101.517,105.679,200188.157562
1630850400000,105.597,105.678,103.416,104.455,150423.688206
1630854000000,104.46,112.083,103.456,110.82,200861.868129
1630857600000,110.799,117.553,109.777,114.659,371380.877577
1630861200000,114.644,118,108.3,114.6,245841.009667
1630864800000,114.625,119.188,114.625,117.849,193925.184556
1630868400000,117.83,118.523,115.52,116.051,113699.502039
1630872000000,116.064,120.174,116.016,118.527,151985.643209
1630875600000,118.532,119.311,115.817,116.07,101215.870353
1630879200000,116.136,117.012,110.664,111.331,171781.735524
1630882800000,111.386,114.756,111.386,113.643,126288.836819
1630886400000,113.653,117.3,111.193,116.297,201541.874137
1630890000000,116.269,116.36,113.808,114.314,111673.953842
1630893600000,114.305,114.5,112.151,114.408,117411.277482
1630897200000,114.378,116.797,113.934,114.896,103221.955599
1630900800000,114.893,117.748,114.549,117.61,121442.076815
1630904400000,117.479,118.438,116.269,117.409,117029.639802
1630908000000,117.423,118.178,116.212,118.153,95702.314099
1630911600000,118.176,118.176,116.28,116.735,102314.560361
1630915200000,116.759,117.585,114.853,116.12,102187.888636
1630918800000,116.086,117.474,115.492,116.427,87251.23832
1630922400000,116.414,116.444,112.546,114.021,138975.667471
1630926000000,114.043,114.97,111.75,112.222,115396.487796
1630929600000,112.212,112.212,107.05,111.167,243081.652514
1630933200000,111.166,112.564,109.337,111.925,130055.809721
1630936800000,111.954,112.224,110.188,111.665,114378.46542
1630940400000,111.583,111.948,105.4,106.1,151916.418565
1630944000000,106.101,108.678,104.82,107.065,174972.951794
1630947600000,107.083,108.527,106.743,108.035,66442.286108
1630951200000,108.048,109.852,107.006,109.071,79608.30094
1630954800000,109.092,109.198,107.067,108.036,65940.580843
1630958400000,108.069,109.308,107.026,109.04,63937.621996
1630962000000,109.039,109.153,107.517,108.173,53720.645779
1630965600000,108.172,110.381,104.508,105.654,319975.392295
1630969200000,105.647,106.466,103.833,106.212,116899.778336
1630972800000,106.233,110,104,108.636,157389.878174
1630976400000,108.664,109.573,106.634,106.93,124091.864145
1630980000000,106.929,109.201,106.879,108.916,91558.729485
1630983600000,108.886,109.019,107.356,107.633,74090.896551
1630987200000,107.583,110.5,107.127,109.586,93381.071031
1630990800000,109.565,110.866,108.56,109.969,143400.93299
1630994400000,110.006,110.68,105.404,106.601,102141.629718
1630998000000,106.549,107.646,105.154,106.712,121236.256702
1631001600000,106.76,107.115,101.212,101.348,224247.701374
1631005200000,101.272,103.232,97.664,100.388,218246.042546
1631008800000,100.378,102.093,99.56,100.894,149204.24593
1631012400000,100.864,101.141,98.565,99.449,77636.759847
1631016000000,99.399,100.245,96.965,99.143,168299.96344
1631019600000,99.162,100.811,97.718,97.931,107758.413533
1631023200000,97.918,99.886,77.3,79.034,617178.732351
1631026800000,79.163,84.954,70.886,83.116,590932.742058
1631030400000,83.036,89.285,81.478,89.053,537624.891046
1631034000000,89.012,89.79,82.239,83.882,379888.044301
1631037600000,83.84,88,80.19,82.445,256910.454208
1631041200000,82.439,83.527,80.216,80.812,171687.250633
1631044800000,80.806,83.083,80.427,82.512,130811.626502
1631048400000,82.52,84.8,80.811,84.702,84033.05184
1631052000000,84.706,86.122,83.351,84.624,135578.793427
1631055600000,84.624,85.437,83.438,84.506,103176.199614
1631059200000,84.499,86.653,81.24,86.396,144623.372245
1631062800000,86.409,86.918,84.801,86.517,108844.753781
1631066400000,86.535,87,84.9,85.101,116481.16369
1631070000000,85.09,85.528,82.644,83.635,118005.554184
1631073600000,83.63,85.449,82.719,82.954,196446.015097
1631077200000,82.97,83.975,81.466,81.542,291679.933696
1631080800000,81.549,82.615,76,77.112,292040.731439
1631084400000,77.082,79.53,77.078,77.903,209934.441499
1631088000000,77.926,81.858,76.386,81.858,221732.901535
1631091600000,81.88,83.588,80.779,83.498,149411.442293
1631095200000,83.456,83.676,80.495,82.031,153105.987297
1631098800000,82.021,83.87,81.377,82.41,109928.835098
1631102400000,82.376,83.853,81.5,82.114,103159.12853
1631106000000,82.122,86.396,81.852,86.046,204522.231854
1631109600000,86.077,86.2,82.608,83.512,154986.075328
1631113200000,83.511,86.569,83.488,85.91,183288.889803
1631116800000,85.975,93.976,84.914,91.636,301049.119449
1631120400000,91.617,92.1,87.248,90.358,226893.585508
1631124000000,90.339,91.03,88.714,89.978,146355.627879
1631127600000,89.98,93.162,88.776,90.163,130373.111735
1631131200000,90.201,90.262,85.914,87.317,200962.205653
1631134800000,87.28,88.335,86.503,87.593,75910.88244
1631138400000,87.602,91.36,87.397,90.016,119954.508772
1631142000000,89.977,91.106,87.341,88.37,112226.688182
1631145600000,88.404,92.431,87.582,92.217,141771.347651
1631149200000,92.215,92.215,89.403,90.497,96116.945764
1631152800000,90.492,91.651,89,89.384,89637.296711
1631156400000,89.429,91.457,89.15,90.707,106332.236611
1631160000000,90.764,94.188,90.29,92.885,124730.724298
1631163600000,92.848,93.65,91.452,93.058,106377.907816
1631167200000,93.02,93.341,90.3,91.211,105277.042448
1631170800000,91.173,91.173,89.102,90.636,109255.822933
1631174400000,90.65,92.408,89.9,90.792,113121.281892
1631178000000,90.812,91.562,90.24,90.362,80995.283954
1631181600000,90.313,90.649,88.432,89.438,102193.926845
1631185200000,89.42,90.255,88.986,89.001,82403.954971
1631188800000,89.008,89.969,85,88.925,210335.884803
1631192400000,88.974,90.929,87.56,88.238,171178.775446
1631196000000,88.249,89.436,87.8,88.795,93194.450158
1631199600000,88.798,91.468,88.061,90.805,116166.298152
1631203200000,90.802,92.3,89.311,90.433,151384.785175
1631206800000,90.424,91.264,89.31,89.323,95611.279362
1631210400000,89.328,89.728,86.937,87.812,119962.881788
1631214000000,87.848,88.952,87.208,88.006,62355.228074
1631217600000,87.996,88.523,86.558,87.709,66491.836606
1631221200000,87.688,89.303,87.619,89.189,36922.1174
1631224800000,89.178,89.733,88.431,89.551,59878.898666
1631228400000,89.539,89.964,88.045,88.659,52720.728573
1631232000000,88.67,91.672,88.359,90.38,101390.063907
1631235600000,90.387,91.819,90.074,91.1,80885.901003
1631239200000,91.133,91.175,89.826,89.865,71907.123252
1631242800000,89.868,90.375,89.252,89.96,55358.053922
1631246400000,89.933,90.3,88.982,89.134,59636.535199
1631250000000,89.083,89.307,88.14,89.097,73557.393632
1631253600000,89.106,89.251,88.045,88.055,49139.962624
1631257200000,88.057,88.422,86.51,87.081,95498.625714
1631260800000,87.081,87.87,85.8,86.498,125328.915783
1631264400000,86.5,87.923,85.673,87.491,82475.449897
1631268000000,87.491,87.599,86.517,87.354,79875.334047
1631271600000,87.348,87.348,86.082,87.171,68675.21903
1631275200000,87.2,87.758,85.845,85.908,63733.032035
1631278800000,85.884,85.884,83.09,83.168,166814.240198
1631282400000,83.157,83.54,78.696,80.487,255237.428612
1631286000000,80.487,83,79.054,82.462,152322.566759
1631289600000,82.483,83.068,81.282,81.85,87760.489008
1631293200000,81.829,82.668,80.588,82.647,56025.443616
1631296800000,82.634,82.679,81.778,82.005,43799.931394
1631300400000,82.006,83.139,81.47,82.96,52056.193604
1631304000000,83.022,83.022,80.803,81.047,60261.665051
1631307600000,81.03,81.656,79.26,80.189,50476.303787
1631311200000,80.202,83.189,79.681,81.162,77867.078548
1631314800000,81.105,83.045,80.462,82.448,80747.224564
1631318400000,82.425,83.283,81.895,83.257,75134.82874
1631322000000,83.245,84.075,82.812,82.931,71197.172343
1631325600000,82.948,83.447,82.343,82.42,46275.644537
1631329200000,82.425,82.668,80.232,81.333,64974.538443
1631332800000,81.33,82.339,81.288,82.106,61413.731688
1631336400000,82.115,82.481,80.5,81.904,74105.323808
1631340000000,81.919,82.296,81.308,81.79,52274.131434
1631343600000,81.853,82.555,80.174,81.565,75319.992979
1631347200000,81.584,81.984,80.654,81.668,64794.071024
1631350800000,81.693,83.203,81.023,83.195,72983.005004
1631354400000,83.211,83.701,82.597,83.224,71541.597365
1631358000000,83.23,85.141,83.117,83.427,95287.772111
1631361600000,83.431,84.773,83.417,84.088,62992.029182
1631365200000,84.088,84.372,82.6,83.306,64886.260301
1631368800000,83.31,84.724,83.227,83.776,71334.276529
1631372400000,83.765,84.241,83.5,84.003,65773.702979
1631376000000,84.009,84.683,82.706,83.809,73971.224446
1631379600000,83.834,84.193,83.225,83.43,36439.622518
1631383200000,83.403,83.684,82.975,83.557,31591.208947
1631386800000,83.555,83.888,82.795,82.855,35601.959698
1631390400000,82.84,83.069,81.896,82.636,45301.131392
1631394000000,82.625,83.436,82.418,82.841,24057.439583
1631397600000,82.853,82.862,80.876,80.94,79526.627992
1631401200000,80.931,81.815,80.5,81.659,78884.831798
1631404800000,81.66,82.538,80.8,81.49,92550.3589
1631408400000,81.509,81.833,80.65,81.462,74518.560878
1631412000000,81.416,82.2,80.959,81.743,75260.257987
1631415600000,81.743,82.333,81.524,82.285,49606.008984
1631419200000,82.263,82.817,81.788,82.437,36860.39379
1631422800000,82.437,82.588,81.859,81.95,32454.025038
1631426400000,81.942,82.182,81.094,81.3,44468.762943
1631430000000,81.301,82.126,81.301,81.997,36323.137032
1631433600000,81.993,84.314,81.73,83.867,108191.64706
1631437200000,83.874,84.49,83.571,83.722,66656.13648
1631440800000,83.742,84.104,83.311,83.559,36474.827918
1631444400000,83.533,85.568,83.475,85.199,60410.393853
1631448000000,85.199,86.991,84.6,85.624,122908.456762
1631451600000,85.62,86.601,84.176,85.21,90106.651374
1631455200000,85.21,85.843,84.758,85.163,56671.721317
1631458800000,85.154,86.168,84.31,84.752,75323.38213
1631462400000,84.734,85.163,83.544,85.004,72094.88254
1631466000000,84.998,85.168,84.001,84.374,35780.662063
1631469600000,84.366,84.598,83.753,84.426,32893.820122
1631473200000,84.449,84.599,83.522,83.726,33872.699346
1631476800000,83.728,84.022,81.63,81.786,96328.76567
1631480400000,81.833,82.474,81.331,82.296,62417.421575
1631484000000,82.278,82.925,82.093,82.896,53556.652724
1631487600000,82.927,87,82.927,83.665,94523.880338
1631491200000,83.669,84.63,82.955,83.115,53654.05717
1631494800000,83.113,83.556,81.872,82.348,68406.691344
1631498400000,82.347,83.064,81.22,81.583,97202.632458
1631502000000,81.582,81.975,80.1,80.195,90935.443965
1631505600000,80.17,81.5,80.08,81.391,68732.242371
1631509200000,81.396,81.753,80.353,81.468,62463.485769
1631512800000,81.448,81.456,80.785,81.067,45722.78608
1631516400000,81.056,81.333,77.5,78.686,162182.340725
1631520000000,78.716,79.084,77.062,78.056,105953.757209
1631523600000,78.064,79.232,78.033,78.65,53578.882767
1631527200000,78.649,78.818,77.764,78.545,60015.200034
1631530800000,78.528,79.265,77.219,79.161,69985.734938
1631534400000,79.157,79.5,78.551,78.803,79491.65656
1631538000000,78.782,84,78.63,81.852,192527.807991
1631541600000,81.845,81.938,72.747,76.142,367123.062591
1631545200000,76.124,78.512,75.993,77.871,112856.043891
1631548800000,77.861,78.524,76.834,77.62,68716.361393
1631552400000,77.644,77.947,77.139,77.86,43262.000858
1631556000000,77.848,78.824,77.415,77.946,40201.236888
1631559600000,77.951,78.006,77.332,77.784,28597.591399
1631563200000,77.755,78.945,77.755,78.937,41222.645687
1631566800000,78.93,79.417,78.22,78.372,44042.064203
1631570400000,78.367,79.427,78.273,79.2,45887.372861
1631574000000,79.199,79.551,77.82,77.97,46361.825186
1631577600000,77.959,79.067,77.445,78.661,75596.319607
1631581200000,78.644,79.046,78.038,78.243,42043.860017
1631584800000,78.251,78.411,77.681,78.021,36353.920782
1631588400000,78.026,78.8,77.981,78.63,36834.865228
1631592000000,78.632,79.192,77.947,78.182,37804.776091
1631595600000,78.178,78.532,77.985,78.39,24352.755134
1631599200000,78.406,79.246,78.252,78.929,46493.563892
1631602800000,78.918,79.493,78.73,79.004,57852.882149
1631606400000,79.01,80,78.958,79.649,65465.75809
1631610000000,79.658,80.621,79.427,79.827,68260.927551
1631613600000,79.88,79.99,79.107,79.723,37902.549377
1631617200000,79.716,79.784,78.694,79.213,38009.130557
1631620800000,79.191,79.948,77.8,79.796,83950.855967
1631624400000,79.871,80.328,79.158,79.278,68394.208266
1631628000000,79.26,79.983,78.425,79.94,61818.003144
1631631600000,79.972,81.636,79.868,81.245,84871.885212
1631635200000,81.272,81.9,80.046,80.177,58902.5464
1631638800000,80.143,80.419,79.879,80.155,24790.716903
1631642400000,80.196,80.237,79.079,79.178,34740.025133
1631646000000,79.192,79.582,79.053,79.284,21700.236465
1631649600000,79.284,80.169,79.2,79.754,28618.588816
1631653200000,79.77,80.01,78.545,78.964,27732.941844
1631656800000,78.947,80.756,78.94,80.677,50569.125756
1631660400000,80.689,80.909,80.001,80.843,39410.943751
1631664000000,80.811,80.87,80.114,80.319,51576.783579
1631667600000,80.345,83.376,80.168,82.552,107358.898547
1631671200000,82.546,85.05,82.458,84.979,136275.968953
1631674800000,84.981,85.87,83.814,84.492,125387.40046
1631678400000,84.546,85.485,83.658,83.944,91229.118631
1631682000000,83.941,85.151,83.568,84.548,75649.387003
1631685600000,84.525,84.743,83.721,84.153,71203.758356
1631689200000,84.167,85.116,83.82,85.022,57822.220058
1631692800000,84.974,85.819,84.362,84.561,88205.683062
1631696400000,84.545,86.527,84.491,86.285,111484.021143
1631700000000,86.264,87.491,85.747,86.404,114501.198892
1631703600000,86.399,86.455,85.436,86.189,62060.483808
1631707200000,86.173,86.949,85.202,85.285,64261.588787
1631710800000,85.299,86.223,85.298,85.907,53737.331211
1631714400000,85.902,86.142,84.363,85.164,79314.060007
1631718000000,85.192,86.835,84.977,86.792,93954.424588
1631721600000,86.779,87.229,85.346,86.308,87155.539261
1631725200000,86.309,86.726,85.736,85.766,64250.696327
1631728800000,85.779,86.5,85.426,85.643,37140.272915
1631732400000,85.643,85.828,85.096,85.481,23597.231046
1631736000000,85.481,85.573,85,85.035,24098.971469
1631739600000,85.028,85.59,84.826,85.582,25362.886567
1631743200000,85.581,85.993,84.74,85.843,45973.953856
1631746800000,85.856,86.425,85.475,86.219,43167.257945
1631750400000,86.225,86.428,85.101,85.131,50620.987036
1631754000000,85.147,86.386,85.044,85.995,46174.173115
1631757600000,85.992,88.946,85.676,88.591,136281.194076
1631761200000,88.61,89.967,87.943,89.541,152458.536714
1631764800000,89.551,90.61,89.017,89.876,139042.744891
1631768400000,89.863,90.007,88.539,89.207,78057.881734
1631772000000,89.208,89.845,89.044,89.539,46979.092931
1631775600000,89.556,89.789,88.6,89.164,47757.871547
1631779200000,89.166,89.211,87.323,88.913,100472.074796
1631782800000,88.906,89.436,87.459,87.54,102998.393393
1631786400000,87.525,87.634,85.401,86.487,124413.711304
1631790000000,86.508,87.406,86.294,86.917,50539.094123
1631793600000,86.904,87.633,86.3,86.951,71645.892484
1631797200000,86.94,87.121,83.13,83.819,133157.675386
1631800800000,83.761,84.6,82.222,84.016,205135.272447
1631804400000,84.025,85.389,83.37,84.933,135891.887275
1631808000000,84.923,85.044,84,84.183,62998.089022
1631811600000,84.192,84.777,83.408,83.578,54918.434319
1631815200000,83.542,83.99,83.129,83.893,54062.547577
1631818800000,83.901,84.378,83.676,83.762,37615.78487
1631822400000,83.803,83.933,82.68,82.989,68966.162079
1631826000000,82.979,84,82.842,83.941,40641.838614
1631829600000,83.937,84.373,83.314,84.105,39987.388681
1631833200000,84.102,84.793,83.741,84.734,39866.130589
1631836800000,84.706,85.058,83.338,83.454,47693.230435
1631840400000,83.453,84.738,82.944,84.45,66882.884157
1631844000000,84.453,84.546,83,83.306,57114.712407
1631847600000,83.322,84.338,83.195,83.707,49226.088439
1631851200000,83.752,84.584,83.401,84.412,52778.477173
1631854800000,84.404,84.674,83.767,84.017,48690.57848
1631858400000,84.017,84.369,83.4,84.218,43652.247455
1631862000000,84.221,84.345,83.236,83.613,45780.943356
1631865600000,83.618,84.18,83.131,83.829,48671.205812
1631869200000,83.832,84.098,82.91,83.068,55776.833679
1631872800000,83.06,83.103,80.6,81.62,140413.594497
1631876400000,81.589,82.201,81,81.367,63956.914041
1631880000000,81.343,82.152,80.601,81.958,57869.40834
1631883600000,81.97,82.572,81.107,81.878,64282.065114
1631887200000,81.878,83.147,81.826,82.305,45306.843665
1631890800000,82.349,82.663,81.969,82.238,41207.495561
1631894400000,82.224,87,81.672,84.585,125372.653345
1631898000000,84.588,84.696,83.183,83.394,56325.327101
1631901600000,83.368,85.489,82.618,85.016,83639.523192
1631905200000,84.993,85.106,83.862,84.02,57994.541173
1631908800000,84.006,85.44,83.883,84.615,46865.446682
1631912400000,84.597,84.648,83.7,84.387,37696.329073
1631916000000,84.396,86.6,84.393,85.448,92256.787124
1631919600000,85.473,86.6,85.097,85.798,71427.353531
1631923200000,85.811,85.891,84.5,85.743,75440.276933
1631926800000,85.745,86.343,85.303,85.687,66315.458885
1631930400000,85.688,85.818,84.892,85.319,40942.066501
1631934000000,85.332,86.168,85.324,85.76,55056.869387
1631937600000,85.828,86.372,85.454,86.146,48308.924398
1631941200000,86.14,87.34,85.932,87.177,73952.825504
1631944800000,87.179,87.352,86.036,86.15,54944.709679
1631948400000,86.151,86.401,85.221,85.699,54877.201773
1631952000000,85.704,86.313,85.38,85.597,48207.161951
1631955600000,85.595,85.721,84.738,85.433,48179.496398
1631959200000,85.434,86.118,85.2,85.73,33992.066615
1631962800000,85.721,85.963,84.08,84.363,53986.722164
1631966400000,84.393,84.933,83.772,84.36,65858.102951
1631970000000,84.359,84.953,84.264,84.552,35993.068337
1631973600000,84.604,86,84.459,85.207,40865.53885
1631977200000,85.2,85.255,84.4,85.057,33046.483549
1631980800000,85.089,85.8,84,84.055,51872.823827
1631984400000,84.064,84.418,83.739,84.32,33345.469262
1631988000000,84.311,84.373,83.928,84.153,21418.604676
1631991600000,84.15,84.17,83.5,83.665,25158.915056
1631995200000,83.665,83.695,82.658,83.331,45222.2443
1631998800000,83.324,83.672,83.093,83.285,18036.793208
1632002400000,83.275,84.068,83.139,83.892,21790.213062
1632006000000,83.891,84.533,83.606,84.306,31436.672804
1632009600000,84.317,84.397,83.164,83.266,33503.675727
1632013200000,83.265,83.652,82.745,83.522,50164.440747
1632016800000,83.488,83.769,83.247,83.483,29010.360874
1632020400000,83.483,83.987,83.483,83.712,22705.444142
1632024000000,83.71,83.942,83.049,83.447,26968.840484
1632027600000,83.46,83.967,83.308,83.756,26246.961117
1632031200000,83.78,84.2,83.78,84.15,27163.336205
1632034800000,84.158,84.425,83.66,84.141,27417.396478
1632038400000,84.138,84.388,84.009,84.229,24456.501568
1632042000000,84.27,84.275,83.648,83.775,29179.197625
1632045600000,83.768,83.925,83.312,83.325,23194.173235
1632049200000,83.319,83.373,81.537,82.053,71964.630484
1632052800000,82.044,82.66,81.663,82.489,51553.616514
1632056400000,82.48,82.978,82.302,82.854,27607.470834
1632060000000,82.831,83.3,82.663,83.002,23323.800234
1632063600000,83.016,83.241,82.613,82.697,35887.311358
1632067200000,82.689,85.179,82.5,84.185,80643.249368
1632070800000,84.173,84.503,83.172,83.465,38264.235466
1632074400000,83.481,84.514,83.282,84.239,39985.881692
1632078000000,84.256,84.361,83.548,83.716,22014.025081
1632081600000,83.653,84.374,83.441,84.242,18798.294874
1632085200000,84.223,84.333,83.328,83.694,19109.136801
1632088800000,83.694,84.151,82.21,82.294,44614.376415
1632092400000,82.281,83.63,82.219,83.543,45291.018982
1632096000000,83.549,83.695,81.9,82.258,58822.040996
1632099600000,82.279,83.106,82.033,82.979,38632.603689
1632103200000,82.984,83.053,79.417,79.85,124912.35077
1632106800000,79.86,80.536,77.73,79.914,137099.787347
1632110400000,79.862,80.441,79.146,80.215,65129.881776
1632114000000,80.124,80.601,79.47,79.777,8806.910914
1632117600000,79.812,80.662,79.657,80.501,24793.089385
1632121200000,80.501,80.857,76,77.762,122050.156689
1632124800000,77.721,79.896,76.727,78.831,75188.247388
1632128400000,78.766,78.957,78.059,78.235,50637.674678
1632132000000,78.24,79.1,75.7,76.344,131196.843977
1632135600000,76.325,76.379,72.924,74.304,212508.474645
1632139200000,74.294,76.328,71.3,75.218,249572.211089
1632142800000,75.251,76.3,74.396,76.055,136743.018948
1632146400000,76.047,76.052,75,75.432,80602.484183
1632150000000,75.413,75.963,74.4,75.759,93277.723381
1632153600000,75.743,78.709,75.479,76.743,177488.418684
1632157200000,76.768,77.49,76.327,77.067,62790.52245
1632160800000,77.104,77.366,75.072,75.257,76898.389438
1632164400000,75.286,76.817,74.447,76.611,92194.451369
1632168000000,76.617,76.933,75.125,75.893,66442.782173
1632171600000,75.888,76.992,75.799,76.392,37789.330431
1632175200000,76.398,77.825,75.575,76.045,71120.808307
1632178800000,76.061,76.713,73.678,74.441,168444.516036
1632182400000,74.43,74.472,70.144,72.19,245736.672986
1632186000000,72.232,75.75,71.878,74.578,117299.611493
1632189600000,74.575,75.425,74,74.899,87147.982081
1632193200000,74.9,75.168,73.709,73.912,56715.254935
1632196800000,73.984,74.389,72.58,73.226,94584.907419
1632200400000,73.234,74.108,72.137,73.687,92895.391287
1632204000000,73.718,74.677,73.686,74.101,54132.929046
1632207600000,74.123,75.228,73.75,74.974,65950.433606
1632211200000,74.969,75.052,74.187,74.79,76718.698783
1632214800000,74.79,76.5,74.562,75.144,84574.92667
1632218400000,75.152,75.828,74.5,75.236,73814.334533
1632222000000,75.246,76.577,75.154,75.787,70200.357702
1632225600000,75.761,76.123,74.5,74.535,73187.99033
1632229200000,74.544,75.111,73.695,74.714,78460.574353
1632232800000,74.702,74.83,72.918,73.347,96544.030306
1632236400000,73.335,74.876,73.131,74.829,83141.013557
1632240000000,74.8,74.921,72.736,72.825,85872.848239
1632243600000,72.875,73.383,71.8,72.268,109217.99671
1632247200000,72.239,73.157,72.047,72.445,87718.330941
1632250800000,72.427,72.809,71.5,71.786,71730.758257
1632254400000,71.773,72.208,70.379,70.734,130025.85188
1632258000000,70.718,72.739,68.137,71.696,142119.389349
1632261600000,71.699,72.299,68.802,68.915,123626.834404
1632265200000,68.939,70.083,68.35,69.506,142272.753472
1632268800000,69.514,71.06,68.645,69.663,122253.924346
1632272400000,69.678,71.055,69.33,70.859,108042.826581
1632276000000,70.854,70.984,70.005,70.428,67448.241382
1632279600000,70.437,70.843,70.15,70.263,64875.880653
1632283200000,70.26,70.483,69.477,70.078,62205.356159
1632286800000,70.072,70.927,69.96,70.511,61149.274795
1632290400000,70.505,71.344,69.804,71.276,66892.706565
1632294000000,71.296,71.831,70.854,71.468,68276.993142
1632297600000,71.447,71.517,70.666,70.906,47883.211778
1632301200000,70.936,71.268,70.501,71.268,39554.207469
1632304800000,71.268,71.617,70.4,70.835,62856.71691
1632308400000,70.811,71.1,69.704,70.056,77296.865121
1632312000000,70.082,71.2,69.976,70.858,58879.061479
1632315600000,70.876,71.617,70.619,71.27,52441.711021
1632319200000,71.283,71.532,71.026,71.243,40335.737288
1632322800000,71.258,73.12,71.258,72.905,83388.934518
1632326400000,72.884,74.295,72.379,73.964,96726.091726
1632330000000,74.02,74.362,72.469,72.984,71264.839501
1632333600000,72.958,75,72.715,73.306,121899.755637
1632337200000,73.296,74.214,73.12,73.689,50706.898639
1632340800000,73.702,74.323,73.308,74.293,42961.325822
1632344400000,74.291,74.677,73.41,74.038,35687.238894
1632348000000,74.047,74.77,73.825,74.541,52429.551204
1632351600000,74.556,74.768,73.846,74.555,61486.115223
1632355200000,74.529,75.1,73.963,74.269,93282.786251
1632358800000,74.226,75.151,73.8,74.922,59130.086992
1632362400000,74.957,75.084,74.56,74.6,46619.109792
1632366000000,74.604,75.147,74.087,75.085,78942.267791
1632369600000,75.111,75.597,74.654,74.733,66444.72827
1632373200000,74.733,75.122,74.026,74.098,60195.434414
1632376800000,74.114,74.72,73.832,74.66,50640.741886
1632380400000,74.641,74.705,74.078,74.444,55748.952124
1632384000000,74.446,74.596,73.55,73.626,60265.61902
1632387600000,73.639,73.774,73.043,73.463,56147.714302
1632391200000,73.456,73.724,72.468,73.074,73090.607472
1632394800000,73.085,73.193,71.833,72.384,64653.218636
1632398400000,72.361,72.89,71.997,72.565,68623.804015
1632402000000,72.551,73.666,72.298,73.422,64534.351501
1632405600000,73.422,74.014,73.324,73.595,55814.024617
1632409200000,73.581,73.795,72.626,73.127,67696.634835
1632412800000,73.115,73.437,72.607,72.749,49425.463472
1632416400000,72.749,74.5,72.749,74.366,78763.713295
1632420000000,74.378,74.52,73.9,74.323,48296.941463
1632423600000,74.34,74.587,74.046,74.134,26836.981044
1632427200000,74.136,74.363,73.466,73.824,33972.458484
1632430800000,73.803,74.141,73.51,74.141,20003.786023
1632434400000,74.122,74.528,73.635,73.902,51219.351559
1632438000000,73.91,74.88,73.706,74.668,42838.07176
1632441600000,74.647,74.979,73.927,73.998,54962.859486
1632445200000,74.007,74.5,73.563,73.647,50508.399947
1632448800000,73.682,73.827,73.082,73.286,52679.937122
1632452400000,73.313,73.636,72.782,72.906,41863.593358
1632456000000,72.896,73.211,72.33,72.761,50589.214011
1632459600000,72.77,72.9,71.913,72.656,57316.679694
1632463200000,72.664,73.164,72.19,72.192,38260.40659
1632466800000,72.194,73.51,72.191,73.046,77806.245682
1632470400000,73.046,73.576,71.509,71.903,68060.562325
1632474000000,71.91,71.928,61,62.598,807163.512791
1632477600000,62.613,64.663,61.5,63.081,342195.171298
1632481200000,63.104,63.524,60.1,62.904,412171.028899
1632484800000,62.921,63.269,61.963,62.272,160835.738823
1632488400000,62.246,63.208,60.823,62.974,234449.992343
1632492000000,63.013,65,62.882,63.543,255428.650042
1632495600000,63.542,63.868,62.182,62.628,126231.688384
1632499200000,62.619,63.396,62.307,62.929,115359.75372
1632502800000,62.928,62.928,61.973,62.42,101724.250819
1632506400000,62.412,63.242,62.245,62.803,76281.286263
1632510000000,62.762,63.494,62.732,63.171,77038.084522
1632513600000,63.169,64.223,63.06,64.208,78742.893939
1632517200000,64.176,64.582,64.057,64.198,53825.840236
1632520800000,64.214,64.487,63.462,64.251,61527.859616
1632524400000,64.272,64.347,62.579,63.325,74681.101547
1632528000000,63.334,63.903,62.763,63.788,72274.021018
1632531600000,63.78,63.876,62.044,62.834,95569.168454
1632535200000,62.837,63.561,62.461,62.589,73659.719064
1632538800000,62.617,63.28,62.562,62.902,66768.771115
1632542400000,62.913,63.847,62.913,63.256,60213.92388
1632546000000,63.264,63.845,63.044,63.326,74304.198693
1632549600000,63.326,63.772,63.2,63.638,55564.687317
1632553200000,63.635,63.774,62.32,62.466,94337.439346
1632556800000,62.469,62.766,58.755,60.991,241356.281102
1632560400000,61.008,62.623,60.665,62.069,142892.653296
1632564000000,62.068,63.2,62.047,62.345,94049.627989
1632567600000,62.345,62.345,61.168,61.986,95702.490778
1632571200000,61.983,62.5,61.61,61.694,80468.220888
1632574800000,61.673,62.493,61.243,61.736,87357.260748
1632578400000,61.724,62.032,60.388,60.698,119022.877189
1632582000000,60.702,61.75,60.298,61.347,108590.970899
1632585600000,61.342,61.452,60.056,60.963,116094.440627
1632589200000,60.963,61.115,60.328,60.673,68792.682578
1632592800000,60.671,60.999,59.778,60.074,86595.06297
1632596400000,60.121,60.855,59.915,60.668,62898.085284
1632600000000,60.661,60.712,59.988,60.156,60321.49369
1632603600000,60.171,60.24,59.135,60.072,51714.957851
1632607200000,60.085,60.961,59.655,60.527,66682.553949
1632610800000,60.536,60.827,59.812,60.424,62397.542128
1632614400000,60.417,60.652,57.957,58.717,115813.001932
1632618000000,58.759,58.908,55.903,56.047,173525.020092
1632621600000,56.056,56.9,54.647,56.126,198378.408754
1632625200000,56.132,57.217,55.545,56.732,109134.577548
1632628800000,56.722,56.78,55.807,56.714,111266.280069
1632632400000,56.724,57.393,56.367,56.573,98297.796508
1632636000000,56.573,56.835,55.629,55.857,112896.976037
1632639600000,55.816,56.243,50,51.655,454331.628009
1632643200000,51.655,52.771,50.355,51.487,309370.472033
1632646800000,51.48,57.265,51.35,55.282,316860.770634
1632650400000,55.334,56.205,53.882,54.754,187426.049745
1632654000000,54.754,56.136,54.754,55.296,135237.526307
1632657600000,55.402,56.898,55.378,55.919,137864.235374
1632661200000,55.925,56.135,55.148,55.54,93889.736707
1632664800000,55.55,56.297,54.588,55.957,122944.692282
1632668400000,55.958,58.01,55.538,57.704,163690.897806
1632672000000,57.712,59.686,56.634,56.914,174241.974015
1632675600000,56.91,59.446,56.904,59.185,109131.55371
1632679200000,59.148,59.258,57.67,57.711,85786.494337
1632682800000,57.734,58.593,57.545,58.281,72777.256784
1632686400000,58.281,58.671,57.612,57.753,75929.760315
1632690000000,57.769,58.9,57.634,58.731,44528.712779
1632693600000,58.727,59.142,55.262,55.557,112640.470246
1632697200000,55.582,56.287,54.665,55.789,150771.14179
1632700800000,55.79,57.471,54.7,57.198,114009.093355
1632704400000,57.198,59.403,56.622,58.815,148694.142815
1632708000000,58.801,58.88,57.534,57.792,93979.860052
1632711600000,57.777,58.695,57.325,57.723,58777.174765
1632715200000,57.745,58.345,57.448,57.793,23771.791658
1632718800000,57.781,58.677,57.734,58.513,75118.938749
1632722400000,58.505,58.943,57.7,57.732,102725.726119
1632726000000,57.739,58.567,57.55,58.17,107005.962041
1632729600000,58.149,58.711,58.047,58.345,78003.685152
1632733200000,58.346,62.456,58.245,60.719,283850.516471
1632736800000,60.711,62.625,60.458,61.977,139239.856561
1632740400000,61.961,62.765,61.412,62.334,125649.191137
1632744000000,62.336,62.589,60.652,61.497,132147.441685
1632747600000,61.495,61.83,60.26,60.884,112454.014741
1632751200000,60.828,62.63,59.316,60.085,179165.01782
1632754800000,60.063,62.458,59.418,62.332,171619.839271
1632758400000,62.321,62.98,60.219,61.237,153854.919968
1632762000000,61.247,61.649,60.66,61.139,100192.990859
1632765600000,61.139,61.415,60.435,60.693,70222.779403
1632769200000,60.675,61.081,60.322,60.578,64424.068228
1632772800000,60.57,61.476,60.004,60.389,89613.429797
1632776400000,60.343,61.7,60.172,61.535,49717.566073
1632780000000,61.564,62.3,61.089,61.415,80176.897924
1632783600000,61.452,61.452,58.794,59.005,131763.386458
1632787200000,58.974,59.573,58.202,59.075,131968.695165
1632790800000,59.069,59.097,57.535,58.87,143673.658712
1632794400000,58.871,59.305,58.042,58.397,85755.261514
1632798000000,58.41,59.08,58.255,59.005,67344.16907
1632801600000,59.017,59.504,58.661,58.769,67495.895786
1632805200000,58.752,58.982,58.2,58.359,76097.157463
1632808800000,58.372,58.875,57.631,58.183,90474.125457
1632812400000,58.183,58.427,56.601,57.167,144422.797196
1632816000000,57.172,58.072,57.029,57.763,111619.442931
1632819600000,57.762,58.084,57.166,57.532,67824.845042
1632823200000,57.538,57.771,57.141,57.398,60713.148137
1632826800000,57.402,57.956,57.141,57.885,70034.233366
1632830400000,57.883,58.288,57.212,57.379,65490.755751
1632834000000,57.374,58.381,57.241,57.743,128481.405045
1632837600000,57.723,57.962,56.04,56.752,134458.315782
1632841200000,56.758,56.839,55.563,55.605,117312.06202
1632844800000,55.608,56.675,55.152,55.387,121895.145421
1632848400000,55.41,55.785,55.12,55.602,71198.789278
1632852000000,55.584,56.643,55.434,56.005,70971.657423
1632855600000,55.989,56.34,55.425,55.785,51292.052224
1632859200000,55.785,56.399,55.727,56.085,64394.729627
1632862800000,56.088,56.604,56.072,56.388,27254.839304
1632866400000,56.398,56.683,56.117,56.391,49680.233229
1632870000000,56.403,57.899,55.1,55.324,137954.966881
1632873600000,55.296,57.281,55.211,56.657,140930.526327
1632877200000,56.646,57.19,56.213,56.629,85607.589547
1632880800000,56.628,57.389,56.62,56.932,80566.157262
1632884400000,56.961,57.8,56.665,57.615,81895.469873
1632888000000,57.642,57.885,57.241,57.403,77870.402154
1632891600000,57.379,57.622,56.979,57.445,46900.833342
1632895200000,57.474,57.838,57.264,57.813,43596.308896
1632898800000,57.819,57.819,57.551,57.674,21835.321592
1632902400000,57.675,57.754,57.17,57.45,26650.389917
1632906000000,57.432,57.432,56.801,57.242,54931.317456
1632909600000,57.192,58.321,57.187,58.038,97648.240603
1632913200000,58.075,58.369,57.702,58.175,51231.338704
1632916800000,58.193,58.5,57.318,57.603,87579.963738
1632920400000,57.585,57.977,57.229,57.668,75052.898578
1632924000000,57.691,57.884,57.304,57.549,56592.287684
1632927600000,57.562,57.761,56.937,57.308,70863.204476
1632931200000,57.296,57.549,56.306,56.648,85997.658324
1632934800000,56.651,57.331,56.32,56.377,65796.498793
1632938400000,56.379,56.763,56.032,56.175,67766.959047
1632942000000,56.184,56.562,56.051,56.245,47654.014725
1632945600000,56.235,56.272,55.596,55.925,70904.445474
1632949200000,55.88,56.441,55.773,56.376,29668.735463
1632952800000,56.362,56.874,55.965,56.655,54143.884966
1632956400000,56.643,57.144,56.471,57.011,34600.899972
1632960000000,57.01,58.2,56.831,58.131,73762.667345
1632963600000,58.119,59.946,57.79,59.27,141436.945195
1632967200000,59.274,59.681,59.043,59.405,70717.006419
1632970800000,59.45,59.817,59.101,59.668,75282.61464
1632974400000,59.669,61.197,59.669,59.831,108297.210937
1632978000000,59.856,60.208,59.31,59.604,59672.286039
1632981600000,59.607,59.807,59.022,59.07,48645.228946
1632985200000,59.067,59.295,58.614,58.929,60074.657151
1632988800000,58.917,59.23,58.369,58.681,83915.239348
1632992400000,58.672,59.135,58.473,58.92,46240.561981
1632996000000,58.934,59.379,58.5,58.583,47259.277869
1632999600000,58.602,59.303,58.523,59.299,55571.600668
1633003200000,59.286,59.962,59.212,59.564,81940.393891
1633006800000,59.564,59.764,59.173,59.271,63106.491378
1633010400000,59.25,59.45,58.666,59.145,62908.297491
1633014000000,59.168,59.882,58.941,59.82,74978.58032
1633017600000,59.83,60.026,59.042,59.235,65375.722205
1633021200000,59.222,59.672,59.217,59.446,46742.145747
1633024800000,59.446,60.61,59.366,60.552,60201.923065
1633028400000,60.564,60.703,59.386,59.407,45073.902697
1633032000000,59.4,59.542,58.632,59.018,52847.111313
1633035600000,59.032,59.77,58.935,59.71,17974.540811
1633039200000,59.71,60.042,59.472,59.528,35484.179137
1633042800000,59.548,60.11,59.175,60.036,45778.612293
1633046400000,60.046,61.393,60.044,60.759,93673.785264
1633050000000,60.776,60.881,60.315,60.693,53380.224638
1633053600000,60.723,60.738,59.793,59.938,51420.576193
1633057200000,59.935,60.153,59.611,60.011,61603.186515
1633060800000,60.005,60.345,59.705,59.855,45986.55359
1633064400000,59.863,60.475,59.717,60.334,43830.643597
1633068000000,60.33,60.445,59.934,60.151,44824.137075
1633071600000,60.163,61.201,59.991,61.153,102136.505367
1633075200000,61.146,61.599,60.866,61.481,79889.242647
1633078800000,61.484,61.696,61.045,61.675,45858.432649
1633082400000,61.672,64.494,61.396,63.539,243197.943482
1633086000000,63.556,64.5,62.898,63.924,135617.981128
1633089600000,63.918,64.873,63.142,63.404,111261.986278
1633093200000,63.424,63.971,63.18,63.229,59936.409665
1633096800000,63.223,63.789,62.8,63.377,82430.005614
1633100400000,63.377,64.57,63.23,64.21,81737.573229
1633104000000,64.23,65.393,63.583,65.172,102930.646943
1633107600000,65.179,68.484,65.054,68.135,199914.349856
1633111200000,68.146,68.94,67.635,68.427,91274.96808
1633114800000,68.411,68.909,68.07,68.902,65793.083024
1633118400000,68.878,68.892,67.923,68.267,59733.240987
1633122000000,68.217,69.638,68.18,69.537,60140.434252
1633125600000,69.567,71.986,69.328,70.787,140770.185395
1633129200000,70.785,73.4,70.61,71.513,147811.22655
1633132800000,71.52,71.602,69.631,70.618,137131.20072
1633136400000,70.594,71.501,70.398,70.646,91530.780183
1633140000000,70.636,71.781,70.46,71.266,77378.730386
1633143600000,71.267,72.976,70.877,72.023,134778.772903
1633147200000,72.022,72.465,70.184,70.882,151493.696311
1633150800000,70.853,71.215,70.275,70.582,71395.114876
1633154400000,70.582,71.277,70.331,71.106,59584.600556
1633158000000,71.125,71.258,70.405,70.982,52746.918658
1633161600000,70.973,71.215,68.488,69.311,116166.195392
1633165200000,69.333,69.963,69.04,69.242,71635.082443
1633168800000,69.254,69.34,68.495,68.873,77590.516199
1633172400000,68.917,69.771,68.319,69.652,83272.321836
1633176000000,69.663,70.214,69.083,69.416,93210.311489
1633179600000,69.437,71.88,69.435,70.698,108922.979101
1633183200000,70.658,71.627,70.305,71.037,111365.656419
1633186800000,71.052,72.18,70.613,71.446,97950.3289
1633190400000,71.436,74,70.224,73.714,192944.755642
1633194000000,73.697,73.726,72.024,72.627,118017.582022
1633197600000,72.663,73.449,72.428,73.187,78013.446346
1633201200000,73.199,73.464,72.613,72.841,49984.394173
1633204800000,72.852,73.367,72.432,72.613,55169.641604
1633208400000,72.613,73.433,72.183,72.251,43330.381131
1633212000000,72.218,72.775,71.15,71.251,67147.65231
1633215600000,71.231,71.975,69.046,69.661,127529.129181
1633219200000,69.658,70.649,68,68.291,126677.814768
1633222800000,68.29,69.593,67.612,69.126,121734.706023
1633226400000,69.117,69.873,68.974,69.085,75056.68974
1633230000000,69.1,70.17,68.878,70.113,68941.44411
1633233600000,70.101,70.274,69.645,69.79,58304.295938
1633237200000,69.791,70.65,69.682,70.299,48377.642739
1633240800000,70.313,70.339,69.605,70.074,55439.359778
1633244400000,70.052,70.114,68.928,69.554,52419.496889
1633248000000,69.562,70.115,69.231,69.27,46357.350834
1633251600000,69.272,69.438,68.62,69.229,68666.767703
1633255200000,69.248,69.635,68.847,69.185,52267.266207
1633258800000,69.184,70.125,69.023,69.771,57059.620694
1633262400000,69.783,70.096,69.515,69.651,47559.68923
1633266000000,69.636,70.386,69.431,70.109,62144.868386
1633269600000,70.117,70.286,69.575,69.734,38633.364435
1633273200000,69.763,69.819,68.7,69.028,50098.693421
1633276800000,69.028,69.746,68.778,69.53,61790.211396
1633280400000,69.54,70.82,67.8,70.182,139669.773383
1633284000000,70.177,70.849,69.545,70.046,90678.939692
1633287600000,70.046,70.376,69.957,70.109,37139.046393
1633291200000,70.121,70.248,69.088,69.15,50531.428662
1633294800000,69.134,69.298,68.164,68.367,64308.113115
1633298400000,68.357,69.641,68.294,69.019,65220.155937
1633302000000,69.024,69.211,68.312,69.116,68047.322902
1633305600000,69.107,69.556,68.251,68.273,67072.148685
1633309200000,68.254,68.403,66.98,67.722,107814.644274
1633312800000,67.731,67.731,66.5,66.835,85994.377404
1633316400000,66.831,67.307,66.02,66.34,83767.568919
1633320000000,66.326,67.128,65.672,67.069,92691.699673
1633323600000,67.081,67.427,66.9,67.092,44267.060359
1633327200000,67.085,67.26,66.554,67.058,52819.874298
1633330800000,67.041,67.7,66.753,67.657,53954.771877
1633334400000,67.657,67.755,66.581,67.105,65659.771116
1633338000000,67.094,67.612,66.793,67.203,57058.219119
1633341600000,67.212,67.281,66.603,66.887,50135.376489
1633345200000,66.859,66.985,65.8,66.596,67585.921962
1633348800000,66.604,67.456,66.231,67.161,66919.525825
1633352400000,67.164,69.078,67.116,68.935,100777.262791
1633356000000,68.925,69.621,66.482,67.319,144230.810166
1633359600000,67.338,68.71,66.092,68.641,137343.118394
1633363200000,68.617,70.681,68.407,69.724,153897.02194
1633366800000,69.738,70.153,68.684,69.872,112605.031905
1633370400000,69.899,70.474,69.286,69.458,68916.625758
1633374000000,69.46,69.581,68.719,69.281,53092.316834
1633377600000,69.285,69.386,68.107,68.297,50024.906121
1633381200000,68.304,68.82,67.798,68.749,29807.864165
1633384800000,68.732,69.029,67.952,67.984,55585.819654
1633388400000,67.981,70.284,67.938,69.76,85059.17024
1633392000000,69.782,70.438,69.188,69.949,84862.638864
1633395600000,69.95,70.588,69.3,70.005,78679.995911
1633399200000,69.996,70.414,69.674,70.319,58506.119647
1633402800000,70.295,72.987,70.235,72.351,162296.805704
1633406400000,72.349,72.416,71.157,71.5,80598.503306
1633410000000,71.471,72.182,71.317,71.818,68350.228018
1633413600000,71.831,72.135,71.272,71.387,55633.430071
1633417200000,71.385,71.975,71.346,71.736,48394.863079
1633420800000,71.731,71.86,70.616,71.034,79030.818686
1633424400000,71.034,71.546,70.193,71.489,92515.226981
1633428000000,71.51,71.935,70.5,70.914,69792.687651
1633431600000,70.913,71.285,70.779,70.983,46567.294921
1633435200000,70.983,71.087,70.351,70.5,76759.011261
1633438800000,70.456,71.533,70.1,71.024,70288.010607
1633442400000,71.012,71.274,68.444,69.153,147563.144903
1633446000000,69.162,70.62,68.67,69.163,121523.211935
1633449600000,69.165,69.739,68.58,69.718,74619.014702
1633453200000,69.701,69.701,69.068,69.304,38522.614714
1633456800000,69.303,70.14,69.257,69.81,47696.57318
1633460400000,69.79,70.551,69.599,70.18,58040.952014
1633464000000,70.207,71.462,70.025,71.23,57437.049973
1633467600000,71.253,71.414,70.834,71.154,31576.408218
1633471200000,71.159,71.537,70.76,70.863,48074.02961
1633474800000,70.887,71.381,70.527,70.922,37214.79586
1633478400000,70.933,72.448,70.657,72.32,67531.324484
1633482000000,72.313,72.34,70.161,70.746,86512.080036
1633485600000,70.743,70.778,69.543,70.512,78013.434122
1633489200000,70.498,70.506,69.857,69.931,48456.141563
1633492800000,69.927,70.074,69.27,69.94,66104.240737
1633496400000,69.916,70.584,69.661,70.067,64941.688725
1633500000000,70.066,71.105,69.919,70.036,48736.016104
1633503600000,70.035,70.2,69.146,69.53,76103.802218
1633507200000,69.513,69.7,66.634,67.223,157561.783353
1633510800000,67.216,67.692,66.63,67.389,84703.388998
1633514400000,67.383,68.4,67.007,67.905,72653.182318
1633518000000,67.91,68.45,67.651,67.808,64165.191722
1633521600000,67.802,69.47,67.664,69.263,88365.952443
1633525200000,69.292,72,68.83,70.764,222153.634946
1633528800000,70.786,71.64,70.253,71.492,98460.501781
1633532400000,71.501,72,70.799,71.479,107889.317627
1633536000000,71.482,74.858,70.626,73.367,225490.218118
1633539600000,73.372,73.482,72.52,73.026,92556.647629
1633543200000,73.034,73.165,71.806,71.904,69216.779422
1633546800000,71.905,72.277,71.837,72.14,41589.492277
1633550400000,72.149,72.335,71,71.187,51255.341929
1633554000000,71.207,71.653,70.669,71.068,41057.380782
1633557600000,71.065,72.207,70.843,71.676,62631.836322
1633561200000,71.68,72.549,71.291,71.755,65731.299445
1633564800000,71.765,71.888,69.929,70.62,112920.612474
1633568400000,70.596,70.877,68.96,69.941,100184.901146
1633572000000,69.952,73.701,69.78,71.986,132082.131839
1633575600000,71.97,72.46,71.081,71.531,82086.093709
1633579200000,71.533,72.584,71.378,72.176,75804.493648
1633582800000,72.173,72.385,71.136,71.924,90040.796244
1633586400000,71.92,72.427,71.283,71.709,67772.600428
1633590000000,71.699,72.56,71.23,72.454,90874.620749
1633593600000,72.495,74.043,72.31,73.282,135447.898867
1633597200000,73.252,73.529,71.407,72.262,117891.774004
1633600800000,72.278,72.427,71.405,71.576,63744.762126
1633604400000,71.563,72.48,71.563,72.303,71971.289416
1633608000000,72.291,72.9,71.457,71.877,94205.793479
1633611600000,71.841,72.67,71.559,72.558,69753.206619
1633615200000,72.564,72.897,70.429,71.186,127882.424929
1633618800000,71.152,72.624,70.904,72.322,110388.907937
1633622400000,72.323,72.638,71.026,72.025,86250.119888
1633626000000,72.022,72.133,71.064,71.313,53080.989615
1633629600000,71.296,71.852,71.075,71.477,42866.546593
1633633200000,71.488,72.434,71.472,72.079,39398.661688
1633636800000,72.091,72.405,71.935,72.105,36991.907345
1633640400000,72.12,72.371,71.972,72.034,35211.288396
1633644000000,72.035,72.056,71.17,71.985,54083.982248
1633647600000,71.965,72.077,71.321,71.456,57525.178688
1633651200000,71.458,72.32,71.367,71.968,50612.61031
1633654800000,71.96,72.514,71.62,71.788,53897.673394
1633658400000,71.786,71.941,71.226,71.226,66651.243491
1633662000000,71.233,71.349,70.588,71.29,61766.993973
1633665600000,71.285,71.522,71.088,71.299,32339.396347
1633669200000,71.287,71.632,70.857,71.459,44038.665408
1633672800000,71.491,71.526,71.057,71.391,37375.409806
1633676400000,71.397,71.833,71.304,71.676,67017.023525
1633680000000,71.675,72.729,71.617,72.655,99810.236765
1633683600000,72.667,72.702,71.503,71.547,97715.946774
1633687200000,71.526,72.218,71.487,72.041,57121.940494
1633690800000,72.033,77.746,72.033,76.669,367681.243731
1633694400000,76.665,76.82,74.57,75.853,240098.464461
1633698000000,75.816,77.445,75.024,76.32,174486.765067
1633701600000,76.307,78.21,76.19,77.392,188157.357425
1633705200000,77.391,79.3,76.631,78.96,200164.391775
1633708800000,78.924,79.8,77.414,77.899,191380.86813
1633712400000,77.929,78.2,76.653,77.698,91453.728499
1633716000000,77.7,79.003,77.475,78.747,95390.383623
1633719600000,78.748,78.93,78.094,78.362,58432.700386
1633723200000,78.359,79.434,77.034,77.72,93584.236583
1633726800000,77.726,78.075,77.072,77.464,49064.098914
1633730400000,77.435,81.125,77.303,81.032,132527.059244
1633734000000,81.02,81.3,79,79.549,112782.07752
1633737600000,79.549,80.618,78.099,80.112,121530.345197
1633741200000,80.122,80.236,78.205,78.63,87764.961616
1633744800000,78.628,78.828,77.481,77.92,103502.834206
1633748400000,77.943,78.744,77.729,78.59,78283.171334
1633752000000,78.586,78.836,77.722,78.125,68644.599588
1633755600000,78.116,78.87,77.625,77.881,70474.559434
1633759200000,77.897,78.645,77.897,78.2,72980.79365
1633762800000,78.162,78.742,78.126,78.389,60146.622218
1633766400000,78.392,78.489,77.098,77.367,109322.565758
1633770000000,77.377,78.245,77.01,78.144,86352.002689
1633773600000,78.175,78.238,77.192,78.08,63093.351401
1633777200000,78.088,79.8,77.621,78.692,132951.056998
1633780800000,78.694,79.085,78.087,78.128,71186.776845
1633784400000,78.122,78.603,77.632,78.043,93067.423655
1633788000000,78.05,78.364,77.731,77.992,53018.418139
1633791600000,78.006,78.084,77.279,77.418,53642.678041
1633795200000,77.413,77.991,75.326,75.671,195166.376755
1633798800000,75.693,76.499,75.649,76.33,62435.05362
1633802400000,76.337,76.43,75.585,76.097,47464.314337
1633806000000,76.099,76.125,75.641,75.871,42087.023184
1633809600000,75.86,76.083,75.469,76.043,42047.452402
1633813200000,76.043,76.498,75.765,76.063,19500.471454
1633816800000,76.045,76.627,76,76.498,20353.102027
1633820400000,76.478,77.132,76.261,77.036,41155.314796
1633824000000,77.049,77.203,75.018,75.238,78321.454863
1633827600000,75.26,75.491,73.235,74.051,146456.549079
1633831200000,74.037,74.8,73.8,74.484,70463.649549
1633834800000,74.449,75.15,74.442,74.928,51956.119444
1633838400000,74.936,75.66,74.622,75.459,61568.606394
1633842000000,75.479,75.688,75.134,75.266,42467.983029
1633845600000,75.272,75.46,74.442,75.057,55280.323684
1633849200000,75.088,75.4,74.598,74.795,41054.803705
1633852800000,74.796,75.475,74.402,75.432,54191.063465
1633856400000,75.435,75.466,73.921,74.389,89033.259416
1633860000000,74.382,74.695,74.1,74.15,49348.141292
1633863600000,74.144,74.584,73.605,74.364,59051.79849
1633867200000,74.376,74.427,73.65,74.205,46648.335218
1633870800000,74.187,74.766,73.747,74.191,56784.442577
1633874400000,74.196,75.03,74.133,74.248,52966.151026
1633878000000,74.249,74.88,73.813,74.67,50542.767413
1633881600000,74.696,74.706,73.804,73.97,57328.39051
1633885200000,73.951,73.977,71.75,73.145,120079.315497
1633888800000,73.146,73.19,72.594,73.117,45648.940182
1633892400000,73.118,73.635,72.713,72.838,30160.415481
1633896000000,72.827,73.582,72.106,72.273,65636.795181
1633899600000,72.271,72.273,69.473,71.033,148187.843725
1633903200000,71.024,71.477,70.396,71.239,62396.175065
1633906800000,71.237,71.375,69.103,69.814,99367.047643
1633910400000,69.822,71.197,68.948,71.001,121725.526706
1633914000000,71.001,71.961,70.744,70.889,63092.218141
1633917600000,70.895,71.558,70.895,71.345,58399.354841
1633921200000,71.35,72.297,71.17,72.196,75958.169962
1633924800000,72.183,72.779,72.057,72.172,57155.305552
1633928400000,72.174,72.212,71.613,71.875,50761.941052
1633932000000,71.901,72.212,71.8,71.849,43670.802977
1633935600000,71.835,72.932,71.831,72.766,63382.778174
1633939200000,72.751,73.366,72.454,72.705,63759.680242
1633942800000,72.727,72.939,71.952,72.108,50761.320501
1633946400000,72.131,72.41,71.036,71.144,51257.577292
1633950000000,71.173,71.38,69.52,70.558,131651.368904
1633953600000,70.569,71.463,70.236,71.267,64585.909747
1633957200000,71.28,72.34,71.047,71.776,82951.019605
1633960800000,71.79,71.865,70.68,71.458,79758.364504
1633964400000,71.469,71.527,70.786,70.806,55133.795615
1633968000000,70.796,73.878,70.552,71.52,160391.642202
1633971600000,71.53,74.6,71.105,73.668,203843.284053
1633975200000,73.704,73.741,72.348,72.995,75891.373053
1633978800000,72.986,74.741,72.782,72.808,101169.656077
1633982400000,72.845,73.192,71.888,71.99,82123.824914
1633986000000,72,72.767,71.575,72.583,44091.840868
1633989600000,72.58,74.9,72.33,73.376,65555.209042
1633993200000,73.384,73.58,72.602,73.484,52643.216406
1633996800000,73.49,73.526,71.457,73.241,98722.932467
1634000400000,73.242,73.262,72.104,72.468,44091.761007
1634004000000,72.485,72.679,71.444,71.872,69193.993574
1634007600000,71.866,71.866,70.418,70.944,84550.006821
1634011200000,70.957,71.576,70.537,71.376,41195.126457
1634014800000,71.376,71.433,69.924,71.217,78051.237809
1634018400000,71.237,71.316,70.285,70.583,56812.040013
1634022000000,70.596,71.031,70.41,70.776,45178.71007
1634025600000,70.779,72.28,70.335,71.044,100977.409283
1634029200000,71.054,71.054,66.761,68.302,153525.877247
1634032800000,68.327,68.778,67.211,68.395,131069.029492
1634036400000,68.395,68.9,67.807,68.645,63975.659213
1634040000000,68.645,68.821,66.144,67.15,127289.911037
1634043600000,67.15,69.303,67.129,68.838,142946.282508
1634047200000,68.838,69.44,67.756,68.203,106809.416769
1634050800000,68.217,68.985,67.506,68.905,88022.244884
1634054400000,68.909,69.247,68.16,68.898,80979.126612
1634058000000,68.876,69.084,67.875,67.991,53608.557369
1634061600000,67.97,68.78,67.97,68.433,35216.654431
1634065200000,68.42,69.058,68.212,68.224,39912.172537
1634068800000,68.211,69.573,67.525,68.952,86474.66928
1634072400000,68.953,69.398,68.705,68.966,30820.639793
1634076000000,68.963,69.647,68.954,69.306,39187.892274
1634079600000,69.304,69.867,69.135,69.814,44986.020596
1634083200000,69.801,70.639,69.267,70.494,69932.424046
1634086800000,70.508,70.762,69.759,69.881,61488.212286
1634090400000,69.873,70.239,69.832,69.984,48896.570645
1634094000000,69.985,70.04,68.526,68.677,71826.210738
1634097600000,68.675,69.369,68.11,69.012,74626.007429
1634101200000,69.009,69.252,60.535,61.011,238375.173684
1634104800000,61.017,65.277,60.632,64.132,313592.55596
1634108400000,64.123,64.359,63.512,63.702,150844.116839
1634112000000,63.702,64.983,63.549,63.901,152743.382736
1634115600000,63.912,64.782,63.712,64.684,92624.626782
1634119200000,64.651,65.635,64.452,64.702,113816.962812
1634122800000,64.73,65.572,64.566,65.392,69305.058499
1634126400000,65.403,65.415,64.61,64.993,73064.865861
1634130000000,64.966,65.391,64.636,64.776,57298.183815
1634133600000,64.77,65.373,64.063,65.171,100324.238865
1634137200000,65.187,66.98,65.062,66.735,119791.658907
1634140800000,66.717,67.811,65.968,66.471,145716.329634
1634144400000,66.487,68.472,66.487,68.099,137433.406007
1634148000000,68.088,68.312,65.471,66.838,155580.836695
1634151600000,66.843,67.39,66.344,66.895,84387.388043
1634155200000,66.901,68.041,66.796,67.29,69109.645409
1634158800000,67.304,67.774,67.036,67.236,28982.145155
1634162400000,67.233,68.3,66.937,68.157,49967.377082
1634166000000,68.161,68.372,67.52,68.301,47253.667628
1634169600000,68.3,68.791,67.203,67.583,76324.45789
1634173200000,67.604,68.723,67.449,68.708,84851.266269
1634176800000,68.728,69.937,68.244,68.9,111864.421472
1634180400000,68.901,69.8,68.901,69.157,78094.773342
1634184000000,69.16,71.091,69.16,70.094,111702.062024
1634187600000,70.073,70.316,69.543,69.695,52977.042133
1634191200000,69.69,70.313,69.531,69.829,52696.184163
1634194800000,69.832,70.064,69,69.1,68636.557796
1634198400000,69.113,69.749,69.101,69.581,37302.677309
1634202000000,69.561,71.554,69.245,70.43,130600.894395
1634205600000,70.446,70.872,69.87,70.424,53183.221268
1634209200000,70.423,70.924,70.231,70.68,76411.185808
1634212800000,70.691,71.34,70.411,70.586,71876.651073
1634216400000,70.584,71.399,70.336,70.836,64715.83925
1634220000000,70.839,71.39,70.072,70.316,76482.685635
1634223600000,70.31,70.966,69.3,70.867,88102.917153
1634227200000,70.892,71.327,69.443,69.59,73923.315913
1634230800000,69.604,71.277,69.568,71.122,45296.879372
1634234400000,71.113,71.892,70.52,71.175,84624.138861
1634238000000,71.165,71.382,70.242,70.758,38906.38262
1634241600000,70.744,70.755,70.004,70.411,21936.050189
1634245200000,70.416,70.986,70.416,70.918,20936.497307
1634248800000,70.916,70.993,70.18,70.262,23651.476489
1634252400000,70.262,70.408,69.704,70.37,36006.444973
1634256000000,70.373,70.375,68.36,68.783,85166.448979
1634259600000,68.773,68.997,67.5,68.53,74133.151288
1634263200000,68.504,69.891,67,69.824,124380.081919
1634266800000,69.828,70,69.369,69.449,68245.743447
1634270400000,69.45,69.526,68.844,69.271,70042.066382
1634274000000,69.257,69.883,69.066,69.564,60199.087055
1634277600000,69.574,69.709,68.87,69.455,55775.044607
1634281200000,69.451,69.505,68.906,68.934,41794.473066
1634284800000,68.938,69.085,65.6,66.307,212635.875142
1634288400000,66.297,66.625,65.029,66.438,145357.092627
1634292000000,66.426,66.58,65.44,66.561,86027.280759
1634295600000,66.555,67.393,66.319,66.743,63690.508979
1634299200000,66.731,67.172,66.564,66.649,45458.720249
1634302800000,66.65,67.08,66.261,67.033,61659.021185
1634306400000,67.046,67.57,66.722,66.961,74640.465934
1634310000000,66.952,67.66,66.78,67.044,60026.623945
1634313600000,67.047,68.165,66.803,67.915,90625.44991
1634317200000,67.919,68.717,67.688,68.228,77439.011716
1634320800000,68.237,68.695,68.237,68.42,43303.91312
1634324400000,68.413,68.968,68.08,68.468,35330.171163
1634328000000,68.468,68.918,68.169,68.596,74984.330274
1634331600000,68.599,68.702,67.693,67.885,40347.905528
1634335200000,67.89,68.069,67.53,67.545,31230.96104
1634338800000,67.546,67.648,67.026,67.33,46131.484419
1634342400000,67.323,68.759,67.266,68.113,80966.475655
1634346000000,68.086,68.45,67.374,67.859,45787.763229
1634349600000,67.84,68.178,67.593,67.953,64839.482502
1634353200000,67.949,67.987,67.164,67.368,46162.667531
1634356800000,67.371,67.669,67.18,67.403,39040.622037
1634360400000,67.401,67.969,67.265,67.644,36875.30451
1634364000000,67.638,67.826,67.449,67.468,27451.676606
1634367600000,67.474,67.59,67.111,67.411,37005.742415
1634371200000,67.412,68.249,67.278,68.125,54950.317512
1634374800000,68.12,68.217,67.8,68.005,37938.957275
1634378400000,68.015,68.574,67.86,68.049,42379.73244
1634382000000,68.054,68.474,68.022,68.33,36667.938771
1634385600000,68.33,69.248,67.089,67.344,122119.313951
1634389200000,67.344,68.026,67.2,67.861,48918.956045
1634392800000,67.877,67.98,67.138,67.42,48561.661819
1634396400000,67.412,67.777,67.184,67.58,34584.071834
1634400000000,67.58,67.707,67.119,67.235,34415.547939
1634403600000,67.239,67.287,66.001,66.68,79045.123016
1634407200000,66.658,66.845,66.412,66.643,29923.286561
1634410800000,66.645,66.758,66.464,66.511,18714.599023
1634414400000,66.505,66.877,66.148,66.697,24619.364965
1634418000000,66.69,66.757,66.2,66.203,12682.299092
1634421600000,66.203,66.788,66.08,66.616,21031.2564
1634425200000,66.618,66.838,66.4,66.524,25975.440469
1634428800000,66.527,66.632,65.372,66.159,68747.81148
1634432400000,66.164,66.552,66.085,66.352,30434.599734
1634436000000,66.35,66.391,66.006,66.123,29073.863076
1634439600000,66.119,66.705,66.058,66.556,30647.038963
1634443200000,66.555,67.114,66.334,66.429,45275.283562
1634446800000,66.428,66.548,66.2,66.24,26912.786722
1634450400000,66.241,66.447,66.127,66.23,23123.442817
1634454000000,66.225,66.562,65.651,65.708,32003.410444
1634457600000,65.713,66.15,65.713,65.846,39596.909622
1634461200000,65.838,66.253,65.754,66.111,26515.572144
1634464800000,66.11,66.15,65.818,65.829,26050.961146
1634468400000,65.835,66.099,65.18,65.343,46387.233047
1634472000000,65.356,65.731,65.08,65.648,33686.813787
1634475600000,65.657,65.67,65.025,65.39,53924.830571
1634479200000,65.394,65.554,65.078,65.208,27984.356921
1634482800000,65.197,65.319,62.9,63.922,152868.437972
1634486400000,63.917,64.353,63.734,64.302,49669.462712
1634490000000,64.301,64.589,64.225,64.589,26778.090307
1634493600000,64.588,64.733,64.509,64.694,21464.281896
1634497200000,64.692,64.717,63.828,64.253,37966.571261
1634500800000,64.245,64.245,61.127,62.218,187057.089391
1634504400000,62.212,63.5,62.067,63.403,49472.567482
1634508000000,63.395,63.928,63.153,63.364,64029.433939
1634511600000,63.365,63.934,62.814,63.901,79140.459824
1634515200000,63.884,65.075,63.371,64.51,83671.95936
1634518800000,64.528,64.771,64.199,64.238,40969.50875
1634522400000,64.242,64.408,63.838,63.992,50468.631734
1634526000000,63.995,64.152,63.188,63.47,51448.969243
1634529600000,63.47,63.838,63.359,63.703,53163.084839
1634533200000,63.706,63.727,63.278,63.585,30735.745777
1634536800000,63.58,64.177,63.394,64.014,40641.852165
1634540400000,64.015,64.272,63.255,63.413,52032.141346
1634544000000,63.419,63.967,63.107,63.263,60405.032742
1634547600000,63.255,63.692,62.125,62.764,84921.690987
1634551200000,62.751,63.549,62.496,63.442,63569.671434
1634554800000,63.426,63.429,62.32,62.879,54767.811253
1634558400000,62.884,63.016,62,62.346,70522.006426
1634562000000,62.335,62.878,61.4,62.759,106177.462368
1634565600000,62.786,63.081,62.167,62.7,58065.667085
1634569200000,62.703,62.78,62.161,62.595,46579.309631
1634572800000,62.592,62.727,61.653,62.055,65614.119838
1634576400000,62.041,62.318,61.798,62.026,37777.78473
1634580000000,62.026,62.727,61.961,62.373,30196.977726
1634583600000,62.372,62.67,61.826,62.601,41722.131641
1634587200000,62.602,63.159,62.321,62.702,34920.302321
1634590800000,62.706,62.944,62.544,62.944,23610.313887
1634594400000,62.952,63.592,62.612,62.906,45461.057585
1634598000000,62.917,63.546,62.842,63.473,39148.398517
1634601600000,63.474,63.547,62.834,62.872,41944.313806
1634605200000,62.873,63.46,62.702,63.459,42822.003128
1634608800000,63.46,63.5,63.08,63.122,39403.081568
1634612400000,63.127,64.081,63.057,63.934,67921.398343
1634616000000,63.938,64.12,63.653,63.709,34893.679003
1634619600000,63.715,63.856,63.5,63.704,32192.250477
1634623200000,63.703,63.752,63.046,63.11,38835.689088
1634626800000,63.115,63.37,62.768,63.37,36234.695557
1634630400000,63.381,63.387,62.684,63.256,44613.356261
1634634000000,63.275,63.285,62.915,63.012,22213.82716
1634637600000,63.012,63.165,62.902,63.048,25660.915066
1634641200000,63.046,63.744,62.963,63.256,38296.356395
1634644800000,63.257,63.59,63.026,63.316,38956.12801
1634648400000,63.308,63.691,63.015,63.115,70820.926281
1634652000000,63.118,63.168,62.043,62.755,86097.13601
1634655600000,62.76,62.829,62.354,62.373,46426.168944
1634659200000,62.372,63.264,62.349,63.146,46122.448938
1634662800000,63.153,63.5,63.092,63.298,40522.07316
1634666400000,63.296,63.35,62.891,62.975,28866.676243
1634670000000,62.981,63.183,62.737,62.842,34890.81151
1634673600000,62.839,62.933,62.531,62.532,21821.492806
1634677200000,62.532,63.144,62.474,62.968,16350.301235
1634680800000,62.99,63.431,62.98,63.278,32326.587401
1634684400000,63.27,63.323,62.912,62.941,32530.078642
1634688000000,62.935,63.068,62.599,62.696,53202.04744
1634691600000,62.689,63.049,62.558,62.672,46233.045502
1634695200000,62.675,62.855,62.57,62.604,29249.857195
1634698800000,62.604,62.722,62.522,62.534,24651.20643
1634702400000,62.532,62.961,62.532,62.768,29830.853028
1634706000000,62.761,62.986,62.573,62.694,30255.093257
1634709600000,62.701,62.893,62.574,62.655,28742.779294
1634713200000,62.655,62.891,62.592,62.891,26772.648297
1634716800000,62.89,62.961,62.818,62.857,31793.155407
1634720400000,62.86,66.302,62.86,65.508,189469.957423
1634724000000,65.521,66.414,64.944,65.245,101906.907058
1634727600000,65.26,66.135,65.088,65.896,60079.037229
1634731200000,65.9,66.321,65.463,65.812,80497.013586
1634734800000,65.824,66.848,65.778,66.597,131556.096918
1634738400000,66.593,68.229,66.066,67.304,151475.593428
1634742000000,67.304,67.981,66.551,67.338,98420.946428
1634745600000,67.347,67.924,66.924,67.493,90407.808007
1634749200000,67.475,67.533,66.442,66.938,66533.528223
1634752800000,66.952,67.379,66.927,67.024,42290.35773
1634756400000,67.025,67.53,66.925,67.274,43656.404588
1634760000000,67.283,67.522,66.264,67.073,53401.599778
1634763600000,67.074,67.337,66.8,66.91,27006.580782
1634767200000,66.909,67.101,66.526,66.54,44809.861823
1634770800000,66.544,67.089,66.529,67.069,37188.993646
1634774400000,67.07,68,66.5,67.427,70274.727752
1634778000000,67.421,68.139,66.484,66.843,83583.031853
1634781600000,66.833,68,65.3,66.784,138308.287574
1634785200000,66.777,66.928,66.344,66.787,58235.653722
1634788800000,66.787,66.86,66.37,66.697,36827.184939
1634792400000,66.69,66.806,66.471,66.481,35133.152967
1634796000000,66.476,66.691,65.808,66.24,57055.243847
1634799600000,66.23,66.629,66,66.418,38156.216012
1634803200000,66.418,67.326,66.385,67.057,55835.75668
1634806800000,67.052,67.673,67.034,67.333,83994.70777
1634810400000,67.336,68.084,67.018,67.741,58359.72604
1634814000000,67.742,68.147,66.206,66.382,152173.645153
1634817600000,66.401,66.949,65.93,66.748,83549.650478
1634821200000,66.752,67.196,66.513,66.619,68664.284253
1634824800000,66.613,66.818,65,65.255,131014.55637
1634828400000,65.276,65.59,63.21,64.357,172582.741266
1634832000000,64.358,64.983,64.204,64.439,71459.471596
1634835600000,64.439,64.887,63.979,64.022,51757.058835
1634839200000,64.018,64.719,64.018,64.184,39892.195538
1634842800000,64.183,64.808,64.148,64.29,39589.151109
1634846400000,64.279,64.517,63.969,64.29,49729.683163
1634850000000,64.287,64.716,64.25,64.701,21939.848231
1634853600000,64.69,64.819,63.875,63.939,46097.569022
1634857200000,63.934,64.116,63.52,63.627,56816.518379
1634860800000,63.628,64.474,63.623,64.385,62088.083064
1634864400000,64.377,64.908,64.22,64.753,52454.31209
1634868000000,64.731,65.3,64.631,64.793,51728.607112
1634871600000,64.816,65.264,64.815,65.264,36946.111338
1634875200000,65.264,65.283,64.672,64.774,30217.318638
1634878800000,64.774,65.09,64.448,64.964,41237.312044
1634882400000,64.97,65.167,64.464,64.864,40162.695309
1634886000000,64.873,65.3,64.578,65.177,49117.565478
1634889600000,65.155,65.398,64.911,65.133,40423.907211
1634893200000,65.133,65.221,64.737,64.847,39683.472661
1634896800000,64.857,64.908,64.284,64.752,42737.607232
1634900400000,64.766,65.115,64.671,65.088,31792.7237
1634904000000,65.084,65.133,64.618,65.065,31664.925401
1634907600000,65.075,66.932,64.846,65.558,106875.993831
1634911200000,65.553,65.804,64.005,65.68,122366.089545
1634914800000,65.698,66.136,65.05,65.537,98025.115286
1634918400000,65.535,66.616,64.766,66.002,141761.825563
1634922000000,66.002,66.067,65.309,65.412,57008.096772
1634925600000,65.407,65.882,65.216,65.419,43006.687333
1634929200000,65.411,65.838,65.274,65.827,41970.320395
1634932800000,65.832,66.115,65.686,65.776,39300.315575
1634936400000,65.762,65.92,65.101,65.347,22990.277277
1634940000000,65.342,66.16,65.218,66.102,37816.888005
1634943600000,66.099,66.419,65.856,65.972,46410.528114
1634947200000,65.955,66.127,65.372,66.124,50122.78631
1634950800000,66.127,66.4,65.716,66.021,38714.703633
1634954400000,66.027,66.248,65.8,65.938,29774.167409
1634958000000,65.945,65.966,65.396,65.626,39577.167169
1634961600000,65.627,65.871,65.497,65.726,31846.016715
1634965200000,65.727,65.765,65,65.13,32823.845889
1634968800000,65.156,65.472,64.932,65.364,29672.27486
1634972400000,65.361,65.372,64.821,65.208,36157.472091
1634976000000,65.193,65.445,65.126,65.198,30358.630802
1634979600000,65.209,65.305,64.54,64.886,48235.50386
1634983200000,64.886,64.979,64.32,64.334,40077.727439
1634986800000,64.332,65.083,63.982,64.893,77756.056983
1634990400000,64.904,65.115,64.722,64.973,34783.335704
1634994000000,64.976,65.03,64.588,64.743,32687.077562
1634997600000,64.764,64.964,64.5,64.704,30928.98771
1635001200000,64.702,65.115,64.573,65.002,47161.451879
1635004800000,65.003,65.12,64.318,64.385,53509.450017
1635008400000,64.385,64.473,64.096,64.397,37840.030765
1635012000000,64.399,64.588,64.2,64.344,30277.504527
1635015600000,64.343,64.399,64.184,64.211,19902.588478
1635019200000,64.213,64.48,64.096,64.433,16814.429713
1635022800000,64.43,64.636,64.301,64.504,14827.825206
1635026400000,64.504,64.672,64.366,64.401,25382.200305
1635030000000,64.404,65.048,64.394,64.805,38441.665623
1635033600000,64.805,65.15,64.316,64.684,54842.280309
1635037200000,64.675,64.782,64.444,64.445,24792.018415
1635040800000,64.441,64.686,64.274,64.497,30687.569578
1635044400000,64.483,64.634,64.259,64.634,36407.243406
1635048000000,64.631,64.73,64.393,64.489,27948.389118
1635051600000,64.487,64.748,64.413,64.492,21162.78772
1635055200000,64.482,64.727,64.279,64.417,38803.188485
1635058800000,64.409,64.519,64.32,64.379,20632.356813
1635062400000,64.379,64.441,64.01,64.052,34938.556181
1635066000000,64.055,64.701,63.974,64.329,46313.400894
1635069600000,64.34,64.591,64.273,64.273,28916.980254
1635073200000,64.277,64.344,60.6,62.878,162300.438089
1635076800000,62.857,63.297,62.252,63.245,125775.5032
1635080400000,63.236,63.454,63.056,63.06,57995.643989
1635084000000,63.06,63.187,62.769,62.863,52672.163943
1635087600000,62.862,63.017,62.1,62.414,99383.712846
1635091200000,62.401,62.967,62.116,62.824,82754.648906
1635094800000,62.828,62.961,62.587,62.692,29885.996742
1635098400000,62.679,62.679,61.2,61.586,86676.54726
1635102000000,61.561,62.27,61.545,62.074,65387.039818
1635105600000,62.085,62.551,62.085,62.551,38687.610357
1635109200000,62.552,63.028,62.519,62.797,36085.635714
1635112800000,62.788,63.083,62.76,62.811,32985.359902
1635116400000,62.825,62.871,62.393,62.587,33997.298027
1635120000000,62.596,63.85,62.271,63.43,81362.21376
1635123600000,63.438,63.818,63.438,63.541,35869.004508
1635127200000,63.542,63.596,63.127,63.37,27679.317293
1635130800000,63.371,63.62,63.188,63.361,34005.502153
1635134400000,63.357,63.509,63.031,63.455,29945.138303
1635138000000,63.474,63.477,63.025,63.075,28471.373583
1635141600000,63.088,63.359,62.914,63.114,27607.698592
1635145200000,63.11,63.507,63.108,63.366,36503.227197
1635148800000,63.366,63.604,63.209,63.275,42620.77768
1635152400000,63.274,64.2,63.269,63.645,41778.121195
1635156000000,63.643,64.9,63.634,64.355,79633.476253
1635159600000,64.344,64.454,63.993,64.286,43033.864905
1635163200000,64.286,64.341,63.922,64.017,22817.424716
1635166800000,64.02,64.198,63.553,64.156,58018.870511
1635170400000,64.171,64.25,63.787,63.859,37578.482976
1635174000000,63.859,64.139,63.708,64.031,51589.411989
1635177600000,64.038,65.4,63.8,64.654,93541.845318
1635181200000,64.66,64.725,63.929,64.339,51995.349624
1635184800000,64.328,64.403,63.775,64.085,28935.019713
1635188400000,64.083,64.155,63.852,64.12,22633.077336
1635192000000,64.126,64.658,64.085,64.256,23706.223933
1635195600000,64.265,64.534,64,64.024,18045.865197
1635199200000,64.026,64.039,63.318,63.833,48126.080959
1635202800000,63.837,64.096,63.73,63.954,28739.579617
1635206400000,63.948,64.808,63.709,64.807,62870.245702
1635210000000,64.808,64.849,64.308,64.35,33515.665905
1635213600000,64.363,65.092,64.304,65.056,56920.945919
1635217200000,65.06,65.092,64.622,64.941,27384.007166
1635220800000,64.942,65.228,64.374,64.571,54674.768216
1635224400000,64.572,64.778,64.418,64.493,36602.048795
1635228000000,64.492,64.533,64.04,64.289,40722.667565
1635231600000,64.29,64.329,64.082,64.327,38943.221403
1635235200000,64.329,64.687,64.191,64.6,47654.752571
1635238800000,64.6,64.682,64.252,64.679,27854.588922
1635242400000,64.682,64.945,64.554,64.807,39419.994087
1635246000000,64.78,64.822,64.466,64.62,36123.247442
1635249600000,64.616,64.987,64.315,64.589,54594.194064
1635253200000,64.578,64.84,64.431,64.472,45545.311332
1635256800000,64.475,64.478,62.484,63.486,150444.104154
1635260400000,63.477,63.756,63.227,63.455,69474.102524
1635264000000,63.444,63.485,62.956,63.062,64040.970405
1635267600000,63.068,63.507,62.961,63.469,35997.597138
1635271200000,63.472,63.776,63.454,63.639,39541.549837
1635274800000,63.658,63.841,63.584,63.752,23314.508183
1635278400000,63.759,64.117,63.627,63.984,33906.218081
1635282000000,63.987,64.268,63.076,63.35,37641.701512
1635285600000,63.346,63.566,62,62.599,110546.28218
1635289200000,62.565,63.035,62.433,62.852,41215.010918
1635292800000,62.847,63.198,62.54,63.127,39169.776798
1635296400000,63.133,63.2,62.782,62.782,31005.1354
1635300000000,62.782,62.815,61.993,62.058,97785.532619
1635303600000,62.053,62.471,61.62,62.379,61078.801041
1635307200000,62.375,62.777,61.928,62.601,77607.399684
1635310800000,62.57,62.7,62.2,62.294,56889.387764
1635314400000,62.293,62.559,62.105,62.237,51762.108308
1635318000000,62.235,62.309,60.4,61.051,148644.205621
1635321600000,61.051,61.08,51.5,57.185,867194.733908
1635325200000,57.17,57.17,55.4,56.521,278837.625631
1635328800000,56.533,57.125,55.674,56.997,170905.443139
1635332400000,56.99,57.57,56.42,56.535,114733.208724
1635336000000,56.499,57.162,56.21,57.148,101401.651209
1635339600000,57.147,57.252,56.644,56.712,91871.737036
1635343200000,56.708,57.968,56.19,57.514,124865.993869
1635346800000,57.511,57.623,56.834,57.09,77545.034142
1635350400000,57.069,57.444,56.387,57.03,93833.434784
1635354000000,57.022,57.349,56.625,56.717,62618.72012
1635357600000,56.739,57.097,56.346,56.378,48803.962167
1635361200000,56.379,56.506,55.35,56.316,93180.570962
1635364800000,56.326,56.899,55.889,56.37,68268.404153
1635368400000,56.379,56.728,56.306,56.432,33886.978516
1635372000000,56.426,56.51,55.691,55.98,50748.416326
1635375600000,55.99,56.234,55.158,55.403,77992.027429
1635379200000,55.426,56.172,55.152,55.256,93801.640344
1635382800000,55.255,55.962,55.179,55.929,69809.788865
1635386400000,55.925,55.925,55.153,55.26,85978.774272
1635390000000,55.259,55.575,54.622,55.02,102167.51264
1635393600000,55.013,55.694,54.946,55.108,125153.012793
1635397200000,55.101,55.998,55.064,55.913,80957.114074
1635400800000,55.906,57.5,52.69,55.992,211517.734331
1635404400000,56,56.376,55.7,56.219,81567.378926
1635408000000,56.209,59.073,56.2,58.726,169030.492397
1635411600000,58.763,58.932,57.853,58.125,95002.612876
1635415200000,58.127,58.358,57.673,57.815,59384.563952
1635418800000,57.815,57.932,57.432,57.537,53468.363223
1635422400000,57.537,57.989,57.301,57.781,40822.673586
1635426000000,57.779,58.78,57.559,58.363,65841.033106
1635429600000,58.366,58.395,57.777,58.349,47686.381151
1635433200000,58.35,59.212,58.185,58.892,61716.326346
1635436800000,58.87,58.939,58.2,58.345,56524.987898
1635440400000,58.344,58.537,57.908,58.242,46409.642104
1635444000000,58.235,58.656,57,57.639,119949.962303
1635447600000,57.635,58.754,57.5,58.668,60778.751243
1635451200000,58.656,59.034,58.259,58.321,46575.942861
1635454800000,58.298,58.311,57.598,57.679,29506.416602
1635458400000,57.681,58.068,57.61,57.88,31142.594766
1635462000000,57.896,58.438,57.673,58.126,37290.276948
1635465600000,58.12,59.172,57.847,59.103,66507.174191
1635469200000,59.105,62.92,58.88,62.156,224473.35811
1635472800000,62.151,62.5,61.359,61.688,64774.15074
1635476400000,61.703,61.769,61.136,61.681,52448.513176
1635480000000,61.681,61.738,60.7,60.795,46918.910051
1635483600000,60.798,60.985,59.802,60.256,70256.976322
1635487200000,60.245,60.766,59.856,60.599,50665.484793
1635490800000,60.59,60.591,59.022,59.449,87363.129734
1635494400000,59.465,60.18,59.267,59.974,57097.733439
1635498000000,59.969,60.236,59.444,59.547,47835.132275
1635501600000,59.559,59.844,59.325,59.501,38498.668264
1635505200000,59.493,59.734,58.426,59.325,83616.420599
1635508800000,59.342,59.519,58,59.027,62342.999615
1635512400000,59.023,59.785,58.727,59.72,49551.748275
1635516000000,59.723,59.759,58.94,59.193,52339.704329
1635519600000,59.2,60.433,59.113,60.216,68126.370242
1635523200000,60.201,60.556,59.92,60.067,72394.233012
1635526800000,60.063,60.089,59.682,59.715,29139.121482
1635530400000,59.708,59.755,59.102,59.17,32291.115859
1635534000000,59.183,59.5,58.982,59.398,23600.635367
1635537600000,59.398,60.477,59.297,59.833,37344.060103
1635541200000,59.828,60.032,59.624,59.681,18788.200097
1635544800000,59.679,60.2,59.607,60.18,26007.889939
1635548400000,60.197,60.306,59.723,60.198,23498.246747
1635552000000,60.214,60.225,59.464,59.606,43230.364758
1635555600000,59.611,59.749,59.159,59.263,30184.32589
1635559200000,59.257,59.316,58.946,59.016,33354.367923
1635562800000,59.004,59.216,58.6,59.089,37293.66343
1635566400000,59.086,59.428,58.769,58.88,27198.622419
1635570000000,58.873,59.205,58.769,59.147,24246.453787
1635573600000,59.129,59.338,58.909,59.21,25951.391714
1635577200000,59.201,59.457,58.975,59.457,20864.367548
1635580800000,59.451,59.452,58.711,58.833,35362.109492
1635584400000,58.833,59.302,58.783,59.09,23386.988265
1635588000000,59.079,59.488,58.888,59.471,27995.636608
1635591600000,59.476,59.649,59.216,59.461,25282.906598
1635595200000,59.443,59.443,58.965,58.973,31515.350519
1635598800000,58.973,59.457,58.466,59.02,55303.743979
1635602400000,59.02,59.02,57.364,58.084,82557.376252
1635606000000,58.073,59.06,58.014,58.998,43615.850935
1635609600000,59.009,59.121,58.3,58.568,45433.245289
1635613200000,58.575,59,58.401,58.562,33308.442022
1635616800000,58.578,58.966,58.518,58.935,26070.300051
1635620400000,58.934,59.209,58.832,59.163,19859.857296
1635624000000,59.163,59.575,59.01,59.08,23064.637397
1635627600000,59.06,59.382,58.684,59.366,14541.811005
1635631200000,59.354,59.512,58.185,58.985,40657.707859
1635634800000,58.969,61.499,58.91,61.454,82971.399634
1635638400000,61.474,61.72,60.023,60.442,122947.554923
1635642000000,60.453,60.691,60.021,60.607,49773.928488
1635645600000,60.607,62.61,60.274,61.691,141440.152904
1635649200000,61.683,62.198,61.161,62.183,72155.828944
1635652800000,62.182,62.38,61.326,61.72,57956.827552
1635656400000,61.714,62.329,61.334,61.593,64386.405643
1635660000000,61.593,61.66,60.557,61.042,57436.18042
1635663600000,61.038,62.05,60.818,61.917,57120.333556
1635667200000,61.917,61.92,60.345,60.653,64929.493757
1635670800000,60.655,60.797,60.107,60.5,36248.573572
1635674400000,60.45,60.598,59.484,60.147,58540.71383
1635678000000,60.147,60.378,59.6,59.843,49325.894547
1635681600000,59.838,61.359,59.236,61.242,89870.797148
1635685200000,61.234,65.903,60.983,64.361,528103.351424
1635688800000,64.362,66.8,63.312,66.345,295138.916305
1635692400000,66.346,66.361,63.097,63.406,175548.131915
1635696000000,63.397,64.625,63.121,64.293,122990.689876
1635699600000,64.293,64.61,63.498,63.683,71603.458364
1635703200000,63.685,64.188,62.716,63.191,83577.545046
1635706800000,63.195,63.49,62.663,62.975,38120.961331
1635710400000,62.953,63.415,62.712,62.984,28528.752712
1635714000000,62.98,64.044,62.779,63.587,48920.685497
1635717600000,63.606,64.944,63.511,64.443,76028.186037
1635721200000,64.442,64.899,63.951,64.431,64033.029653
1635724800000,64.422,64.5,63.438,63.455,67789.066022
1635728400000,63.465,63.666,63,63.14,45805.533253
1635732000000,63.14,63.95,61.721,62.572,111083.073559
1635735600000,62.579,62.635,61.115,61.328,73541.771759
1635739200000,61.337,62.282,60.56,62.042,81560.461108
1635742800000,62.046,62.25,61.813,62.034,45958.92864
1635746400000,62.028,62.563,61.574,62.406,38067.049206
1635750000000,62.393,63.2,62.379,62.959,73237.366987
1635753600000,62.956,63.796,62.949,63.16,67839.671676
1635757200000,63.15,63.445,62.871,62.891,46188.248675
1635760800000,62.889,62.992,62.216,62.595,39878.990814
1635764400000,62.604,63.456,62.277,63.112,53767.728714
1635768000000,63.127,63.423,62.412,63.047,66181.514363
1635771600000,63.045,63.215,62.634,62.982,49236.061719
1635775200000,62.98,63.949,62.7,62.828,78557.795201
1635778800000,62.843,63.504,62.843,63.457,50537.891616
1635782400000,63.441,63.443,62.388,62.446,63648.491394
1635786000000,62.448,62.666,62.078,62.335,39041.407286
1635789600000,62.322,62.5,61.953,62.31,29254.472462
1635793200000,62.3,63.037,62.127,63.002,37910.82911
1635796800000,62.992,63.002,62.52,62.759,27986.258732
1635800400000,62.727,63.393,62.521,62.898,27309.306663
1635804000000,62.898,63.552,62.881,63.243,38274.753365
1635807600000,63.242,64.096,63.236,63.819,37189.657431
1635811200000,63.85,64.218,63.402,63.848,70245.44684
1635814800000,63.845,66.127,63.587,64.682,193288.396007
1635818400000,64.702,65.555,64.466,65.144,75926.066119
1635822000000,65.141,65.643,64.954,65.412,48656.959517
1635825600000,65.425,65.654,64.903,65.402,74571.589977
1635829200000,65.404,65.725,65.17,65.32,58065.461485
1635832800000,65.319,65.42,64.629,64.687,53492.470966
1635836400000,64.699,64.862,64.292,64.594,44339.823276
1635840000000,64.595,64.783,64.275,64.772,43304.450291
1635843600000,64.758,65.351,64.265,65.241,56456.844245
1635847200000,65.252,65.412,64.6,64.969,59596.074784
1635850800000,64.964,65.3,64.763,64.777,60334.453497
1635854400000,64.777,65.011,64.642,64.825,45528.527113
1635858000000,64.822,65.454,64.718,65.267,47474.252889
1635861600000,65.276,66.398,64.422,64.945,142544.660208
1635865200000,64.949,65.141,63.722,64.092,110694.355642
1635868800000,64.122,64.7,63.842,64.331,76884.04905
1635872400000,64.331,64.743,64.236,64.278,48424.918459
1635876000000,64.279,64.676,64.157,64.548,34187.475999
1635879600000,64.548,64.842,64.505,64.743,24610.745928
1635883200000,64.745,64.745,64.339,64.388,27390.885734
1635886800000,64.397,64.574,64.023,64.185,32866.659512
1635890400000,64.186,65,64.115,64.629,37479.088748
1635894000000,64.632,64.935,64.288,64.641,47681.204493
1635897600000,64.643,64.953,64.102,64.931,52764.223699
1635901200000,64.906,65.156,64.261,65.089,51676.652062
1635904800000,65.063,65.879,64.689,65.668,66559.960092
1635908400000,65.68,65.683,64.431,64.632,64164.835021
1635912000000,64.63,64.848,64.081,64.14,49244.952251
1635915600000,64.149,64.879,64.141,64.493,61613.518254
1635919200000,64.489,65.046,64.424,64.667,42077.837725
1635922800000,64.677,64.981,64.544,64.954,35017.360299
1635926400000,64.923,65.339,64.546,64.607,55460.839899
1635930000000,64.619,64.978,64.586,64.774,38911.234214
1635933600000,64.775,64.829,64.367,64.485,31762.580899
1635937200000,64.491,64.803,64.116,64.467,48882.556404
1635940800000,64.46,64.527,61.48,62.285,163731.106224
1635944400000,62.29,62.9,61.5,62.16,113644.976772
1635948000000,62.158,62.648,61.66,62.449,101853.669638
1635951600000,62.435,62.788,62.262,62.59,54673.668197
1635955200000,62.59,62.931,62.225,62.376,57330.095141
1635958800000,62.371,63.2,62.35,62.96,47368.376498
1635962400000,62.956,64.087,62.008,64.047,122838.984256
1635966000000,64.059,64.186,63.835,64.077,42165.835055
1635969600000,64.078,64.45,63.961,64.422,34268.952415
1635973200000,64.427,64.575,63.951,64.194,25116.828916
1635976800000,64.196,64.242,63.63,63.731,44035.458064
1635980400000,63.735,64.17,63.704,63.997,32018.12088
1635984000000,64.014,64.472,63.526,64.004,42377.702509
1635987600000,64.001,64.001,63.359,63.571,46556.416293
1635991200000,63.577,64.031,63.35,63.685,34600.22462
1635994800000,63.683,63.797,63.3,63.582,27967.341778
1635998400000,63.578,63.906,63.515,63.791,25262.909944
1636002000000,63.793,63.839,63.428,63.49,23724.800169
1636005600000,63.492,63.8,63.448,63.758,22160.184254
1636009200000,63.75,63.83,62.354,62.5,82834.616752
1636012800000,62.501,63.35,62.497,62.639,70228.63531
1636016400000,62.657,63.182,62.342,62.911,52490.815801
1636020000000,62.911,63,62.57,62.781,52223.553594
1636023600000,62.782,62.839,62.105,62.376,49341.286432
1636027200000,62.37,62.73,62.292,62.651,34599.978266
1636030800000,62.65,62.745,62.039,62.263,61251.080638
1636034400000,62.254,62.85,62.252,62.55,63011.188682
1636038000000,62.549,62.715,61.241,61.624,101643.418139
1636041600000,61.636,62.184,61.05,62.018,87347.916142
1636045200000,62.027,62.421,61.5,61.545,51007.793326
1636048800000,61.545,62.141,61.446,61.534,34000.331274
1636052400000,61.541,62.288,61.519,62.197,32085.768788
1636056000000,62.218,62.32,61.789,62.212,28375.49237
1636059600000,62.218,62.549,62.105,62.518,16710.520071
1636063200000,62.527,62.538,62.067,62.328,22387.088825
1636066800000,62.332,62.623,62.161,62.462,21090.919541
1636070400000,62.462,62.599,61.79,61.863,36736.011402
1636074000000,61.862,62.281,61.846,62.281,31272.822726
1636077600000,62.278,62.454,62.148,62.188,27355.373202
1636081200000,62.195,62.699,62.195,62.628,39548.923847
1636084800000,62.627,62.652,62.361,62.427,22863.229744
1636088400000,62.43,62.482,62.04,62.252,25878.79186
1636092000000,62.245,62.41,61.892,61.902,29670.640949
1636095600000,61.902,62.231,61.853,62.042,30887.579908
1636099200000,62.011,62.105,61.5,62.04,59223.008033
1636102800000,62.048,62.193,61.5,61.723,42287.763582
1636106400000,61.724,62,61.529,61.709,38039.138656
1636110000000,61.712,62.401,61.527,61.654,68236.847502
1636113600000,61.666,64.4,61.604,63.444,134095.711779
1636117200000,63.462,64.273,63.359,63.909,107656.503337
1636120800000,63.908,64.015,62.83,62.996,63358.919401
1636124400000,62.991,63.133,62.331,62.606,80879.753363
1636128000000,62.64,64.12,62.58,63.932,93985.895644
1636131600000,63.939,63.939,63.201,63.354,53195.635637
1636135200000,63.346,63.82,63.288,63.811,30621.58584
1636138800000,63.796,63.796,63.188,63.386,31825.2271
1636142400000,63.367,63.367,62.484,62.583,44045.33052
1636146000000,62.582,63.487,62.566,63.183,28299.442423
1636149600000,63.184,63.721,63.089,63.7,33708.332306
1636153200000,63.698,63.698,63.136,63.476,36790.782661
1636156800000,63.485,63.626,62.814,63.437,61786.36048
1636160400000,63.436,63.57,62.89,63.324,48165.578758
1636164000000,63.317,63.476,62.695,62.948,38697.337238
1636167600000,62.953,63.273,62.877,63.192,26080.462681
1636171200000,63.192,63.413,62.973,63.166,36369.15636
1636174800000,63.185,63.664,63.183,63.389,52854.977167
1636178400000,63.397,63.435,62.849,63.194,48734.970855
1636182000000,63.195,63.237,62.221,62.658,71082.004875
1636185600000,62.662,62.899,62.271,62.508,79285.887102
1636189200000,62.509,62.6,61.961,62,67218.495063
1636192800000,61.987,62.455,61.5,61.651,86973.621116
1636196400000,61.617,61.629,58,60.192,243141.545106
1636200000000,60.184,60.56,59.228,60.226,102591.604647
1636203600000,60.216,60.901,60.02,60.652,79301.447524
1636207200000,60.651,60.866,59.895,60.568,76228.551045
1636210800000,60.572,61.139,60.505,60.811,65139.643268
1636214400000,60.808,61.058,60.406,60.699,65050.576842
1636218000000,60.7,60.98,60.6,60.912,43762.714538
1636221600000,60.894,61.227,60.8,60.913,32472.179514
1636225200000,60.926,61.29,60.872,61.233,34996.199911
1636228800000,61.238,61.352,61.071,61.071,29477.565125
1636232400000,61.101,61.405,61.057,61.214,16009.866993
1636236000000,61.214,61.693,61.077,61.421,28462.580762
1636239600000,61.422,62.083,61.329,61.871,35267.492978
1636243200000,61.885,61.889,61.252,61.679,43652.184072
1636246800000,61.679,62.041,61.64,61.725,48851.051383
1636250400000,61.725,61.97,61.644,61.807,34901.843028
1636254000000,61.808,61.904,61.499,61.728,34551.198149
1636257600000,61.744,61.892,61.471,61.552,32950.568954
1636261200000,61.551,61.57,61.261,61.475,34731.016369
1636264800000,61.485,61.847,61.4,61.643,37999.611617
1636268400000,61.651,61.668,61.294,61.318,36717.861707
1636272000000,61.312,61.788,61.309,61.359,51370.873931
1636275600000,61.358,61.638,61.089,61.524,42728.679772
1636279200000,61.526,61.766,61.336,61.471,45215.250078
1636282800000,61.466,61.649,61.297,61.582,33429.966704
1636286400000,61.595,61.81,61.422,61.721,38837.023941
1636290000000,61.722,62.411,61.692,61.765,56620.989667
1636293600000,61.767,62.134,61.741,62.013,40560.848762
1636297200000,62.013,62.181,61.715,62.11,39720.956941
1636300800000,62.092,62.498,61.894,62.183,46932.795225
1636304400000,62.179,62.393,61.929,62.041,30098.389162
1636308000000,62.046,62.215,61.967,62.125,29758.709059
1636311600000,62.121,62.466,62.063,62.314,27184.904313
1636315200000,62.313,62.6,62.151,62.533,29801.822851
1636318800000,62.532,62.591,62.393,62.467,24779.101239
1636322400000,62.464,62.541,62.145,62.359,28165.704825
1636326000000,62.376,62.549,62.205,62.542,29410.641332
1636329600000,62.535,63.8,62.353,63.437,100181.399751
1636333200000,63.428,63.781,62.702,63.128,76218.410834
1636336800000,63.146,63.337,62.97,63.092,41023.874236
1636340400000,63.131,63.452,63.018,63.2,33934.952171
1636344000000,63.194,63.6,63.119,63.33,40873.982087
1636347600000,63.326,63.368,63.087,63.167,43918.810876
1636351200000,63.172,63.2,62.413,63.071,65565.196963
1636354800000,63.083,63.15,62.743,62.817,44258.374999
1636358400000,62.832,63.026,62.5,62.809,44513.745292
1636362000000,62.802,63.356,62.725,62.881,56814.345786
1636365600000,62.886,63.246,62.882,63.092,35928.107674
1636369200000,63.093,63.181,62.792,62.922,27532.604792
1636372800000,62.94,63.026,62.752,63.002,35320.682652
1636376400000,63.002,63.092,62.282,62.383,55604.031973
1636380000000,62.391,63.281,62.36,63.281,51062.489089
1636383600000,63.284,63.478,62.882,63.243,63083.90672
1636387200000,63.244,64.944,63.012,64.296,150535.998383
1636390800000,64.294,64.421,63.888,64.274,56578.210439
1636394400000,64.27,64.331,63.913,64.31,37490.455843
1636398000000,64.311,64.312,63.77,63.85,31745.070744
1636401600000,63.853,64.086,63.537,63.923,44044.69796
1636405200000,63.928,64.145,63.896,64,31431.711572
1636408800000,64.006,64.384,63.86,64.116,33440.30101
1636412400000,64.116,64.75,63.924,64.262,51535.506744
1636416000000,64.261,64.703,64.038,64.697,52424.512407
1636419600000,64.698,65.755,64.517,65.433,119046.780498
1636423200000,65.439,65.938,64.845,65.233,104789.564066
1636426800000,65.227,65.476,64.862,65.151,64691.599001
1636430400000,65.159,65.738,65.148,65.686,73294.829206
1636434000000,65.689,66.051,65.565,65.768,60218.451082
1636437600000,65.768,66.2,65.202,65.403,56039.203009
1636441200000,65.405,65.512,65,65.241,48926.573987
1636444800000,65.236,65.678,65.091,65.488,45139.39013
1636448400000,65.497,65.7,65.346,65.476,39810.535005
1636452000000,65.476,65.568,64.946,65.045,34198.528997
1636455600000,65.027,65.163,63.51,64.36,101154.87563
1636459200000,64.375,64.923,63.927,64.892,53734.420254
1636462800000,64.892,67.039,64.865,66.436,171248.902412
1636466400000,66.436,68.994,66.351,67.083,259008.460818
1636470000000,67.058,67.624,65.62,66.749,181590.260757
1636473600000,66.742,67.979,66.041,67.189,123756.626168
1636477200000,67.182,68.181,66.5,67.937,87649.255995
1636480800000,67.932,69.179,67.203,67.507,116683.275417
1636484400000,67.497,67.877,66.82,67.54,56482.798211
1636488000000,67.539,68.76,67.421,68.297,58793.296945
1636491600000,68.296,68.296,67.485,68.153,50525.719647
1636495200000,68.161,68.177,67.173,67.487,39827.218059
1636498800000,67.481,67.626,66.248,66.75,67993.429544
1636502400000,66.726,69.35,66.702,68.788,134880.664982
1636506000000,68.788,69.617,68.125,69.036,139786.402547
1636509600000,69.044,69.441,68.339,68.747,60371.250982
1636513200000,68.763,68.766,66.706,67.059,106635.265259
1636516800000,67.061,67.866,66.623,67.769,108421.248845
1636520400000,67.768,67.896,66.833,67.452,77987.938069
1636524000000,67.454,67.636,67.13,67.326,49535.902346
1636527600000,67.334,67.468,66.886,67.039,50495.919827
1636531200000,67.027,67.324,66.358,66.778,81257.138433
1636534800000,66.776,67.291,66.68,66.782,54596.013334
1636538400000,66.784,67.9,66.52,67.426,66129.442096
1636542000000,67.426,68.627,67,67.895,94284.413361
1636545600000,67.873,68.266,66.913,67.049,75077.182909
1636549200000,67.082,68.058,66.933,67.844,82660.234222
1636552800000,67.846,69,67.694,68.676,98729.899514
1636556400000,68.691,68.769,68.062,68.49,67955.765967
1636560000000,68.491,69.19,67.829,68.531,78531.137559
1636563600000,68.52,68.936,68.258,68.643,49225.577702
1636567200000,68.644,68.656,67.647,67.702,44444.605515
1636570800000,67.699,68.188,65.203,65.655,113490.62564
1636574400000,65.659,66.805,64.069,65.207,230868.790293
1636578000000,65.205,65.407,58,61.723,452003.130196
1636581600000,61.728,63.586,60.984,63.375,110618.662466
1636585200000,63.378,63.807,62.389,63.5,96693.893576
1636588800000,63.5,64.3,62.682,64.186,101389.148764
1636592400000,64.184,64.184,63.163,63.67,73523.362004
1636596000000,63.665,63.665,62.86,63.484,60286.086579
1636599600000,63.484,63.881,63.288,63.737,47538.004037
1636603200000,63.735,63.924,63.466,63.852,46629.305262
1636606800000,63.853,64.115,63.756,64.049,37148.280497
1636610400000,64.053,64.195,63.719,64.129,52177.264838
1636614000000,64.144,64.377,63.912,64.045,61346.100344
1636617600000,64.044,64.471,63.348,64.321,68385.289983
1636621200000,64.329,64.4,63.667,64.034,54200.228494
1636624800000,64.042,64.099,63.52,63.878,51638.737565
1636628400000,63.878,63.932,63.552,63.829,43337.103895
1636632000000,63.833,63.895,62.6,63.158,88115.368512
1636635600000,63.162,63.324,62.723,62.903,65882.522098
1636639200000,62.911,63.42,61.731,62.989,80201.191336
1636642800000,62.984,63.212,62.529,63.173,52515.516084
1636646400000,63.155,63.574,62.877,63.42,44616.627082
1636650000000,63.431,63.544,63.004,63.041,31843.778685
1636653600000,63.046,63.229,62.307,62.545,45760.695571
1636657200000,62.547,63.164,62.547,63.071,29546.325447
1636660800000,63.085,63.228,62.708,62.753,30688.60055
1636664400000,62.747,63.4,62.678,63.245,28527.273699
1636668000000,63.25,63.493,63.023,63.214,18226.416628
1636671600000,63.209,63.237,62.674,62.75,40415.583374
1636675200000,62.755,63.114,62.4,62.927,54181.590564
1636678800000,62.936,63.621,62,63.408,79354.366465
1636682400000,63.419,64.067,63.297,63.367,55676.588233
1636686000000,63.372,63.541,62.881,63.3,47738.445592
1636689600000,63.296,63.68,63.225,63.274,40616.987022
1636693200000,63.272,63.49,62.777,62.821,38093.499766
1636696800000,62.828,64.381,62.813,64.044,75578.112527
1636700400000,64.034,65.5,63.454,63.998,203989.511403
1636704000000,63.986,64.836,63.661,64.374,77600.63775
1636707600000,64.382,64.382,62.417,62.747,114877.291398
1636711200000,62.751,63.254,62.227,62.413,83784.799722
1636714800000,62.417,62.924,62.112,62.461,74263.062643
1636718400000,62.465,63.052,61.828,62.567,77317.994829
1636722000000,62.571,63.423,62.138,63.172,86622.757896
1636725600000,63.201,63.503,62.495,62.538,68449.052404
1636729200000,62.518,62.642,61.954,62.236,58747.387685
1636732800000,62.253,62.751,61.1,62.043,113987.041539
1636736400000,62.035,62.592,61.81,62.57,43909.770563
1636740000000,62.583,62.928,62.429,62.585,34368.529566
1636743600000,62.583,62.616,62.147,62.422,27257.528029
1636747200000,62.404,62.852,62.318,62.74,26170.536817
1636750800000,62.755,63.1,62.662,62.767,23649.034532
1636754400000,62.755,62.884,62.5,62.687,15862.617567
1636758000000,62.687,63.035,62.569,62.884,26251.694167
1636761600000,62.887,63.322,62.884,63.072,31000.041732
1636765200000,63.071,63.199,62.544,62.558,42070.055306
1636768800000,62.569,63.165,62.555,62.875,31246.873826
1636772400000,62.879,63.038,62.711,62.963,26272.071327
1636776000000,62.968,63.195,62.722,62.845,34700.927095
1636779600000,62.855,62.916,62.55,62.663,33764.847141
1636783200000,62.66,63.037,62.635,62.931,31774.335802
1636786800000,62.94,62.993,62.614,62.933,29345.414149
1636790400000,62.939,63.02,62.69,62.789,33272.035891
1636794000000,62.812,62.876,62.247,62.477,42862.314379
1636797600000,62.474,62.846,62.428,62.75,30305.001945
1636801200000,62.753,62.787,62.532,62.583,26071.173938
1636804800000,62.586,62.824,62.289,62.346,35160.274561
1636808400000,62.344,62.7,62.3,62.435,29887.122664
1636812000000,62.445,63.44,62.436,63.243,74482.877472
1636815600000,63.242,63.355,63.048,63.15,36536.695894
1636819200000,63.142,63.632,63.074,63.481,39915.70139
1636822800000,63.476,63.541,63.121,63.344,30000.258604
1636826400000,63.344,63.344,62.58,62.773,41140.86777
1636830000000,62.784,62.919,62.603,62.821,20442.976442
1636833600000,62.819,62.996,62.737,62.925,16115.142076
1636837200000,62.925,62.967,62.574,62.676,15746.586488
1636840800000,62.691,62.934,62.598,62.796,14972.793055
1636844400000,62.803,63.023,62.725,62.904,19326.406452
1636848000000,62.913,63.453,62.913,63.131,40277.21888
1636851600000,63.133,63.276,62.934,63.089,24600.92473
1636855200000,63.097,63.215,62.871,62.879,18595.936362
1636858800000,62.875,63.05,62.834,62.942,28288.712375
1636862400000,62.937,63.185,62.923,63.02,27343.09139
1636866000000,63.02,63.098,62.7,62.934,31782.352679
1636869600000,62.937,63.044,62.768,62.838,26629.467397
1636873200000,62.836,62.933,62.433,62.623,35869.20292
1636876800000,62.627,62.943,61.947,62.069,69899.570326
1636880400000,62.082,62.333,61.671,62.2,39694.49566
1636884000000,62.2,62.446,62.108,62.439,30125.332283
1636887600000,62.433,62.433,62.123,62.306,22174.925564
1636891200000,62.336,62.52,62.054,62.315,35336.751229
1636894800000,62.319,62.686,62.254,62.574,31811.657086
1636898400000,62.575,62.599,62.113,62.184,30606.396741
1636902000000,62.186,62.289,61.881,61.993,30597.525804
1636905600000,61.978,62.244,61.346,61.571,63862.530821
1636909200000,61.577,61.928,61.515,61.906,40546.68599
1636912800000,61.908,61.946,61.364,61.522,31394.676386
1636916400000,61.519,61.519,61.03,61.392,31038.13871
1636920000000,61.391,61.699,61.39,61.674,25337.75428
1636923600000,61.674,61.972,61.599,61.913,26889.822868
1636927200000,61.912,62.28,61.896,62.218,18759.727312
1636930800000,62.231,62.6,62.064,62.536,41001.066893
1636934400000,62.544,63.469,62.544,62.856,63846.223515
1636938000000,62.856,62.965,62.454,62.892,44651.082406
1636941600000,62.889,62.9,62.5,62.577,28573.079915
1636945200000,62.567,63.01,62.445,62.864,48295.476198
1636948800000,62.871,62.982,62.577,62.626,26119.363448
1636952400000,62.64,62.788,62.5,62.63,26535.110398
1636956000000,62.633,62.658,62.448,62.501,29800.549419
1636959600000,62.495,62.52,62.1,62.261,37819.552696
1636963200000,62.263,62.589,62.015,62.461,45208.637915
1636966800000,62.462,62.879,62.276,62.531,50816.952189
1636970400000,62.528,62.734,62.388,62.668,27104.573923
1636974000000,62.669,62.771,62.578,62.66,29343.391485
1636977600000,62.666,62.719,62.264,62.422,37894.965161
1636981200000,62.419,62.675,62.208,62.403,32909.039906
1636984800000,62.399,62.43,62,62.103,45723.649599
1636988400000,62.106,62.115,61.736,61.86,51060.97287
1636992000000,61.86,61.995,61.35,61.6,54833.346268
1636995600000,61.583,61.746,61.337,61.363,36625.922032
1636999200000,61.35,61.571,61.029,61.154,40069.468222
1637002800000,61.157,61.629,61.059,61.586,36042.893918
1637006400000,61.582,61.582,60.172,60.627,61554.03758
1637010000000,60.623,60.762,60.213,60.723,40519.159834
1637013600000,60.723,61.34,60.465,61.34,27587.596195
1637017200000,61.34,61.34,60.812,60.951,46925.820995
1637020800000,60.94,60.949,58.5,59.385,154639.427246
1637024400000,59.369,59.512,55.6,58.389,263105.477152
1637028000000,58.391,58.462,57.799,58.084,89062.650409
1637031600000,58.082,58.512,56.837,57.619,141340.581944
1637035200000,57.622,58.357,57.035,58.155,122524.651106
1637038800000,58.141,58.28,57.655,57.896,69908.209482
1637042400000,57.886,57.942,56.12,57.24,127740.695982
1637046000000,57.245,57.641,56.883,57.475,94424.0626
1637049600000,57.472,57.697,57.108,57.63,86482.58016
1637053200000,57.636,57.876,56.6,56.733,129076.725512
1637056800000,56.699,56.832,52.147,55.953,321168.269768
1637060400000,55.952,56.454,55.77,56.386,119515.494797
1637064000000,56.377,56.533,55.56,55.702,93925.877819
1637067600000,55.698,56.717,55.698,56.668,90741.916937
1637071200000,56.686,57.427,56.554,56.97,83528.349675
1637074800000,56.966,57.676,56.588,57.674,85411.417326
1637078400000,57.66,57.693,56.573,56.772,92331.353057
1637082000000,56.769,57.175,56.535,56.743,60138.598028
1637085600000,56.735,57.393,56.329,56.34,61061.125156
1637089200000,56.337,57.203,56.247,56.754,71271.026069
1637092800000,56.75,56.755,55.163,55.803,104956.126374
1637096400000,55.803,56.84,55.655,56.682,79241.963468
1637100000000,56.694,56.943,56.66,56.69,26951.251309
1637103600000,56.689,56.955,56.139,56.155,58917.588663
1637107200000,56.164,56.829,55.587,55.812,95072.818952
1637110800000,55.794,56.649,55.546,55.592,92636.026491
1637114400000,55.565,56.017,55.317,55.439,85201.252478
1637118000000,55.447,55.725,54.255,54.398,137837.877437
1637121600000,54.4,55.15,54.075,54.961,116320.615705
1637125200000,55,55.456,54.855,55.297,82887.006596
1637128800000,55.291,55.384,54.823,55.162,75597.554596
1637132400000,55.191,55.918,54.746,55.319,109033.323523
1637136000000,55.333,55.803,55.176,55.302,79560.941482
1637139600000,55.302,55.302,54.702,54.862,84957.191985
1637143200000,54.869,55.969,54.34,55.904,122776.479539
1637146800000,55.923,56.164,55.6,56.037,82950.116427
1637150400000,56.038,56.11,55.756,55.784,52186.949283
1637154000000,55.787,55.961,55.331,55.435,63829.825998
1637157600000,55.438,55.587,54.864,54.921,74737.970259
1637161200000,54.925,55.32,54.668,55.237,73322.847861
1637164800000,55.249,55.879,54.928,55.839,81972.425143
1637168400000,55.842,55.98,55.53,55.768,50365.878936
1637172000000,55.783,56.081,55.783,55.974,38570.435765
1637175600000,55.97,56.277,55.856,56.06,41620.575144
1637179200000,56.059,56.42,55.907,56.231,49932.925435
1637182800000,56.251,56.251,55.776,56.059,42075.310133
1637186400000,56.078,56.139,55.586,55.751,23807.931551
1637190000000,55.767,56.199,55.657,56.137,36389.413389
1637193600000,56.132,56.583,55.873,56.405,69212.755729
1637197200000,56.414,56.603,55.948,56.277,65574.121803
1637200800000,56.275,56.48,56.086,56.233,45139.763005
1637204400000,56.233,58.109,55.689,57.58,141720.122947
1637208000000,57.604,57.722,52.3,54.514,341009.608611
1637211600000,54.467,54.863,51.1,53.635,294045.275899
1637215200000,53.649,53.651,52.794,53.283,110168.653618
1637218800000,53.291,53.351,51.545,52.855,127361.756324
1637222400000,52.878,52.898,52.187,52.652,94399.62152
1637226000000,52.637,52.667,51.792,52.273,115649.541269
1637229600000,52.277,53.324,51.899,53.239,112146.77447
1637233200000,53.259,53.338,52.297,52.419,110740.007177
1637236800000,52.42,53.114,52.156,52.566,109895.593304
1637240400000,52.579,52.89,51.874,52.654,113587.714475
1637244000000,52.653,52.891,52.191,52.373,86151.890498
1637247600000,52.371,52.746,51,51.713,181577.574149
1637251200000,51.714,52.174,50.606,51.163,179768.149796
1637254800000,51.163,51.877,48.579,51.058,294131.783659
1637258400000,51.06,51.897,50.812,51.832,105656.209517
1637262000000,51.833,52.648,51.773,52.466,83040.977342
1637265600000,52.482,52.916,52.201,52.505,76701.8183
1637269200000,52.523,52.773,51.911,51.984,52494.271456
1637272800000,51.986,52.11,51.4,51.617,71473.447817
1637276400000,51.616,52.132,51.382,51.707,100842.780824
1637280000000,51.709,53.207,51.393,53.14,125289.656267
1637283600000,53.14,53.153,52.061,52.088,88724.788227
1637287200000,52.08,52.795,51.654,51.862,104885.091072
1637290800000,51.874,52,51.122,51.685,76692.156735
1637294400000,51.686,52.564,51.616,52.491,66501.962401
1637298000000,52.514,52.98,52.178,52.803,74919.002278
1637301600000,52.823,52.867,52.438,52.493,55800.511926
1637305200000,52.493,52.73,52.211,52.376,59256.011793
1637308800000,52.378,53.478,52.358,53.226,98766.606077
1637312400000,53.234,53.596,53.049,53.283,59651.208114
1637316000000,53.251,53.518,53.011,53.134,55107.521351
1637319600000,53.136,53.371,52.828,53.251,59139.457554
1637323200000,53.26,54.178,53.192,53.731,84857.637241
1637326800000,53.725,54.326,53.569,54.23,81395.78825
1637330400000,54.243,54.358,53.91,54.31,56481.626223
1637334000000,54.325,54.341,53.614,53.967,65146.659334
1637337600000,53.974,54.244,53.84,54.183,51084.526083
1637341200000,54.179,54.335,53.982,54.012,47466.572991
1637344800000,54.014,54.061,53.839,53.905,38659.299882
1637348400000,53.907,54.256,53.843,54.202,23053.927446
1637352000000,54.202,54.47,54.007,54.317,32056.887522
1637355600000,54.302,54.354,54.063,54.354,28764.748092
1637359200000,54.352,54.412,53.855,53.945,21220.665161
1637362800000,53.944,53.944,53.517,53.724,46686.844741
1637366400000,53.723,54.062,53.55,53.67,61073.742412
1637370000000,53.661,54.426,53.612,54.281,43965.238209
1637373600000,54.285,55.236,54.28,54.513,65654.65248
1637377200000,54.515,54.516,54.018,54.045,44163.261414
1637380800000,54.034,54.37,53.896,54.353,37483.390019
1637384400000,54.35,54.562,53.813,54.364,49591.417223
1637388000000,54.356,54.39,53.992,54.129,47679.578512
1637391600000,54.139,54.154,53.758,53.838,36496.418367
1637395200000,53.838,54.196,53.754,54.087,30357.264454
1637398800000,54.089,54.354,54.061,54.1,29211.084028
1637402400000,54.101,54.41,54.031,54.369,35126.943866
1637406000000,54.369,54.4,54.134,54.244,27282.859454
1637409600000,54.244,54.548,54.129,54.254,33524.035879
1637413200000,54.265,54.352,53.78,53.874,46143.482082
1637416800000,53.88,54.193,53.67,53.736,46962.329265
1637420400000,53.736,54.046,52.366,52.658,130405.198289
1637424000000,52.651,52.892,52.201,52.833,78176.127039
1637427600000,52.827,52.889,52.45,52.787,41720.981088
1637431200000,52.797,53.799,52.642,53.725,78732.781844
1637434800000,53.755,54.063,53.6,53.932,44099.006354
1637438400000,53.937,54.024,53.845,53.993,22573.242585
1637442000000,53.984,54.263,53.918,54.185,18051.784613
1637445600000,54.177,54.462,54.098,54.291,18263.837628
1637449200000,54.285,54.527,54.157,54.407,33047.656577
1637452800000,54.389,54.491,53.941,54.027,38032.991073
1637456400000,54.03,54.106,53.818,53.869,29700.189974
1637460000000,53.865,53.874,53.252,53.596,43488.999007
1637463600000,53.588,53.84,53.323,53.431,46258.656559
1637467200000,53.425,53.663,53.272,53.302,39452.116524
1637470800000,53.301,53.5,53.223,53.5,29628.225398
1637474400000,53.499,53.584,53.317,53.52,25311.136345
1637478000000,53.518,53.518,53.1,53.234,31883.014958
1637481600000,53.233,53.58,53,53.183,43435.597233
1637485200000,53.169,53.505,53.139,53.424,36988.699995
1637488800000,53.435,53.54,52.993,53.339,44753.287212
1637492400000,53.34,53.713,53.049,53.156,67083.919858
1637496000000,53.138,53.493,53.078,53.412,47978.436428
1637499600000,53.417,53.465,53.206,53.291,36347.359033
1637503200000,53.291,53.436,53.213,53.363,39435.159514
1637506800000,53.36,54.088,53.202,53.977,56014.071866
1637510400000,53.974,54.457,53.759,54.334,65099.571635
1637514000000,54.337,54.484,54.022,54.035,41183.864209
1637517600000,54.051,54.21,53.904,53.975,25005.488289
1637521200000,53.977,54.117,53.703,53.739,29264.31827
1637524800000,53.739,53.96,53.711,53.926,35641.644508
1637528400000,53.928,54.28,53.801,54.067,28056.455714
1637532000000,54.08,54.107,53.503,53.616,27319.705686
1637535600000,53.605,53.835,53.063,53.129,60828.899062
1637539200000,53.163,53.415,52.571,52.688,104970.574977
1637542800000,52.678,53.076,52.343,52.678,65525.038228
1637546400000,52.678,52.723,51.804,52.197,71650.807998
1637550000000,52.19,52.263,51.554,52.036,75199.575157
1637553600000,52.047,52.209,51.676,51.88,52710.101233
1637557200000,51.874,52.161,51.39,51.829,90442.967155
1637560800000,51.829,51.864,51.6,51.72,56402.005237
1637564400000,51.722,52.194,51.701,51.729,48074.83531
1637568000000,51.732,52.066,51.725,51.99,36338.171131
1637571600000,51.988,52.251,51.792,51.807,41906.507762
1637575200000,51.802,52.022,51.699,52.003,35747.677629
1637578800000,52.003,52.326,51.869,52.05,34847.955864
1637582400000,52.055,52.514,52,52.015,66602.643577
1637586000000,52.013,52.986,51.453,52.539,115876.247377
1637589600000,52.552,52.64,52.192,52.22,68409.813056
1637593200000,52.231,52.583,52.155,52.453,53823.846275
1637596800000,52.447,52.552,52.269,52.487,41130.608893
1637600400000,52.476,52.537,52.009,52.125,37462.952072
1637604000000,52.133,52.247,51.985,52.024,43878.108139
1637607600000,52.009,52.709,51.571,51.671,96425.529893
1637611200000,51.676,52.142,51.541,51.613,63293.90673
1637614800000,51.589,52.343,51.43,52.255,72031.523359
1637618400000,52.253,52.436,52.041,52.433,21977.260429
1637622000000,52.433,52.433,51.726,51.786,41955.501739
1637625600000,51.774,51.98,51.168,51.801,60616.000075
1637629200000,51.802,52.069,51.712,51.932,45122.013131
1637632800000,51.936,52,51.735,51.92,34908.290533
1637636400000,51.91,52.112,51.835,52.029,38054.637618
1637640000000,52.023,52.133,51.85,52.012,26961.94762
1637643600000,52.013,52.04,51.637,51.789,41016.726891
1637647200000,51.796,51.893,51.601,51.689,30405.777313
1637650800000,51.69,51.701,51.322,51.447,43240.492965
1637654400000,51.422,51.564,51,51.459,49747.214974
1637658000000,51.468,51.636,50.335,51.199,111869.186334
1637661600000,51.199,51.892,50.919,51.08,94276.914209
1637665200000,51.09,51.465,50.997,51.067,62129.82322
1637668800000,51.067,51.216,50.829,50.893,44943.400178
1637672400000,50.894,51.333,50.894,51.253,44345.265094
1637676000000,51.258,51.625,51.107,51.579,69764.025345
1637679600000,51.586,51.648,51.233,51.257,53079.25276
1637683200000,51.258,51.506,50.868,51.149,64375.962354
1637686800000,51.16,51.303,51.1,51.18,34862.610709
1637690400000,51.181,51.315,51.065,51.287,26882.262778
1637694000000,51.287,51.542,51.153,51.498,29237.364681
1637697600000,51.497,51.665,51.412,51.651,25112.247843
1637701200000,51.645,51.651,51.513,51.618,20715.391266
1637704800000,51.621,51.8,51.516,51.777,16137.956794
1637708400000,51.775,51.871,51.63,51.737,27123.582473
1637712000000,51.736,51.925,51.564,51.791,35638.473984
1637715600000,51.796,51.922,51.18,51.219,45117.72355
1637719200000,51.216,51.295,50.614,50.692,64213.487484
1637722800000,50.664,50.919,50.662,50.789,34811.845733
1637726400000,50.788,51.036,50.756,50.919,32605.303562
1637730000000,50.915,50.995,50.664,50.719,32902.624896
1637733600000,50.713,50.742,50.39,50.623,53387.859905
1637737200000,50.623,50.689,50.453,50.506,40336.232837
1637740800000,50.507,50.854,50.111,50.551,60979.213928
1637744400000,50.552,50.749,50.249,50.35,50216.465198
1637748000000,50.351,50.5,50.062,50.154,42263.265349
1637751600000,50.156,50.398,50.081,50.318,35848.921688
1637755200000,50.311,50.379,50.133,50.256,36840.931635
1637758800000,50.258,50.416,49.141,49.481,99917.751088
1637762400000,49.477,49.733,48.82,49.253,108844.996945
1637766000000,49.25,49.82,49.174,49.669,80126.657833
1637769600000,49.651,49.727,49.065,49.186,58415.585849
1637773200000,49.182,49.343,48.624,48.848,50156.314377
1637776800000,48.849,49.266,48.841,49.125,51012.530535
1637780400000,49.129,49.171,48.872,49.048,33715.184177
1637784000000,49.047,49.656,48.907,49.639,50556.018337
1637787600000,49.643,49.669,49.404,49.644,28903.708135
1637791200000,49.646,49.857,49.612,49.785,17192.952593
1637794800000,49.785,50.686,49.75,50.607,56596.75298
1637798400000,50.609,51.482,50.22,51.376,77387.030771
1637802000000,51.376,51.6,50.727,50.772,56477.630307
1637805600000,50.768,50.821,50.3,50.686,50631.122132
1637809200000,50.688,51.108,50.569,51.081,35780.911277
1637812800000,51.082,51.145,50.514,50.533,41163.2824
1637816400000,50.533,50.627,50.075,50.155,45536.565104
1637820000000,50.16,50.346,50.024,50.13,50824.964699
1637823600000,50.13,50.411,50.102,50.22,35589.689178
1637827200000,50.223,50.438,50.1,50.1,31191.978281
1637830800000,50.101,50.599,49.8,50.461,34374.97418
1637834400000,50.469,51.047,50.367,50.939,71589.10165
1637838000000,50.923,51.372,50.865,51.068,50258.015301
1637841600000,51.07,54.5,51.051,53.79,141602.039542
1637845200000,53.807,54.573,53.324,53.905,143093.30462
1637848800000,53.909,54.79,53.711,53.876,70495.841709
1637852400000,53.88,54.385,53.632,54.243,90581.194358
1637856000000,54.245,56,53.979,54.83,135853.151808
1637859600000,54.831,55.038,53.8,54.902,76687.559707
1637863200000,54.904,55.527,54.533,55.291,49090.875636
1637866800000,55.291,56.08,54.265,55.333,85595.985311
1637870400000,55.335,55.483,54.803,54.911,38005.661171
1637874000000,54.907,54.975,54.414,54.867,47084.599462
1637877600000,54.867,56.06,54.867,55.9,51690.437551
1637881200000,55.899,55.919,55.153,55.362,60205.072072
1637884800000,55.377,55.496,54.638,55.037,87827.524286
1637888400000,55.03,57.89,54.994,57.382,175844.046191
1637892000000,57.38,58.959,56.438,58.297,213121.206596
1637895600000,58.292,59.434,57.203,57.482,181741.421184
1637899200000,57.474,58.316,56.775,57.394,106070.678091
1637902800000,57.395,57.501,56.403,57.354,104156.788632
1637906400000,57.35,58.201,57.202,57.609,85013.675052
1637910000000,57.605,58.081,55.011,56.207,182616.677351
1637913600000,56.269,56.4,51.1,52.95,430421.718953
1637917200000,52.927,53.982,52.302,53.348,202213.130574
1637920800000,53.356,53.439,52.827,53.198,40743.742654
1637924400000,53.152,54.109,51.9,51.948,88978.849221
1637928000000,51.951,53,51.42,52.923,158683.176524
1637931600000,52.933,53.398,52.088,53.347,131597.407576
1637935200000,53.358,53.828,52.91,53.232,96286.202098
1637938800000,53.227,53.249,52.71,52.838,95133.145212
1637942400000,52.842,54.434,52.617,53.862,134530.522285
1637946000000,53.858,54.419,53.558,53.641,77719.645335
1637949600000,53.636,53.758,53.089,53.453,66061.448287
1637953200000,53.46,54.054,53.367,53.809,55254.848086
1637956800000,53.804,54.141,53.482,54.057,37313.676531
1637960400000,54.05,54.05,53.01,53.06,57345.405372
1637964000000,53.06,53.533,52.512,52.84,55767.16552
1637967600000,52.845,53.453,52.304,52.79,66799.993507
1637971200000,52.79,54.126,52.569,53.789,91994.386735
1637974800000,53.795,57.466,53.643,56.98,196123.583156
1637978400000,57.007,58.765,56.183,58.275,198849.178236
1637982000000,58.23,58.25,56.867,56.989,136029.599484
1637985600000,56.99,57.383,56.456,57.148,104522.410475
1637989200000,57.147,57.4,56.457,56.492,71313.135936
1637992800000,56.505,57.033,56.051,56.193,76796.610344
1637996400000,56.2,56.483,55.272,56.022,84952.578914
1638000000000,56.023,57.557,56.023,57.141,108830.416878
1638003600000,57.143,57.283,56.401,56.57,78634.409499
1638007200000,56.569,56.894,56.012,56.769,79898.322103
1638010800000,56.77,57.43,56.563,57.405,77645.008945
1638014400000,57.43,57.453,56.663,57.127,68596.202026
1638018000000,57.131,57.75,56.919,57.074,76737.427092
1638021600000,57.06,59.2,57.06,59.123,151913.44844
1638025200000,59.13,59.35,57.791,58.273,137640.407016
1638028800000,58.282,58.615,57.401,57.439,93201.703942
1638032400000,57.463,57.645,56.672,56.995,76123.224555
1638036000000,56.958,56.963,56.51,56.703,45227.320882
1638039600000,56.702,56.845,56.5,56.794,25472.927566
1638043200000,56.798,57.223,55.742,56.134,69854.7199
1638046800000,56.135,57.519,55.912,57.371,85211.439603
1638050400000,57.391,58.649,57.288,58.295,70246.993838
1638054000000,58.299,58.493,56.981,57.719,93795.769293
1638057600000,57.723,57.805,56.197,56.972,100131.657217
1638061200000,56.972,57.1,55.518,55.589,103716.538454
1638064800000,55.552,56.087,53.88,55.309,174303.031902
1638068400000,55.31,55.651,54.743,55.471,101828.884943
1638072000000,55.449,56.363,54.666,54.906,101123.994314
1638075600000,54.905,56.047,54.815,55.996,80881.69895
1638079200000,55.978,56.139,55.462,55.958,69312.001928
1638082800000,55.955,56.132,55.53,55.897,59653.522918
1638086400000,55.893,55.911,55.042,55.492,60849.981316
1638090000000,55.499,55.535,54.673,55.393,64261.803537
1638093600000,55.382,56.132,55.077,55.573,62678.561538
1638097200000,55.574,55.623,55.069,55.175,67020.551296
1638100800000,55.173,55.307,54.738,54.917,59817.536518
1638104400000,54.914,55.079,54.623,54.904,42762.584117
1638108000000,54.905,55.339,54.29,55.044,74231.824318
1638111600000,55.06,55.2,54.722,55.052,40292.346914
1638115200000,55.042,55.178,54.382,54.912,56952.180537
1638118800000,54.918,55.13,53.148,53.489,95580.307997
1638122400000,53.49,54.333,52.447,54.135,125691.415784
1638126000000,54.12,54.886,53.999,54.448,85330.671913
1638129600000,54.451,54.955,54.451,54.827,45035.846576
1638133200000,54.814,56.068,54.814,55.939,74144.316899
1638136800000,55.963,56.304,55.334,55.391,67565.389681
1638140400000,55.387,56.649,55.387,56.446,93384.727648
1638144000000,56.448,57.098,56.351,56.857,85946.70688
1638147600000,56.873,57.183,56.254,56.321,68932.180403
1638151200000,56.321,56.422,55.89,55.926,47024.285073
1638154800000,55.928,56.038,55.551,55.902,49463.705857
1638158400000,55.905,56.193,55.753,55.772,42573.421811
1638162000000,55.78,55.825,55.439,55.646,38602.113832
1638165600000,55.648,55.777,55.45,55.579,34965.925064
1638169200000,55.578,55.924,55.542,55.866,40059.511997
1638172800000,55.866,56.066,55.337,55.462,56870.589009
1638176400000,55.457,55.542,53.875,54.16,87099.46347
1638180000000,54.147,54.825,54.13,54.605,73567.039611
1638183600000,54.604,54.703,54.192,54.199,44790.078216
1638187200000,54.192,54.482,54.159,54.458,44158.10751
1638190800000,54.467,55.078,54.285,54.905,84329.172904
1638194400000,54.9,55.053,54.503,54.575,56732.909423
1638198000000,54.583,54.846,54.435,54.738,46425.369036
1638201600000,54.744,55.079,54.52,55,46915.991276
1638205200000,55.011,55.833,54.95,55.668,65587.00378
1638208800000,55.66,56.123,55.401,55.89,51934.887581
1638212400000,55.889,55.987,55.17,55.217,48505.029457
1638216000000,55.234,55.61,55.118,55.487,34983.509798
1638219600000,55.487,55.675,55.467,55.574,26541.997198
1638223200000,55.569,55.609,55.146,55.251,27574.466434
1638226800000,55.251,55.293,54.6,54.632,62097.212685
1638230400000,54.641,55.58,54.641,55.105,67803.690117
1638234000000,55.094,55.232,54.4,54.593,81681.904107
1638237600000,54.589,55,54.555,54.611,54772.887267
1638241200000,54.604,54.641,53.519,54.034,78887.048642
1638244800000,54.02,54.321,53.806,54.132,54757.229784
1638248400000,54.13,54.246,53.537,53.571,57902.797763
1638252000000,53.556,53.96,53.1,53.9,76994.416178
1638255600000,53.893,54.075,53.459,53.689,60628.45261
1638259200000,53.687,54.343,53.316,53.779,72997.338565
1638262800000,53.766,54.028,53.4,53.92,70586.281941
1638266400000,53.911,54.02,53.599,53.892,61552.247926
1638270000000,53.908,54.524,53.757,54.386,72493.849168
1638273600000,54.398,54.716,54.217,54.272,89716.717115
1638277200000,54.272,54.775,54,54.753,77995.632558
1638280800000,54.739,55.374,54.58,55.298,86727.500043
1638284400000,55.298,55.696,53.852,53.852,137895.077958
1638288000000,53.922,54.423,53.344,53.477,143336.310516
1638291600000,53.484,53.799,53.184,53.611,78259.858083
1638295200000,53.616,54.294,53.468,54.257,53350.08389
1638298800000,54.27,54.346,53.818,53.96,53763.495
1638302400000,53.984,54.079,53.676,53.966,46174.861833
1638306000000,53.957,54.197,53.633,53.886,46808.843797
1638309600000,53.886,54.408,53.83,54.25,28157.960781
1638313200000,54.249,54.354,53.585,53.736,47681.968616
1638316800000,53.74,54.622,53.529,54.538,70296.541017
1638320400000,54.543,55.013,54.294,54.6,56131.350092
1638324000000,54.6,54.962,54.362,54.832,51714.906531
1638327600000,54.833,54.868,54.413,54.694,54510.060077
1638331200000,54.693,54.735,54.095,54.142,39612.660671
1638334800000,54.142,54.441,54.041,54.228,40606.311372
1638338400000,54.228,54.6,54.122,54.542,34290.263346
1638342000000,54.543,54.698,54.325,54.381,44560.397027
1638345600000,54.382,54.619,53.924,54.084,77997.264639
1638349200000,54.081,54.429,53.963,54.4,50731.483122
1638352800000,54.4,54.435,54.036,54.254,34920.872077
1638356400000,54.254,55,53.923,54.926,51975.770439
1638360000000,54.926,55.456,54.576,54.739,80164.687252
1638363600000,54.73,55.125,54.71,54.99,57342.951116
1638367200000,54.988,55.449,54.917,55.308,67293.932483
1638370800000,55.319,55.583,54.89,55.261,61879.235742
1638374400000,55.269,55.794,55.186,55.382,59576.837885
1638378000000,55.375,55.723,54.994,55.009,44341.595977
1638381600000,55.005,55.124,54.63,54.699,52935.891892
1638385200000,54.689,55.216,54.14,55.1,62204.518818
1638388800000,55.107,55.137,54.166,54.318,65181.113628
1638392400000,54.33,54.625,54.081,54.356,73646.9122
1638396000000,54.358,54.515,54.124,54.276,30550.772299
1638399600000,54.275,54.578,54.239,54.353,43958.532571
1638403200000,54.356,54.356,53.324,53.66,79392.759353
1638406800000,53.671,54.032,53.415,53.849,60944.045179
1638410400000,53.85,53.858,53.5,53.559,39570.090188
1638414000000,53.572,53.572,52.581,52.809,115553.031973
1638417600000,52.808,52.999,52.686,52.895,46997.911012
1638421200000,52.886,53.319,52.828,53.306,40885.950717
1638424800000,53.306,53.324,53.016,53.324,38788.196605
1638428400000,53.32,53.542,53.246,53.443,31019.970216
1638432000000,53.444,53.536,53.237,53.362,37696.973725
1638435600000,53.362,53.396,53.092,53.28,24705.676688
1638439200000,53.281,53.409,53.077,53.216,37028.143725
1638442800000,53.216,53.651,52.922,53.528,51325.404703
1638446400000,53.501,53.712,53.249,53.648,54608.000678
1638450000000,53.646,53.83,53.343,53.556,62738.068025
1638453600000,53.554,54,53.367,53.84,64531.492614
1638457200000,53.844,53.981,53.234,53.659,64064.597026
1638460800000,53.659,53.806,53.363,53.586,58298.414542
1638464400000,53.585,53.817,53.563,53.816,35466.963137
1638468000000,53.818,53.957,53.6,53.944,38431.37435
1638471600000,53.944,54.159,53.87,54.02,36613.569579
1638475200000,54.02,54.333,53.933,54.257,33911.546199
1638478800000,54.273,54.278,54.056,54.063,20129.696396
1638482400000,54.065,54.065,53.701,53.785,23179.480578
1638486000000,53.802,53.946,53.62,53.761,31361.96383
1638489600000,53.756,53.808,53.525,53.679,28301.761845
1638493200000,53.679,53.872,53.315,53.471,29440.239706
1638496800000,53.471,53.586,52.779,52.899,46005.263421
1638500400000,52.899,53.081,52.612,52.992,47659.226755
1638504000000,52.995,53.275,52.905,53.144,34518.647596
1638507600000,53.133,53.243,52.801,53.127,48855.779441
1638511200000,53.135,53.224,53,53.158,33677.142069
1638514800000,53.156,53.181,52.919,53.033,37589.710628
1638518400000,53.037,53.044,52.67,52.945,47482.551631
1638522000000,52.947,52.998,52.853,52.975,26505.232625
1638525600000,52.97,53.263,52.862,52.95,50631.428707
1638529200000,52.956,53.163,52.941,53.009,27004.129669
1638532800000,53.019,53.141,52.751,52.79,33432.341488
1638536400000,52.791,53.288,52.67,52.8,53605.330233
1638540000000,52.81,52.823,51.816,51.975,89621.646806
1638543600000,51.978,52.055,51.1,51.252,115847.097824
1638547200000,51.24,51.246,50.11,50.51,137861.876705
1638550800000,50.515,50.828,50.1,50.595,75626.557107
1638554400000,50.586,50.698,50.035,50.43,51451.979229
1638558000000,50.435,50.435,49.681,49.8,106190.328589
1638561600000,49.794,49.975,48.15,49.921,223983.284942
1638565200000,49.922,50.163,49.74,49.979,65880.269643
1638568800000,49.97,50.114,49.427,49.427,43861.119183
1638572400000,49.441,49.86,49.343,49.712,47911.195331
1638576000000,49.722,49.763,47.944,48.089,105244.114947
1638579600000,48.088,48.11,45.535,47.254,234416.321038
1638583200000,47.298,47.432,46.666,47.22,101756.572417
1638586800000,47.224,47.259,45,45,155388.309553
1638590400000,45,46.463,32.5,38.022,755503.731341
1638594000000,38.011,39.452,32.601,36.984,1082419.29635
1638597600000,37.035,38.788,36.045,37.862,502809.524572
1638601200000,37.87,38.638,37.011,38.607,332169.879654
1638604800000,38.606,39.172,37.943,39.04,240268.142282
1638608400000,39.034,39.645,38.8,39.276,207075.374227
1638612000000,39.276,39.791,38.242,38.985,241505.438271
1638615600000,38.947,39.002,37.328,38.085,219942.496278
1638619200000,38.08,39.034,38.08,38.651,152215.984018
1638622800000,38.68,39.222,38.213,39.131,148209.47389
1638626400000,39.112,40.035,38.966,39.995,163984.628458
1638630000000,39.975,41.11,39.848,40.233,204891.482619
1638633600000,40.229,40.694,39.706,39.849,125562.889729
1638637200000,39.867,40.452,39.68,40.325,82624.317653
1638640800000,40.317,40.723,40.226,40.615,73214.613108
1638644400000,40.621,41.117,40.43,41.05,66420.708354
1638648000000,41.054,41.19,40.678,40.816,78667.410882
1638651600000,40.841,40.97,40.54,40.801,81536.374419
1638655200000,40.805,41.251,40.762,41.051,52987.461328
1638658800000,41.065,41.554,40.719,41.012,94304.908964
1638662400000,41.019,41.766,39.93,40.542,154934.071576
1638666000000,40.501,40.808,40.279,40.603,98411.12829
1638669600000,40.601,40.775,40.383,40.49,74847.836165
1638673200000,40.482,40.997,40.302,40.865,76693.187756
1638676800000,40.883,40.947,40.5,40.733,67493.038938
1638680400000,40.73,41.267,40.62,41.135,72542.152928
1638684000000,41.132,41.138,40.729,40.945,64827.372014
1638687600000,40.942,41.073,40.6,40.708,57046.128771
1638691200000,40.717,40.862,40.5,40.706,60807.26076
1638694800000,40.699,40.702,39.722,39.876,107054.310776
1638698400000,39.885,40.448,39.8,40.193,73188.995724
1638702000000,40.199,40.418,39.861,40.09,65070.561028
1638705600000,40.074,40.404,39.817,40.172,76329.419325
1638709200000,40.173,40.197,39.829,40.03,58210.800529
1638712800000,40.03,40.071,38.6,38.88,189062.902496
1638716400000,38.874,39.476,36.88,37.911,229444.015933
1638720000000,37.911,39.332,37.705,38.54,185198.64368
1638723600000,38.544,39.05,38.185,38.842,92792.826975
1638727200000,38.83,38.835,38.483,38.519,48833.932993
1638730800000,38.518,38.572,37.968,38.495,80038.646417
1638734400000,38.515,38.79,38.072,38.49,69644.688026
1638738000000,38.487,38.985,37.943,38.769,107216.573249
1638741600000,38.766,38.898,38.185,38.81,54278.339305
1638745200000,38.813,39.189,38.478,39.102,94682.187995
1638748800000,39.099,39.14,37.252,37.676,149990.244626
1638752400000,37.661,38.389,37.536,38.251,110751.38352
1638756000000,38.261,38.731,38.198,38.55,75011.461051
1638759600000,38.556,39,38.553,38.717,75357.310337
1638763200000,38.719,39,38.556,38.563,61284.313528
1638766800000,38.569,39.067,38.05,38.05,87440.98247
1638770400000,38.045,38.4,37.719,37.792,90616.020962
1638774000000,37.799,38.146,37.3,37.763,130994.97906
1638777600000,37.774,38.631,37.267,37.835,182934.224615
1638781200000,37.832,37.948,36.311,36.612,174672.924488
1638784800000,36.61,37.065,36.051,36.322,151514.343637
1638788400000,36.337,37.209,35.498,37.044,264459.796445
1638792000000,37.046,37.381,36.589,36.921,120896.692098
1638795600000,36.949,37.213,36.454,36.764,104076.735378
1638799200000,36.765,37.436,36.506,37.065,124148.184134
1638802800000,37.063,38.069,36.67,37.997,130251.783055
1638806400000,37.985,38.418,37.644,38.155,92280.086116
1638810000000,38.18,38.42,37.726,37.748,78941.571677
1638813600000,37.742,37.98,37.651,37.873,46528.647808
1638817200000,37.883,38.096,37.754,37.77,42543.980703
1638820800000,37.805,38.023,37.424,37.648,55902.266433
1638824400000,37.658,38.84,37.63,38.516,92462.665843
1638828000000,38.501,39.071,38.248,38.918,107066.874348
1638831600000,38.919,38.957,38.475,38.725,79260.277487
1638835200000,38.726,39.303,38.651,39.114,91697.507004
1638838800000,39.098,39.438,38.688,38.845,84718.866344
1638842400000,38.842,39.024,38.791,38.837,55441.327496
1638846000000,38.835,39.047,38.758,38.967,41418.437443
1638849600000,38.975,39.117,38.706,38.965,41258.646031
1638853200000,38.975,39.157,38.915,38.922,40332.847169
1638856800000,38.927,39.14,38.879,39.077,42766.39282
1638860400000,39.073,39.181,38.75,38.915,52772.93434
1638864000000,38.912,39.673,38.8,39.649,93620.493157
1638867600000,39.655,39.98,39.37,39.409,90859.414649
1638871200000,39.409,39.86,39.34,39.759,60645.740062
1638874800000,39.758,39.98,39.561,39.75,61807.45219
1638878400000,39.763,39.926,38.555,39.06,139681.572676
1638882000000,39.069,39.497,39.017,39.268,77660.02938
1638885600000,39.259,39.766,39.225,39.751,75550.125007
1638889200000,39.74,39.945,39.5,39.799,79272.499034
1638892800000,39.804,39.95,39.055,39.477,88162.406531
1638896400000,39.478,39.662,39.143,39.576,64341.627554
1638900000000,39.573,39.63,39.32,39.421,35669.945804
1638903600000,39.406,39.537,39.15,39.345,45528.295226
1638907200000,39.359,39.496,38.709,38.9,73761.423815
1638910800000,38.908,39.484,38.866,39.112,50139.700651
1638914400000,39.106,39.18,38.568,38.647,53286.548686
1638918000000,38.661,39.234,38.578,39.119,46802.576717
1638921600000,39.143,39.447,38.792,39.39,77834.822334
1638925200000,39.373,43.616,39.349,43.061,423088.328485
1638928800000,43.068,43.068,41.695,41.868,218834.108129
1638932400000,41.87,42.107,41.131,41.305,162106.198631
1638936000000,41.307,42.048,41.218,41.704,99708.565814
1638939600000,41.705,42.187,41.566,42.105,83831.88164
1638943200000,42.108,42.222,41.748,41.836,77660.570899
1638946800000,41.838,42.047,41.504,41.606,74654.814999
1638950400000,41.597,41.831,41.217,41.499,69178.294922
1638954000000,41.5,41.554,40.874,40.982,91240.691326
1638957600000,40.98,41.35,39.61,39.829,146829.045279
1638961200000,39.832,40.276,39.368,40.031,150163.862544
1638964800000,40.042,40.416,39.675,40.366,74201.463255
1638968400000,40.358,40.65,40.163,40.303,78988.325416
1638972000000,40.3,41.296,40.085,40.904,125567.305619
1638975600000,40.911,41.015,40.453,40.741,82763.106918
1638979200000,40.739,40.887,40.153,40.367,63537.62836
1638982800000,40.368,40.442,40.227,40.332,42039.221379
1638986400000,40.332,40.613,40.222,40.537,35942.969171
1638990000000,40.545,40.758,40.478,40.607,42612.062445
1638993600000,40.612,41.094,40.51,40.962,36506.469987
1638997200000,40.962,41.53,40.837,41.461,50413.788662
1639000800000,41.465,41.865,41.2,41.237,41052.564347
1639004400000,41.24,41.578,41.193,41.377,39724.991281
1639008000000,41.38,41.622,41.119,41.208,61643.810468
1639011600000,41.204,41.261,40.512,40.57,57405.11212
1639015200000,40.572,40.681,39.826,40.2,88767.653141
1639018800000,40.196,40.5,40.05,40.142,52323.777563
1639022400000,40.129,40.349,40.09,40.318,32374.072175
1639026000000,40.319,40.47,40.197,40.375,35768.488214
1639029600000,40.369,40.484,40.099,40.214,45305.792679
1639033200000,40.215,40.539,39.868,40.327,77122.694708
1639036800000,40.331,40.331,39.9,40.215,64779.099519
1639040400000,40.215,40.23,39.515,39.864,90188.508549
1639044000000,39.86,39.949,39.556,39.814,55780.434838
1639047600000,39.805,39.887,39.253,39.416,71841.784631
1639051200000,39.4,39.591,39.11,39.463,69428.521217
1639054800000,39.463,39.5,39.145,39.445,55241.486995
1639058400000,39.443,39.499,38.384,38.558,106250.463022
1639062000000,38.56,38.998,38.256,38.785,102336.155606
1639065600000,38.781,39.112,38.594,38.863,60658.919367
1639069200000,38.86,38.993,38.045,38.194,46265.993689
1639072800000,38.2,38.485,37.471,37.838,94802.307502
1639076400000,37.859,38.123,37.723,37.723,56204.579409
1639080000000,37.732,37.828,36.98,37.73,100008.504667
1639083600000,37.751,38.075,37.601,37.949,44460.875415
1639087200000,37.956,38.16,37.64,37.84,38701.454819
1639090800000,37.841,38.079,37.475,37.507,60892.746462
1639094400000,37.507,38.366,37.391,37.959,77882.249335
1639098000000,37.986,38.18,37.593,38.105,60488.194118
1639101600000,38.098,38.454,37.921,38.307,49505.841349
1639105200000,38.307,38.351,37.956,38.186,37215.63736
1639108800000,38.171,38.277,37.861,37.936,47024.684918
1639112400000,37.931,38.17,37.745,38.011,61139.277799
1639116000000,38.021,38.202,37.623,37.693,59917.355213
1639119600000,37.663,39.613,37.521,39.021,216925.835532
1639123200000,39.024,39.387,38.733,39.259,118064.223315
1639126800000,39.256,40.106,39.026,39.97,104835.532146
1639130400000,39.97,40.27,39.737,39.91,92321.57587
1639134000000,39.911,40.978,39.807,40.677,121024.564804
1639137600000,40.682,40.888,40.319,40.478,100134.394227
1639141200000,40.479,40.733,39.915,40.283,115466.040353
1639144800000,40.284,40.39,39,39.148,103413.848587
1639148400000,39.107,39.742,39.041,39.615,124902.379261
1639152000000,39.61,41.378,38.99,40.193,195818.392806
1639155600000,40.204,40.88,39.295,40.781,136990.712784
1639159200000,40.795,40.795,40.167,40.439,84748.518183
1639162800000,40.437,40.948,40.233,40.925,60779.256588
1639166400000,40.924,41.168,40.452,40.673,67929.503781
1639170000000,40.66,40.754,39.904,40.338,73693.532195
1639173600000,40.334,40.62,40.047,40.193,41019.077413
1639177200000,40.201,41.178,39.742,39.849,144344.774995
1639180800000,39.845,40.051,38.64,39.246,158242.384526
1639184400000,39.234,39.657,38.94,39.029,88328.987672
1639188000000,39.044,39.241,38.837,39.105,89935.579075
1639191600000,39.102,39.485,39.079,39.167,67406.409896
1639195200000,39.169,39.281,38.82,39.025,63007.145312
1639198800000,39.026,39.321,39.01,39.061,75585.40517
1639202400000,39.06,39.498,38.903,38.939,85366.470501
1639206000000,38.939,39.227,38.886,39.138,60986.114081
1639209600000,39.128,39.572,38.902,39.164,73846.796462
1639213200000,39.173,39.541,39,39.451,46982.050269
1639216800000,39.459,39.58,39.149,39.386,48244.781194
1639220400000,39.383,39.454,39.112,39.167,45520.541272
1639224000000,39.184,39.498,39.093,39.336,47796.972568
1639227600000,39.327,39.468,38.942,39.006,62639.133402
1639231200000,38.998,39.256,38.786,39.213,54057.02579
1639234800000,39.201,39.494,39.188,39.423,53309.77342
1639238400000,39.41,39.96,39.363,39.667,72566.692398
1639242000000,39.668,39.814,39.453,39.522,35088.90456
1639245600000,39.527,39.875,39.524,39.752,27485.656186
1639249200000,39.758,39.966,39.659,39.779,30546.010104
1639252800000,39.77,39.97,39.647,39.875,34865.395141
1639256400000,39.877,39.981,39.669,39.956,24590.994512
1639260000000,39.956,40.509,39.815,39.996,31049.533042
1639263600000,39.998,40.459,39.99,40.404,52866.960344
1639267200000,40.405,40.522,40.143,40.256,63544.098215
1639270800000,40.252,40.394,39.899,39.908,48472.714237
1639274400000,39.907,39.944,39.704,39.704,42900.08106
1639278000000,39.709,39.845,39.66,39.681,37021.586977
1639281600000,39.678,39.762,39.3,39.392,47771.038418
1639285200000,39.39,39.468,39.02,39.086,56774.917184
1639288800000,39.085,39.457,39.034,39.44,37167.463921
1639292400000,39.443,39.6,39.362,39.551,25559.037312
1639296000000,39.552,39.562,39.088,39.226,41913.62925
1639299600000,39.219,39.31,38.969,38.99,46589.607637
1639303200000,38.99,39.169,38.7,39.142,57488.140996
1639306800000,39.148,39.374,39.089,39.28,34628.894331
1639310400000,39.284,39.496,39.229,39.317,43869.573432
1639314000000,39.319,39.543,39.263,39.498,44079.275838
1639317600000,39.498,39.712,39.377,39.683,29747.820275
1639321200000,39.685,39.689,39.292,39.518,31782.36047
1639324800000,39.518,39.692,39.302,39.679,38183.779659
1639328400000,39.684,40.1,39.655,40.07,65074.591748
1639332000000,40.083,40.389,40.08,40.208,52635.056259
1639335600000,40.203,40.295,40.047,40.07,29102.621262
1639339200000,40.072,40.284,40.064,40.172,15876.715101
1639342800000,40.164,40.21,39.952,40.035,24757.787503
1639346400000,40.036,40.086,39.786,39.927,15316.305544
1639350000000,39.928,40.38,39.648,39.672,57321.594643
1639353600000,39.672,40,39.3,39.329,72727.575289
1639357200000,39.321,39.337,38.75,38.75,111554.180124
1639360800000,38.772,39.021,38.244,38.4,88023.500503
1639364400000,38.4,38.795,38.333,38.688,54050.367584
1639368000000,38.705,38.832,38.53,38.746,41400.544814
1639371600000,38.755,38.84,38.48,38.831,42106.809976
1639375200000,38.832,38.938,38.553,38.617,43886.77189
1639378800000,38.586,38.631,38.26,38.372,65516.152412
1639382400000,38.367,38.569,37.929,38.428,72989.269429
1639386000000,38.429,38.625,38.356,38.573,42419.304093
1639389600000,38.57,38.635,38.26,38.308,40185.243511
1639393200000,38.296,38.446,38.212,38.403,39464.713934
1639396800000,38.408,38.471,38,38.08,44193.55865
1639400400000,38.079,38.123,37.544,38.036,92848.970791
1639404000000,38.04,38.04,37.1,37.437,108529.988534
1639407600000,37.422,37.454,36.632,36.953,125985.836212
1639411200000,36.944,37.165,36.676,36.943,107996.328658
1639414800000,36.924,37.229,36.753,36.917,64837.710861
1639418400000,36.923,36.955,36.41,36.593,61713.209945
1639422000000,36.584,36.584,35.26,35.859,172278.780668
1639425600000,35.863,36.169,35.634,35.759,82297.280816
1639429200000,35.759,35.887,35.476,35.859,73021.091273
1639432800000,35.86,36.263,35.792,36.167,46417.87171
1639436400000,36.174,36.232,35.832,35.889,54480.973953
1639440000000,35.883,36.185,35.554,36.015,83230.682669
1639443600000,36.016,36.278,35.709,36.173,67975.684293
1639447200000,36.175,36.204,35.868,36.122,56490.814693
1639450800000,36.132,36.262,35.892,36.044,57394.175577
1639454400000,36.05,36.161,35.625,35.808,83626.456833
1639458000000,35.806,35.965,35.527,35.561,65562.90644
1639461600000,35.568,35.814,35.229,35.666,98041.825099
1639465200000,35.665,36.1,35.658,36.04,68648.288758
1639468800000,36.048,36.39,35.955,36.36,69243.673453
1639472400000,36.368,36.425,36,36.038,57195.845112
1639476000000,36.045,36.651,36.029,36.633,59838.203715
1639479600000,36.63,36.85,36.405,36.81,71073.785862
1639483200000,36.829,37.222,36.829,36.889,118093.095787
1639486800000,36.889,37.072,36.351,36.662,83212.450425
1639490400000,36.656,36.772,36.359,36.725,61151.804707
1639494000000,36.716,36.908,36.234,36.386,63116.858389
1639497600000,36.382,36.841,36.237,36.523,67852.390348
1639501200000,36.526,36.88,36.513,36.544,47407.811655
1639504800000,36.534,36.72,36.136,36.559,51850.007332
1639508400000,36.549,36.786,36.42,36.506,35821.091796
1639512000000,36.505,36.99,36.502,36.882,43299.538905
1639515600000,36.89,37.322,36.784,36.992,51090.839448
1639519200000,36.996,37.041,36.735,36.895,16769.339551
1639522800000,36.888,36.893,36.439,36.743,55564.483752
1639526400000,36.751,36.998,36.645,36.714,59719.146651
1639530000000,36.705,36.718,36.514,36.62,37271.696461
1639533600000,36.629,36.723,36.392,36.723,77792.173532
1639537200000,36.727,37.2,36.591,37.122,51465.733608
1639540800000,37.141,37.252,36.581,36.901,81629.450829
1639544400000,36.896,37.051,36.806,36.984,40778.433557
1639548000000,36.986,37.121,36.873,36.953,36988.064082
1639551600000,36.951,37.161,36.877,36.986,59616.570418
1639555200000,36.977,37.292,36.97,37.119,49409.107955
1639558800000,37.126,37.2,36.983,37.133,50053.713937
1639562400000,37.133,37.154,36.97,37.078,34255.992563
1639566000000,37.079,37.2,36.957,37.043,43246.304057
1639569600000,37.046,37.162,36.484,36.505,77113.97867
1639573200000,36.517,36.747,36.448,36.611,56911.649019
1639576800000,36.608,36.715,36.229,36.331,64197.518817
1639580400000,36.334,36.485,35.67,35.674,123702.837561
1639584000000,35.677,36.116,35.638,36.017,75198.717602
1639587600000,36.017,36.188,35.87,36.122,44198.940238
1639591200000,36.12,36.868,36.038,36.628,77440.334491
1639594800000,36.622,37.946,36.352,37.667,198231.785833
1639598400000,37.671,38.481,37.55,38.183,102295.317992
1639602000000,38.183,38.9,37.938,38.461,88762.523002
1639605600000,38.476,38.596,38.143,38.201,44871.387008
1639609200000,38.199,38.25,38.06,38.199,81922.346858
1639612800000,38.193,38.477,38.137,38.394,60953.140858
1639616400000,38.395,38.395,38.056,38.112,44586.600607
1639620000000,38.12,38.127,37.893,38.036,51206.38904
1639623600000,38.037,38.072,37.711,37.798,41227.439205
1639627200000,37.8,37.867,37.533,37.641,44153.783183
1639630800000,37.636,37.695,37.289,37.319,52098.990422
1639634400000,37.33,37.768,37.299,37.75,46883.474071
1639638000000,37.75,37.885,37.608,37.691,47297.956362
1639641600000,37.694,37.931,37.53,37.931,37810.040706
1639645200000,37.931,37.931,37.721,37.867,20831.705036
1639648800000,37.861,38.094,37.845,38.021,38949.981081
1639652400000,38.021,38.076,37.763,37.936,48429.212556
1639656000000,37.922,38.1,37.666,37.774,50610.98278
1639659600000,37.777,38.11,37.522,38.062,54721.560418
1639663200000,38.058,38.071,37.82,37.967,42858.075175
1639666800000,37.968,38.009,37.647,37.824,57311.929968
1639670400000,37.832,38.541,37.735,38.401,101530.262759
1639674000000,38.4,38.401,37.786,37.858,53579.504524
1639677600000,37.856,38.033,37.586,37.78,35610.2638
1639681200000,37.771,37.987,37.452,37.643,55905.33304
1639684800000,37.636,37.886,37.56,37.634,29050.175676
1639688400000,37.642,37.761,37.556,37.746,21879.316276
1639692000000,37.744,37.813,37.137,37.577,47238.996517
1639695600000,37.583,37.583,36.912,37.223,52661.523404
1639699200000,37.213,37.702,37.182,37.658,72454.111727
1639702800000,37.647,38.99,37.209,38.833,116909.807422
1639706400000,38.834,38.98,38.151,38.315,105849.637901
1639710000000,38.311,38.35,37.932,38.081,48723.271967
1639713600000,38.078,38.239,37.9,37.986,51373.166987
1639717200000,37.988,38.085,37.853,37.953,36759.794665
1639720800000,37.958,37.993,37.763,37.863,31377.176865
1639724400000,37.858,37.858,37.139,37.382,99248.232828
1639728000000,37.381,37.612,37.291,37.539,53120.820163
1639731600000,37.54,37.546,37.249,37.389,42716.870737
1639735200000,37.394,37.603,36.76,36.922,106869.729558
1639738800000,36.92,37.052,36.83,36.901,52083.271884
1639742400000,36.898,37.041,36.652,36.854,49767.074909
1639746000000,36.853,37.313,36.812,36.969,69889.423138
1639749600000,36.965,37,35.743,36.084,168281.121939
1639753200000,36.099,36.551,35.704,36.551,125776.484429
1639756800000,36.532,36.829,36.286,36.52,98791.721772
1639760400000,36.516,36.565,35.962,36.045,84184.371376
1639764000000,36.044,36.243,35.739,36.208,73899.664747
1639767600000,36.219,36.274,35.961,35.998,40280.096231
1639771200000,35.992,36.136,35.6,35.725,67322.128092
1639774800000,35.731,36.281,35.675,36.038,59319.617078
1639778400000,36.044,36.082,35.34,35.944,62383.941825
1639782000000,35.955,35.969,35.607,35.652,50054.402269
1639785600000,35.65,35.887,35.347,35.841,76232.309987
1639789200000,35.851,35.897,35.35,35.452,61206.359375
1639792800000,35.434,35.647,35.251,35.382,63456.195021
1639796400000,35.388,36.13,35.38,35.891,66268.05
1639800000000,35.881,36.143,35.803,36.091,43431.667733
1639803600000,36.09,36.406,35.97,36.172,60875.946592
1639807200000,36.181,36.39,36.02,36.051,51650.423008
1639810800000,36.073,36.24,36.04,36.13,24249.200348
1639814400000,36.123,36.321,36.05,36.053,43629.982126
1639818000000,36.058,36.209,35.999,36.186,45925.969995
1639821600000,36.184,36.549,36.088,36.489,50750.790132
1639825200000,36.511,36.658,36.438,36.538,58159.716129
1639828800000,36.546,36.654,36.391,36.485,37760.859521
1639832400000,36.479,36.519,36.22,36.252,31032.273007
1639836000000,36.26,36.54,36.247,36.534,33785.607936
1639839600000,36.531,36.777,36.418,36.603,49107.324813
1639843200000,36.606,36.64,36.266,36.266,36599.479783
1639846800000,36.268,36.348,36.22,36.348,20966.207505
1639850400000,36.347,36.435,36.33,36.375,8958.149197
1639854000000,36.381,36.389,36.03,36.262,27720.094601
1639857600000,36.265,36.376,36.186,36.34,16875.644702
1639861200000,36.35,36.35,36.237,36.335,25087.158691
1639864800000,36.339,36.417,36.182,36.185,16044.341169
1639868400000,36.189,36.373,36.131,36.373,24085.646312
1639872000000,36.358,36.403,36.25,36.355,29020.465217
1639875600000,36.363,36.46,36.06,36.118,39769.658246
1639879200000,36.133,36.432,36.1,36.394,30903.791977
1639882800000,36.394,36.699,36.375,36.503,61178.664436
1639886400000,36.504,36.635,36.504,36.556,23777.965169
1639890000000,36.553,36.596,36.285,36.318,26498.836339
1639893600000,36.317,36.34,36.276,36.294,23421.050688
1639897200000,36.294,36.403,36.27,36.375,20827.555721
1639900800000,36.376,36.549,36.366,36.389,37033.490082
1639904400000,36.397,36.399,36.1,36.199,42478.715173
1639908000000,36.2,36.202,35.843,36.081,37388.62729
1639911600000,36.079,36.119,35.963,36.095,17566.137523
1639915200000,36.089,36.172,35.93,36.153,22525.177118
1639918800000,36.151,36.36,35.952,36.311,39870.860455
1639922400000,36.316,36.593,36.01,36.181,64775.849144
1639926000000,36.185,36.245,36.06,36.223,24982.555471
1639929600000,36.228,36.447,36.166,36.22,29772.147404
1639933200000,36.219,36.422,36.168,36.26,33031.154106
1639936800000,36.257,36.257,36.035,36.213,17985.265462
1639940400000,36.203,36.283,35.821,35.932,32987.555519
1639944000000,35.929,36.072,35.842,35.99,19606.900074
1639947600000,35.986,36.055,35.853,35.883,15645.158749
1639951200000,35.879,36.2,35.85,36.107,17199.400587
1639954800000,36.105,36.159,35.741,35.793,33234.647059
1639958400000,35.793,35.793,35.3,35.698,75622.002484
1639962000000,35.701,35.909,35.575,35.748,44331.945766
1639965600000,35.753,35.942,35.604,35.729,29145.70607
1639969200000,35.729,35.862,35.501,35.578,33807.46026
1639972800000,35.581,35.91,35.57,35.853,35210.264962
1639976400000,35.848,35.899,35.04,35.135,84924.303317
1639980000000,35.143,35.143,34.432,34.884,133616.155631
1639983600000,34.883,34.981,34.554,34.839,63481.953572
1639987200000,34.838,35.053,34.678,34.754,55298.804541
1639990800000,34.756,34.796,34.18,34.254,113073.664842
1639994400000,34.271,34.553,34.2,34.358,58212.891382
1639998000000,34.366,34.594,34.3,34.53,38049.241679
1640001600000,34.537,34.548,34.2,34.369,63163.013783
1640005200000,34.369,34.421,34,34.2,76523.580983
1640008800000,34.2,34.578,33.828,34.568,130525.508111
1640012400000,34.564,34.565,34.151,34.223,57106.045651
1640016000000,34.209,34.696,34.125,34.659,67432.268402
1640019600000,34.665,34.765,34.286,34.305,43741.780929
1640023200000,34.305,34.549,34.263,34.493,29393.628126
1640026800000,34.493,34.843,34.485,34.781,35358.51625
1640030400000,34.783,35.103,34.781,35.025,45639.074695
1640034000000,35.045,35.33,34.823,34.823,40065.101421
1640037600000,34.842,34.955,34.582,34.582,23326.031075
1640041200000,34.58,34.954,34.573,34.855,37979.996902
1640044800000,34.856,34.938,34.53,34.559,51249.420066
1640048400000,34.562,34.635,34.309,34.621,43456.512111
1640052000000,34.619,34.667,34.518,34.653,33946.731853
1640055600000,34.653,35.208,34.619,35.107,78573.808711
1640059200000,35.101,35.584,35.101,35.278,94296.968684
1640062800000,35.272,35.381,34.986,35.22,47245.566217
1640066400000,35.23,35.3,35.134,35.277,27884.963899
1640070000000,35.268,35.324,35.144,35.205,36355.276848
1640073600000,35.214,35.387,35.155,35.255,30618.507547
1640077200000,35.251,35.339,34.93,35.112,49477.334002
1640080800000,35.112,35.25,35.082,35.132,34116.219151
1640084400000,35.131,35.253,35.108,35.152,20357.777606
1640088000000,35.151,35.347,35.014,35.201,59145.013082
1640091600000,35.192,35.287,35.05,35.264,28352.831823
1640095200000,35.259,35.358,35.05,35.138,50567.129297
1640098800000,35.126,35.195,34.7,34.832,72019.184368
1640102400000,34.83,35.421,34.828,35.297,57643.352835
1640106000000,35.294,35.304,35.066,35.101,20897.260579
1640109600000,35.102,35.113,34.925,34.934,17786.384426
1640113200000,34.937,35.474,34.934,35.443,24001.311282
1640116800000,35.442,35.555,35.245,35.343,35881.13135
1640120400000,35.353,35.497,35.276,35.469,21841.544577
1640124000000,35.471,35.877,35.4,35.817,31201.164348
1640127600000,35.82,35.836,35.13,35.312,54635.59096
1640131200000,35.315,35.547,35.176,35.186,36886.757536
1640134800000,35.183,35.434,35.085,35.419,23784.246664
1640138400000,35.424,35.766,35.41,35.609,45441.468486
1640142000000,35.605,35.85,35.541,35.681,54553.600029
1640145600000,35.684,35.767,35.607,35.701,32655.463801
1640149200000,35.7,35.759,35.471,35.489,28445.891342
1640152800000,35.489,36.091,35.489,35.68,82082.481273
1640156400000,35.687,36.178,35.588,35.811,81407.513301
1640160000000,35.81,36.3,35.769,35.974,68321.562851
1640163600000,35.971,36.168,35.562,35.8,53521.226651
1640167200000,35.8,35.964,35.393,35.648,68406.048883
1640170800000,35.645,36.024,35.645,35.865,59917.475658
1640174400000,35.865,36.151,35.222,35.46,118641.939837
1640178000000,35.453,35.703,35.398,35.567,61095.061429
1640181600000,35.565,35.982,35.554,35.877,53299.652057
1640185200000,35.878,36.035,35.662,35.676,75252.787598
1640188800000,35.676,36.451,35.588,36.109,110109.457147
1640192400000,36.101,36.319,35.75,36.225,67015.789098
1640196000000,36.205,36.349,35.689,35.756,52155.29243
1640199600000,35.753,36.05,35.668,36.048,32626.150482
1640203200000,36.043,36.074,35.824,35.855,25362.831851
1640206800000,35.853,36.345,35.794,36.156,41587.402726
1640210400000,36.15,36.187,35.926,36.09,15288.36449
1640214000000,36.091,36.095,35.526,35.634,49812.618759
1640217600000,35.647,35.755,35.241,35.35,88531.402496
1640221200000,35.335,35.873,35.14,35.871,75307.061453
1640224800000,35.868,36.052,35.62,35.621,53902.918766
1640228400000,35.62,35.697,35.384,35.673,42114.638349
1640232000000,35.67,35.828,35.515,35.684,39538.625645
1640235600000,35.69,35.817,35.481,35.577,41580.444195
1640239200000,35.576,35.789,35.513,35.772,45781.35525
1640242800000,35.776,35.789,35.24,35.417,61625.786662
1640246400000,35.421,35.57,35.3,35.469,47111.220173
1640250000000,35.469,35.546,35.26,35.524,24645.943099
1640253600000,35.524,35.76,35.359,35.589,65947.423006
1640257200000,35.59,35.7,35.345,35.476,51324.036816
1640260800000,35.467,35.85,35.414,35.619,55159.178382
1640264400000,35.617,35.78,35.617,35.666,45061.6087
1640268000000,35.673,35.862,35.606,35.811,51249.85961
1640271600000,35.81,36.58,35.749,36.45,129360.400931
1640275200000,36.475,36.68,36.082,36.446,125464.067458
1640278800000,36.459,37.044,36.44,36.897,100121.51378
1640282400000,36.9,37.599,36.9,37.491,150580.84017
1640286000000,37.491,38.044,37.322,37.712,111489.788995
1640289600000,37.731,37.984,37.469,37.694,73441.240451
1640293200000,37.7,37.829,37.469,37.574,58474.240637
1640296800000,37.575,37.637,37.235,37.287,51007.839774
1640300400000,37.285,37.443,37.207,37.34,35117.105687
1640304000000,37.35,37.433,37.1,37.19,55783.900728
1640307600000,37.19,37.367,37.073,37.074,68297.066242
1640311200000,37.078,37.356,37.049,37.247,42699.817693
1640314800000,37.254,37.254,36.919,37.075,62208.170552
1640318400000,37.072,37.171,36.98,36.986,30707.672065
1640322000000,36.988,37.154,36.763,37.057,64060.522808
1640325600000,37.049,37.357,36.777,37.11,62897.053528
1640329200000,37.107,37.56,37.069,37.286,55870.951603
1640332800000,37.298,37.5,37.209,37.368,45766.666135
1640336400000,37.367,37.522,37.231,37.52,35922.727101
1640340000000,37.514,37.7,37.253,37.68,46603.543174
1640343600000,37.666,37.738,37.07,37.19,65931.555582
1640347200000,37.189,37.4,37.01,37.323,45790.95451
1640350800000,37.314,37.325,37.121,37.173,43648.14293
1640354400000,37.166,37.413,36.828,36.834,66470.463757
1640358000000,36.831,36.975,36,36.938,153452.796399
1640361600000,36.94,37.206,36.657,36.88,73129.333135
1640365200000,36.871,36.94,36.58,36.834,53315.696653
1640368800000,36.838,36.975,36.747,36.875,33128.981483
1640372400000,36.864,36.905,36.308,36.347,61502.636631
1640376000000,36.323,36.751,36.203,36.72,40775.010745
1640379600000,36.732,36.777,36.544,36.556,24938.158544
1640383200000,36.555,36.674,36.224,36.447,32249.164386
1640386800000,36.441,36.519,36.1,36.48,46566.567688
1640390400000,36.456,36.723,36.18,36.717,49097.720382
1640394000000,36.72,36.739,36.2,36.443,48522.824706
1640397600000,36.432,36.529,36.266,36.282,28688.981485
1640401200000,36.268,36.425,36.228,36.301,26035.122044
1640404800000,36.287,36.478,36.282,36.35,26760.590793
1640408400000,36.348,36.568,36.292,36.488,37191.804923
1640412000000,36.492,36.585,36.313,36.585,39618.906258
1640415600000,36.581,36.581,36.408,36.559,32659.522235
1640419200000,36.557,36.68,36.478,36.621,35051.264864
1640422800000,36.62,36.776,36.558,36.601,40466.644852
1640426400000,36.594,36.605,36.25,36.362,50886.38764
1640430000000,36.364,36.539,36.328,36.45,31090.397092
1640433600000,36.45,36.725,36.449,36.657,35762.302242
1640437200000,36.657,36.706,36.479,36.706,32198.780212
1640440800000,36.707,36.972,36.659,36.848,44677.982603
1640444400000,36.844,37.309,36.792,37.096,63983.370615
1640448000000,37.099,37.23,36.776,36.815,53730.248638
1640451600000,36.817,36.872,36.42,36.797,64864.43911
1640455200000,36.793,36.994,36.722,36.761,41753.821367
1640458800000,36.756,36.835,36.714,36.749,14808.781436
1640462400000,36.752,36.85,36.631,36.824,17718.802074
1640466000000,36.826,37.2,36.815,37.122,38380.905769
1640469600000,37.126,37.197,36.815,36.868,26560.809135
1640473200000,36.858,37.098,36.794,36.999,32226.036143
1640476800000,37.013,37.075,36.711,36.877,46015.475278
1640480400000,36.87,37.121,36.831,36.904,42323.742558
1640484000000,36.904,36.918,36.35,36.512,96264.94451
1640487600000,36.512,36.519,35.5,35.818,153461.42863
1640491200000,35.819,36.035,35.559,35.815,75115.86509
1640494800000,35.81,35.855,35.734,35.797,36069.687123
1640498400000,35.797,35.883,35.76,35.837,27279.589508
1640502000000,35.83,36.042,35.714,35.996,21541.967974
1640505600000,35.996,36.293,35.959,36.049,43722.954307
1640509200000,36.057,36.319,36.031,36.223,33247.302354
1640512800000,36.236,36.265,36.136,36.23,30459.076527
1640516400000,36.235,36.345,35.68,36.002,53409.981841
1640520000000,35.998,36.255,35.888,36.155,40063.043957
1640523600000,36.149,36.239,36.005,36.063,24041.640209
1640527200000,36.066,36.148,35.959,36.091,25958.75825
1640530800000,36.094,36.44,36.093,36.365,38935.22142
1640534400000,36.348,36.7,36.203,36.489,54543.619856
1640538000000,36.49,36.687,36.36,36.616,45124.848839
1640541600000,36.618,37,36.562,36.979,55377.33949
1640545200000,36.985,37.568,36.878,37.37,91474.819319
1640548800000,37.369,37.7,37.321,37.321,51775.330672
1640552400000,37.331,37.475,37.01,37.292,57095.036934
1640556000000,37.309,37.494,37.181,37.261,29386.359366
1640559600000,37.261,37.328,37.047,37.288,46359.1993
1640563200000,37.291,37.392,37.106,37.199,46473.490447
1640566800000,37.199,37.354,37.108,37.149,44619.880124
1640570400000,37.151,37.439,36.923,37.28,65906.224649
1640574000000,37.27,37.46,37.22,37.263,61080.615469
1640577600000,37.267,37.29,37.131,37.184,37576.241737
1640581200000,37.204,37.263,37.057,37.188,34043.030181
1640584800000,37.189,37.576,37.074,37.389,93783.685809
1640588400000,37.381,37.468,37.195,37.247,38307.430126
1640592000000,37.253,37.4,37.046,37.056,44297.146779
1640595600000,37.056,37.25,37,37.206,48914.049343
1640599200000,37.201,37.339,37.157,37.326,34506.905437
1640602800000,37.329,37.55,37.23,37.53,51682.626677
1640606400000,37.532,38.305,37.267,38.138,148914.585994
1640610000000,38.146,38.885,38.13,38.429,235280.11669
1640613600000,38.43,38.88,38.38,38.659,107385.001143
1640617200000,38.667,39.163,38.656,39.008,155882.934828
1640620800000,39.005,39.779,38.909,39.6,206597.244986
1640624400000,39.589,40.39,39.431,40.372,173356.593217
1640628000000,40.368,40.844,40,40.727,179698.043965
1640631600000,40.724,40.977,40.421,40.651,133543.77316
1640635200000,40.65,41.037,40.147,40.768,135244.418003
1640638800000,40.757,41.268,40.359,40.464,164257.032069
1640642400000,40.471,40.647,38.843,39.449,130661.590435
1640646000000,39.459,39.732,39,39.205,104630.424135
1640649600000,39.221,39.226,37.95,39.139,227030.236772
1640653200000,39.137,39.813,38.445,39.137,227414.481139
1640656800000,39.11,39.5,38.756,39.026,122926.429518
1640660400000,39.029,39.029,38.159,38.637,170890.230729
1640664000000,38.621,38.621,37.277,37.715,263369.799704
1640667600000,37.713,38.159,37.635,38.077,95089.682895
1640671200000,38.081,38.266,37.795,38.166,107520.994049
1640674800000,38.165,38.291,37.821,38.148,70374.851368
1640678400000,38.151,38.282,37.8,37.941,86336.311366
1640682000000,37.935,38.153,37.65,37.707,81096.647412
1640685600000,37.719,37.965,37.486,37.936,53059.937345
1640689200000,37.936,38.245,37.773,38.173,61060.050045
1640692800000,38.171,38.32,37.825,37.84,72115.058334
1640696400000,37.841,38.276,37.826,37.911,83876.916435
1640700000000,37.908,38.133,37.123,37.772,158968.679815
1640703600000,37.762,38.5,37.385,37.448,123494.98328
1640707200000,37.447,38.345,36.421,37.052,265909.542962
1640710800000,37.055,37.572,36,36.583,232369.43309
1640714400000,36.59,36.624,36.2,36.39,69583.069594
1640718000000,36.399,36.5,35.916,36.392,79437.239275
1640721600000,36.401,36.766,36.244,36.48,62178.355544
1640725200000,36.48,36.487,35.932,35.986,52399.475384
1640728800000,35.98,36.414,35.86,36.357,46507.974025
1640732400000,36.348,36.532,36.2,36.257,51070.503438
1640736000000,36.256,36.47,35.937,36.45,78921.011687
1640739600000,36.442,36.75,36.349,36.464,63659.095074
1640743200000,36.463,36.73,36.305,36.572,46193.633282
1640746800000,36.573,36.75,36.491,36.511,44076.16041
1640750400000,36.513,36.672,36.263,36.27,43283.11766
1640754000000,36.274,36.396,36.035,36.114,47967.154357
1640757600000,36.111,36.233,35.879,36.075,60220.000074
1640761200000,36.075,36.116,35.369,35.594,105969.792768
1640764800000,35.581,36.032,35.553,35.914,58459.792139
1640768400000,35.913,36.1,35.514,35.941,70409.994846
1640772000000,35.939,35.994,35.63,35.758,56621.951269
1640775600000,35.759,35.838,35.55,35.776,42012.637078
1640779200000,35.762,35.826,34.8,34.958,180324.946747
1640782800000,34.947,35.117,34.13,34.913,174891.356266
1640786400000,34.92,35.478,34.875,35.23,116297.833825
1640790000000,35.229,35.348,35.039,35.31,78687.74451
1640793600000,35.309,35.32,34.858,34.972,65191.020703
1640797200000,34.955,35.014,34.652,34.722,59516.198955
1640800800000,34.721,34.983,34.716,34.822,46202.730085
1640804400000,34.819,34.871,34.415,34.472,55798.50159
1640808000000,34.466,34.981,34.402,34.785,46487.860721
1640811600000,34.783,34.808,34.445,34.692,50429.745386
1640815200000,34.682,35.087,34.551,34.817,34597.198021
1640818800000,34.815,34.907,33.88,34.202,153861.522117
1640822400000,34.211,34.296,33.323,34.181,190892.943727
1640826000000,34.197,34.246,33.853,34.106,69541.080293
1640829600000,34.101,34.151,33.781,34.043,67457.290463
1640833200000,34.048,34.087,33.714,33.891,52599.670373
1640836800000,33.871,34.211,33.857,34.085,62956.207253
1640840400000,34.094,34.212,33.97,34.193,54234.104337
1640844000000,34.183,34.821,34.104,34.645,51597.457127
1640847600000,34.646,34.9,34.529,34.697,64325.826582
1640851200000,34.696,34.961,34.438,34.528,63351.089245
1640854800000,34.533,34.833,34.52,34.618,31352.794485
1640858400000,34.625,34.816,34.58,34.816,41828.773694
1640862000000,34.816,35.311,34.661,35.118,78207.260454
1640865600000,35.132,35.851,35.042,35.269,111174.619525
1640869200000,35.283,35.373,34.903,34.92,77763.44842
1640872800000,34.925,35.134,34.719,35.097,73714.888413
1640876400000,35.096,35.212,34.82,34.85,49143.677711
1640880000000,34.858,35.264,34.776,35.189,56949.992786
1640883600000,35.206,35.213,34.94,35.064,46454.924026
1640887200000,35.064,35.145,34.844,35.108,36592.973898
1640890800000,35.115,35.48,35.021,35.125,44615.065681
1640894400000,35.12,35.792,35.016,35.181,87329.257057
1640898000000,35.19,35.327,34.877,35.026,54276.210531
1640901600000,35.031,35.115,34.61,34.778,35844.349835
1640905200000,34.78,35.091,34.673,34.943,64707.913214
1640908800000,34.945,35.107,34.565,34.837,69442.559103
1640912400000,34.837,35.61,34.674,35.254,107004.162062
1640916000000,35.252,35.667,35.066,35.455,80638.12054
1640919600000,35.433,35.718,35.342,35.563,75822.719617
1640923200000,35.57,35.689,35.33,35.343,59022.074296
1640926800000,35.345,35.419,34.968,34.975,81317.463167
1640930400000,34.975,35.124,34.801,35.054,55436.448897
1640934000000,35.048,35.126,34.62,34.908,66962.410807
1640937600000,34.905,35.633,34.809,35.498,148006.853471
1640941200000,35.502,35.645,35.315,35.39,83572.814572
1640944800000,35.393,35.689,35.258,35.358,75469.672005
1640948400000,35.361,35.606,35.338,35.393,52463.545889
1640952000000,35.384,35.409,35.263,35.344,38764.750867
1640955600000,35.338,35.562,35.24,35.382,39364.612045
1640959200000,35.381,35.399,35.219,35.297,37047.079476
1640962800000,35.311,35.36,35.134,35.232,38963.297101
1640966400000,35.224,35.442,34.73,34.819,77611.162072
1640970000000,34.818,34.93,34.3,34.464,107442.360756
1640973600000,34.453,34.532,34.27,34.371,44607.027736
1640977200000,34.37,34.372,33.55,33.617,126784.813539
1640980800000,33.611,35.082,33.51,33.594,78688.446108
1640984400000,33.595,34.123,33.569,34.117,45468.154651
1640988000000,34.121,34.446,34.09,34.29,28339.697727
1640991600000,34.278,34.509,34.194,34.252,31035.715527
1640995200000,34.258,34.8,34.258,34.672,53574.128072
1640998800000,34.671,34.806,34.527,34.624,41666.102292
1641002400000,34.623,34.895,34.616,34.839,33966.927241
1641006000000,34.827,34.9,34.673,34.694,27544.794602
1641009600000,34.696,34.776,34.45,34.48,38305.845518
1641013200000,34.481,35,34.43,34.756,52086.648321
1641016800000,34.762,34.926,34.583,34.615,41485.087528
1641020400000,34.618,34.916,34.59,34.837,32107.707192
1641024000000,34.83,34.94,34.743,34.767,31018.294038
1641027600000,34.767,34.816,34.539,34.653,31701.410809
1641031200000,34.66,34.753,34.3,34.533,47509.955504
1641034800000,34.533,34.672,34.49,34.512,24975.917953
1641038400000,34.518,34.872,34.515,34.838,27957.617795
1641042000000,34.842,34.91,34.747,34.82,29552.257949
1641045600000,34.814,34.937,34.753,34.907,26322.608158
1641049200000,34.905,35.537,34.841,35.383,83507.722903
1641052800000,35.39,35.585,35.257,35.267,55127.026447
1641056400000,35.271,35.607,35.176,35.569,41842.718992
1641060000000,35.565,35.6,35.356,35.425,30647.028584
1641063600000,35.433,35.482,35.261,35.31,26542.331215
1641067200000,35.327,35.551,35.29,35.392,24912.303776
1641070800000,35.398,35.518,35.282,35.333,25198.514123
1641074400000,35.333,35.537,35.285,35.527,20652.932103
1641078000000,35.526,35.966,35.435,35.882,43855.467167
1641081600000,35.884,36.027,35.726,35.888,54471.863832
1641085200000,35.889,36.228,35.666,35.687,48094.614363
1641088800000,35.686,35.754,35.5,35.661,45631.094668
1641092400000,35.657,35.782,35.544,35.629,33713.086155
1641096000000,35.622,35.798,35.267,35.363,50456.007875
1641099600000,35.352,35.54,35.31,35.511,33232.44261
1641103200000,35.5,35.591,35.33,35.353,31655.010667
1641106800000,35.355,35.526,35.33,35.416,33271.424211
1641110400000,35.418,35.62,35.196,35.515,46794.020551
1641114000000,35.515,35.7,35.457,35.578,30782.280794
1641117600000,35.587,35.649,35.44,35.476,18825.138505
1641121200000,35.469,35.643,35.449,35.559,33934.617424
1641124800000,35.56,35.8,35.344,35.69,47813.786905
1641128400000,35.691,35.692,35.513,35.524,29883.823907
1641132000000,35.525,35.795,35.489,35.537,47076.319292
1641135600000,35.545,35.908,35.499,35.729,42802.988246
1641139200000,35.726,36.308,35.725,36.293,73941.836486
1641142800000,36.293,36.499,36.13,36.262,63034.825471
1641146400000,36.262,36.305,35.728,35.925,62788.144799
1641150000000,35.922,36.066,35.816,35.83,31405.016426
1641153600000,35.828,35.942,35.65,35.769,21408.044573
1641157200000,35.77,35.803,35.625,35.657,22400.473037
1641160800000,35.658,35.942,35.658,35.926,16675.76895
1641164400000,35.94,35.973,35.714,35.725,34441.273509
1641168000000,35.713,35.747,35.389,35.402,41882.091314
1641171600000,35.423,35.587,35.256,35.451,79890.217124
1641175200000,35.448,35.483,35.296,35.382,42551.916424
1641178800000,35.387,35.461,34.8,35.046,78762.95574
1641182400000,35.028,35.21,35,35.017,41308.540535
1641186000000,35.017,35.31,34.996,35.244,46947.849193
1641189600000,35.246,35.323,35.067,35.183,44144.39411
1641193200000,35.183,35.239,35.12,35.197,22771.752518
1641196800000,35.198,35.265,35.082,35.183,24375.063802
1641200400000,35.184,35.26,34.915,35.157,31420.905985
1641204000000,35.159,35.423,35.148,35.259,38994.553003
1641207600000,35.272,35.486,35.272,35.446,40284.163776
1641211200000,35.446,35.536,35.237,35.257,43793.548915
1641214800000,35.266,35.391,35.256,35.285,30809.374988
1641218400000,35.292,35.506,35.181,35.285,56323.428173
1641222000000,35.29,35.495,35.13,35.239,48880.546215
1641225600000,35.237,35.294,34.65,34.891,110520.40337
1641229200000,34.89,35.027,34.661,34.862,49641.182829
1641232800000,34.859,34.998,34.767,34.836,39141.524623
1641236400000,34.842,35.027,34.743,34.743,28070.126178
1641240000000,34.739,34.831,34.371,34.654,78430.254304
1641243600000,34.657,34.869,34.57,34.733,39964.905666
1641247200000,34.742,35.127,34.721,34.954,21898.53849
1641250800000,34.963,35.13,34.862,35.096,34077.656831
1641254400000,35.095,35.125,34.701,34.871,54108.684566
1641258000000,34.863,35.085,34.703,34.775,70205.900576
1641261600000,34.771,34.96,34.667,34.751,46037.335432
1641265200000,34.749,35.23,34.444,35.15,93357.85573
1641268800000,35.148,35.196,34.781,34.798,56642.106873
1641272400000,34.791,34.969,34.67,34.854,50521.621813
1641276000000,34.859,34.98,34.753,34.972,39068.488818
1641279600000,34.972,35.036,34.8,35.016,45072.287621
1641283200000,35.021,35.066,34.899,35.014,43070.284245
1641286800000,35.017,35.118,34.753,34.79,59538.75178
1641290400000,34.789,35.173,34.695,35.122,65410.822405
1641294000000,35.135,36.14,35.132,35.913,150782.776305
1641297600000,35.92,36.137,35.639,35.994,114436.214505
1641301200000,35.999,36.65,35.751,36.474,148967.712061
1641304800000,36.491,38.065,36.477,37.46,308204.53869
1641308400000,37.467,38.2,37.31,37.425,229607.960647
1641312000000,37.431,38.027,37.106,37.794,169666.92279
1641315600000,37.777,38.15,37.671,37.671,92434.091657
1641319200000,37.682,38.076,36.429,36.657,164271.211248
1641322800000,36.673,37.192,36.351,36.83,126712.934785
1641326400000,36.824,37.147,36.643,37.016,72742.617799
1641330000000,37.017,37.052,36.704,36.909,52218.390467
1641333600000,36.906,36.918,36.551,36.631,42736.952258
1641337200000,36.631,36.737,36.028,36.138,109794.315875
1641340800000,36.152,36.778,35.868,36.724,130824.612742
1641344400000,36.722,38.109,36.646,37.61,210347.3738
1641348000000,37.624,38.5,37.624,37.922,177239.651635
1641351600000,37.923,38.028,37.605,37.915,99312.480936
1641355200000,37.915,37.98,37.547,37.65,84566.411786
1641358800000,37.649,37.65,37.267,37.369,72929.960005
1641362400000,37.37,37.371,36.71,37.241,124236.329357
1641366000000,37.243,37.349,37,37.269,50670.797715
1641369600000,37.277,37.548,37.007,37.458,67897.399156
1641373200000,37.456,37.658,37.335,37.54,61685.573365
1641376800000,37.536,37.672,37.281,37.421,60243.386818
1641380400000,37.421,37.44,36.706,36.954,96626.680555
1641384000000,36.954,37.074,36.4,36.796,116022.593417
1641387600000,36.795,37.203,36.722,37.085,83489.859893
1641391200000,37.083,37.267,36.725,37.13,102719.73404
1641394800000,37.13,37.235,36.85,37.127,62551.514519
1641398400000,37.129,37.183,36.666,36.754,57616.167162
1641402000000,36.739,36.973,36.26,36.264,72254.302325
1641405600000,36.261,36.8,36.012,36.475,109254.98661
1641409200000,36.477,36.596,34.73,34.98,291048.765758
1641412800000,34.988,35.149,34.11,34.451,220339.617152
1641416400000,34.466,34.837,34.1,34.172,116395.649971
1641420000000,34.158,34.299,31.068,33.216,367926.428051
1641423600000,33.217,33.509,32.922,33.143,155706.970458
1641427200000,33.149,33.469,32.957,33.408,137486.607781
1641430800000,33.408,33.499,32.964,33.244,109337.156421
1641434400000,33.24,33.282,32.862,32.973,99686.809315
1641438000000,32.98,33.154,32.4,32.496,120043.780668
1641441600000,32.496,32.947,32.233,32.681,129645.318749
1641445200000,32.708,33.012,32.551,32.841,87361.936917
1641448800000,32.852,32.921,32.529,32.779,75821.600317
1641452400000,32.778,33.04,32.602,32.925,78568.559022
1641456000000,32.926,32.952,32.311,32.644,93028.975137
1641459600000,32.647,32.681,32.061,32.221,118406.448473
1641463200000,32.212,32.667,32.212,32.516,85390.41141
1641466800000,32.54,32.583,32.177,32.386,64146.003232
1641470400000,32.383,32.586,32.13,32.583,67450.492407
1641474000000,32.588,32.776,32.451,32.712,73069.3812
1641477600000,32.721,32.941,32.47,32.551,91361.605285
1641481200000,32.549,32.769,32.363,32.698,76278.006835
1641484800000,32.706,32.96,32.584,32.854,75209.385725
1641488400000,32.852,33,32.725,32.895,35154.290914
1641492000000,32.907,33.389,32.875,33.344,50067.874509
1641495600000,33.355,33.355,33.091,33.123,51295.333828
1641499200000,33.129,33.279,32.838,32.941,42640.081804
1641502800000,32.958,33.068,32.786,32.986,33889.568908
1641506400000,32.991,33.165,32.93,33.084,25571.217251
1641510000000,33.082,33.2,32.901,32.986,42379.15651
1641513600000,32.975,33.052,32.589,32.661,69992.423118
1641517200000,32.671,32.924,32.595,32.802,43595.977752
1641520800000,32.806,32.837,32.43,32.484,47854.380084
1641524400000,32.489,32.625,31.096,31.393,216511.018375
1641528000000,31.405,31.548,29.75,30.837,335295.890962
1641531600000,30.835,31.073,30.65,30.909,95810.612603
1641535200000,30.907,30.975,30.315,30.531,109676.37857
1641538800000,30.537,30.778,30.168,30.63,105176.012653
1641542400000,30.631,31.595,30.55,31.095,132428.252327
1641546000000,31.08,31.453,31.043,31.327,71855.748595
1641549600000,31.352,31.457,31.051,31.053,47262.889377
1641553200000,31.074,31.36,31.059,31.216,48161.542717
1641556800000,31.233,31.533,31.232,31.303,51251.500703
1641560400000,31.323,31.595,30.12,30.786,172970.796705
1641564000000,30.796,31.475,30.715,31.327,94709.548869
1641567600000,31.332,31.334,30.266,30.869,168723.913981
1641571200000,30.863,31.666,30.453,31.542,191371.202888
1641574800000,31.534,32.352,31.371,31.676,144480.04773
1641578400000,31.661,31.712,31.118,31.334,71259.40536
1641582000000,31.344,31.6,31.152,31.481,52488.808773
1641585600000,31.5,31.704,31.313,31.619,41023.527977
1641589200000,31.628,31.832,31.614,31.678,27773.177489
1641592800000,31.67,31.67,31.142,31.397,23245.631453
1641596400000,31.386,31.601,31.313,31.548,37636.667015
1641600000000,31.547,32.137,31.434,32.029,60215.601676
1641603600000,32.02,32.196,31.8,31.821,67330.123421
1641607200000,31.817,31.906,31.539,31.706,55256.961214
1641610800000,31.71,31.769,31.4,31.678,50591.124997
1641614400000,31.682,31.954,31.661,31.81,57258.168897
1641618000000,31.819,31.883,31.692,31.853,32626.088993
1641621600000,31.853,31.861,31.551,31.856,28870.931025
1641625200000,31.841,31.887,31.698,31.794,34012.97011
1641628800000,31.796,31.925,31.626,31.659,47243.014869
1641632400000,31.676,31.814,31.588,31.812,32332.778965
1641636000000,31.804,31.815,31.419,31.534,35602.073164
1641639600000,31.541,31.571,31.425,31.513,35481.758984
1641643200000,31.515,31.665,31.37,31.486,37130.214012
1641646800000,31.486,31.57,31.301,31.442,45878.357253
1641650400000,31.443,31.531,31.111,31.134,44801.533842
1641654000000,31.131,31.195,30.628,30.908,112449.94629
1641657600000,30.9,31.085,30.615,30.659,89406.626768
1641661200000,30.661,30.736,29.721,29.785,131120.798073
1641664800000,29.783,30.023,28.3,28.809,298329.680733
1641668400000,28.804,29.308,28.646,29.033,149410.636074
1641672000000,29.026,29.178,28.697,28.793,88139.646035
1641675600000,28.804,29.612,28.755,29.446,98858.144581
1641679200000,29.448,30.063,29.415,29.759,62432.20587
1641682800000,29.749,29.772,29.405,29.465,54867.068789
1641686400000,29.464,29.84,29.269,29.735,81699.470469
1641690000000,29.72,29.873,29.563,29.776,62336.684249
1641693600000,29.772,30.128,29.721,30.052,68339.905303
1641697200000,30.04,30.04,29.735,29.787,58877.065486
1641700800000,29.786,30.174,29.786,30.15,41835.52552
1641704400000,30.147,30.225,29.827,29.913,46180.625453
1641708000000,29.906,30.196,29.823,30.079,51675.629228
1641711600000,30.075,30.11,29.921,29.928,30035.158041
1641715200000,29.928,30.049,29.714,29.864,55855.625281
1641718800000,29.854,29.938,29.7,29.75,52933.245047
1641722400000,29.733,30.088,29.622,29.941,51994.400932
1641726000000,29.945,30.199,29.945,30.18,72562.699294
1641729600000,30.173,30.3,29.981,30.006,44244.646734
1641733200000,30.006,30.176,29.755,29.755,56207.54964
1641736800000,29.762,29.98,29.723,29.758,46556.780597
1641740400000,29.75,29.832,29.439,29.788,75675.798788
1641744000000,29.795,30.392,29.743,30.384,66500.928013
1641747600000,30.391,30.775,30.231,30.457,105732.008018
1641751200000,30.458,30.961,30.367,30.589,83970.938056
1641754800000,30.59,31.068,30.434,30.752,94938.99686
1641758400000,30.771,30.835,30.626,30.647,33087.769347
1641762000000,30.646,30.676,30.312,30.362,41307.772678
1641765600000,30.362,30.551,30.232,30.333,22728.447343
1641769200000,30.35,30.392,30.113,30.209,45681.859592
1641772800000,30.206,30.379,29.929,29.965,73896.886432
1641776400000,29.969,30.1,29.82,30,48253.184418
1641780000000,30,30.048,29.778,29.851,51148.289447
1641783600000,29.85,29.966,29.793,29.911,39577.879857
1641787200000,29.906,30.114,29.82,30.073,47818.679733
1641790800000,30.08,30.097,29.912,30.019,35872.778741
1641794400000,30.015,30.015,29.741,29.76,63078.345304
1641798000000,29.759,29.923,29.726,29.866,50593.485682
1641801600000,29.886,29.933,29.552,29.742,55450.915886
1641805200000,29.753,29.884,29.66,29.716,43676.446922
1641808800000,29.716,29.797,29.476,29.505,52449.027398
1641812400000,29.508,29.524,28.92,29.085,128138.977931
1641816000000,29.085,29.183,28.748,28.815,196526.358088
1641819600000,28.806,28.996,28.458,28.509,140859.459187
1641823200000,28.488,28.562,26.31,27.838,632298.60683
1641826800000,27.829,27.956,27.518,27.773,194418.571166
1641830400000,27.78,28.5,27.655,28.432,195089.498061
1641834000000,28.428,28.529,27.366,27.684,244300.197385
1641837600000,27.692,27.939,27.624,27.84,79235.956667
1641841200000,27.845,27.967,27.611,27.748,60028.575984
1641844800000,27.772,28.219,27.566,28.114,75808.603088
1641848400000,28.12,28.225,27.964,28.097,55257.484876
1641852000000,28.084,28.177,27.911,27.983,35413.348263
1641855600000,27.985,28.187,27.864,28.117,45373.78162
1641859200000,28.12,28.171,27.818,27.827,59471.349027
1641862800000,27.84,28.172,27.792,28.1,51619.706467
1641866400000,28.1,28.55,28.025,28.366,85707.958947
1641870000000,28.367,28.478,28.284,28.451,48995.226597
1641873600000,28.449,28.62,28.2,28.326,52437.610563
1641877200000,28.32,28.333,28.123,28.169,39439.602217
1641880800000,28.17,28.337,28.132,28.255,56868.485606
1641884400000,28.255,28.399,28.167,28.336,49264.128096
1641888000000,28.346,28.564,28.181,28.255,93056.200752
1641891600000,28.279,28.394,28.146,28.227,58707.51883
1641895200000,28.227,28.324,27.994,28.052,72711.900352
1641898800000,28.057,28.355,28.037,28.313,56454.779574
1641902400000,28.307,28.731,28.263,28.594,73826.607773
1641906000000,28.599,28.85,28.331,28.474,106802.923032
1641909600000,28.473,28.511,28.018,28.292,102784.722691
1641913200000,28.293,28.565,28.171,28.353,101593.210178
1641916800000,28.353,29.113,28.332,28.945,170785.588858
1641920400000,28.946,29.26,28.684,28.856,100893.00451
1641924000000,28.851,28.966,28.704,28.934,39608.587943
1641927600000,28.937,29.023,28.801,28.935,39413.848425
1641931200000,28.951,28.963,28.783,28.896,39492.815438
1641934800000,28.894,28.984,28.793,28.886,25560.920717
1641938400000,28.888,28.966,28.822,28.954,23855.334256
1641942000000,28.952,29.044,28.837,28.892,53749.61153
1641945600000,28.89,29.186,28.862,28.932,56002.99905
1641949200000,28.925,29,28.831,28.958,40297.66204
1641952800000,28.955,29.094,28.812,29.029,64484.051644
1641956400000,29.021,29.041,28.942,28.988,28130.2382
1641960000000,28.992,29.075,28.86,28.925,32694.109945
1641963600000,28.924,28.943,28.821,28.846,41155.675295
1641967200000,28.844,28.912,28.689,28.756,56403.655217
1641970800000,28.755,28.755,28.481,28.578,57086.662745
1641974400000,28.574,28.771,28.503,28.672,57423.785253
1641978000000,28.671,29.35,28.665,29.157,99608.450709
1641981600000,29.161,29.276,29.062,29.223,50875.030483
1641985200000,29.211,29.807,29.151,29.433,135209.254709
1641988800000,29.439,29.914,29.402,29.861,97091.990217
1641992400000,29.861,30.527,29.592,30.433,189622.205856
1641996000000,30.432,30.468,30.159,30.418,115672.23043
1641999600000,30.435,30.503,30.077,30.197,125366.582497
1642003200000,30.2,30.907,30.146,30.749,162203.859688
1642006800000,30.751,30.751,30.499,30.562,69841.431508
1642010400000,30.572,30.582,30.326,30.371,54246.574182
1642014000000,30.37,30.451,30.275,30.407,37445.301367
1642017600000,30.404,30.462,30.293,30.357,27987.831631
1642021200000,30.361,30.567,30.335,30.361,35562.467184
1642024800000,30.361,30.71,30.324,30.553,30089.833818
1642028400000,30.556,30.79,30.547,30.769,44029.271149
1642032000000,30.774,30.85,30.311,30.385,86489.55921
1642035600000,30.385,30.454,30.132,30.322,73393.299804
1642039200000,30.32,30.349,30.144,30.182,53615.626596
1642042800000,30.191,30.294,30.064,30.182,69657.738842
1642046400000,30.173,30.499,30.157,30.355,58585.463223
1642050000000,30.347,30.436,30.21,30.219,43251.551841
1642053600000,30.219,30.339,30.214,30.295,38354.643241
1642057200000,30.283,30.37,30.14,30.184,56647.729902
1642060800000,30.184,30.439,30.127,30.431,57893.017465
1642064400000,30.44,30.449,30.28,30.35,28303.530189
1642068000000,30.362,30.505,30.326,30.341,50486.56775
1642071600000,30.338,30.373,29.854,29.93,111208.806979
1642075200000,29.925,30.215,29.914,30.202,43766.117555
1642078800000,30.201,30.328,30.104,30.265,54949.746099
1642082400000,30.264,30.559,30.187,30.351,110404.62586
1642086000000,30.354,30.383,29.062,29.372,263416.712576
1642089600000,29.358,29.603,29.243,29.263,104098.775538
1642093200000,29.247,29.31,28.666,29.039,116215.071868
1642096800000,29.035,29.158,28.941,29.026,35724.646176
1642100400000,29.025,29.178,28.818,29.086,46283.417889
1642104000000,29.082,29.13,28.753,29.13,54927.070672
1642107600000,29.132,29.154,28.894,28.902,34621.613353
1642111200000,28.907,28.937,28.536,28.75,43366.980482
1642114800000,28.747,28.793,28.402,28.522,78950.928592
1642118400000,28.515,28.848,28.249,28.754,110398.570945
1642122000000,28.762,28.773,28.592,28.718,65439.238281
1642125600000,28.705,28.888,28.565,28.804,54076.496625
1642129200000,28.802,28.987,28.685,28.859,67892.199526
1642132800000,28.854,29.108,28.809,28.906,71158.434943
1642136400000,28.907,29.268,28.85,29.223,80067.340547
1642140000000,29.228,29.404,29.133,29.163,97895.809281
1642143600000,29.164,29.303,28.95,29.056,72467.542036
1642147200000,29.06,29.081,28.52,28.918,105395.658159
1642150800000,28.928,29.049,28.866,28.869,48941.180985
1642154400000,28.871,28.955,28.345,28.443,111829.059765
1642158000000,28.433,28.517,28.024,28.28,123222.39593
1642161600000,28.28,28.699,28.109,28.511,80368.819329
1642165200000,28.503,28.8,28.475,28.64,69401.674621
1642168800000,28.643,29.515,28.57,29.321,118318.148573
1642172400000,29.326,29.542,29.25,29.453,93143.485412
1642176000000,29.447,29.67,29.267,29.61,71133.214372
1642179600000,29.604,29.615,29.277,29.326,39987.595302
1642183200000,29.326,29.416,29.228,29.376,34520.56559
1642186800000,29.386,29.571,29.342,29.429,34819.388679
1642190400000,29.43,29.51,29.364,29.413,28868.763675
1642194000000,29.412,29.536,29.38,29.461,27964.716126
1642197600000,29.46,29.658,29.446,29.558,28185.669814
1642201200000,29.559,29.868,29.461,29.706,55535.818482
1642204800000,29.706,29.997,29.559,29.945,74509.911016
1642208400000,29.947,30.01,29.737,29.896,60575.116596
1642212000000,29.899,29.986,29.805,29.924,50117.269229
1642215600000,29.93,29.998,29.744,29.769,46992.239261
1642219200000,29.763,29.763,29.513,29.698,70748.434496
1642222800000,29.7,30.068,29.631,29.921,58970.500863
1642226400000,29.922,30,29.8,29.989,60654.791817
1642230000000,29.989,30.143,29.725,29.885,53490.472435
1642233600000,29.878,29.908,29.658,29.699,39282.483758
1642237200000,29.693,29.853,29.66,29.817,28342.703873
1642240800000,29.799,29.96,29.779,29.862,36553.528664
1642244400000,29.863,30,29.825,29.894,26501.618178
1642248000000,29.895,29.913,29.309,29.55,100911.379401
1642251600000,29.538,29.789,29.422,29.771,71069.608716
1642255200000,29.778,30,29.629,29.92,71120.520687
1642258800000,29.919,30.066,29.856,30.031,57006.257792
1642262400000,30.034,30.59,29.961,30.429,105947.487333
1642266000000,30.428,30.518,30.192,30.214,80918.544438
1642269600000,30.239,30.31,30.124,30.2,34285.362806
1642273200000,30.204,30.286,30.166,30.252,17674.399124
1642276800000,30.26,30.309,30.045,30.081,34879.945143
1642280400000,30.08,30.124,29.872,29.961,39358.58295
1642284000000,29.982,30.054,29.906,29.914,15257.835278
1642287600000,29.913,30.017,29.644,29.652,49335.988482
1642291200000,29.645,29.786,29.644,29.756,48001.570562
1642294800000,29.765,30.141,29.754,30.006,41946.985476
1642298400000,30.001,30.39,29.779,29.881,110442.405152
1642302000000,29.874,30.023,29.782,29.95,61127.392192
1642305600000,29.944,30.072,29.872,29.974,33030.626505
1642309200000,29.982,30.017,29.801,29.806,25519.696947
1642312800000,29.805,30.037,29.76,30.035,29305.357898
1642316400000,30.025,30.166,29.951,30.166,36781.065822
1642320000000,30.17,30.339,30.101,30.162,53695.270359
1642323600000,30.165,30.28,30.086,30.112,56978.060642
1642327200000,30.113,30.174,29.857,29.87,42747.067257
1642330800000,29.869,30.055,29.776,29.934,52189.400997
1642334400000,29.938,30.147,29.923,30.065,35822.772476
1642338000000,30.057,30.138,29.6,30.08,108910.703553
1642341600000,30.08,30.311,29.965,30.227,98872.479608
1642345200000,30.23,31.5,30.166,31.052,322045.385912
1642348800000,31.063,31.38,31.063,31.102,141607.554556
1642352400000,31.103,31.157,30.715,30.756,65259.629142
1642356000000,30.769,30.838,30.666,30.755,41782.273263
1642359600000,30.743,30.752,30.425,30.45,48225.308639
1642363200000,30.448,30.538,30.351,30.452,40762.101224
1642366800000,30.454,30.513,30.375,30.446,28143.897802
1642370400000,30.445,30.712,30.444,30.594,26986.958447
1642374000000,30.59,30.609,30.367,30.387,49400.336655
1642377600000,30.387,30.463,30.038,30.081,97694.648132
1642381200000,30.081,30.124,29.851,29.96,73971.62547
1642384800000,29.952,29.97,29.75,29.851,69037.18702
1642388400000,29.856,29.942,29.506,29.577,114553.941272
1642392000000,29.566,29.749,29.414,29.44,93576.194947
1642395600000,29.435,29.547,29.13,29.5,104285.113926
1642399200000,29.503,29.615,29.44,29.555,65932.368706
1642402800000,29.551,29.662,29.516,29.536,36743.146509
1642406400000,29.533,29.612,29.367,29.546,75092.400385
1642410000000,29.545,29.64,29.478,29.555,52377.932906
1642413600000,29.554,29.626,29.364,29.57,55138.358439
1642417200000,29.568,29.62,29.397,29.424,40624.514958
1642420800000,29.419,29.459,29.05,29.386,120683.957046
1642424400000,29.385,29.585,29.38,29.537,67925.708249
1642428000000,29.54,29.613,29.382,29.403,53884.347241
1642431600000,29.403,29.424,29.111,29.209,71017.00107
1642435200000,29.205,29.314,28.741,29.075,125171.073683
1642438800000,29.083,29.165,28.851,29.099,63771.877596
1642442400000,29.095,29.211,28.917,29.188,44750.40403
1642446000000,29.186,29.223,29.07,29.109,27091.308647
1642449600000,29.103,29.116,28.978,29.033,36968.321315
1642453200000,29.043,29.13,28.642,28.709,76885.380591
1642456800000,28.709,29.074,28.529,28.889,56971.453719
1642460400000,28.89,29.06,28.843,28.978,40888.590219
1642464000000,28.985,29.258,28.912,29.208,57447.002045
1642467600000,29.223,29.35,29.151,29.261,58058.725217
1642471200000,29.277,29.307,29.137,29.232,52143.95505
1642474800000,29.238,29.27,28.692,28.819,81260.398329
1642478400000,28.809,28.951,28.446,28.627,110080.561436
1642482000000,28.631,28.73,28.57,28.649,31881.984805
1642485600000,28.657,29.047,28.657,28.947,76220.152363
1642489200000,28.939,28.973,28.647,28.764,41328.625186
1642492800000,28.762,28.782,27.873,27.958,161549.972473
1642496400000,27.957,28.2,27.7,28.034,126105.144214
1642500000000,28.034,28.208,27.951,28.064,46998.824799
1642503600000,28.064,28.2,28.009,28.181,55636.605502
1642507200000,28.181,28.263,27.874,28.076,75121.376069
1642510800000,28.077,28.1,27.666,27.897,72898.633428
1642514400000,27.904,28.024,27.716,27.853,115469.398857
1642518000000,27.856,28.1,27.736,27.972,77708.437729
1642521600000,27.961,28.116,27.847,27.99,51752.601247
1642525200000,27.991,28.024,27.8,27.809,29792.19372
1642528800000,27.8,27.931,27.708,27.862,35663.305223
1642532400000,27.868,28.076,27.861,27.987,25373.393911
1642536000000,27.99,28.095,27.9,28.095,26070.216962
1642539600000,28.097,28.524,28.029,28.484,55115.578256
1642543200000,28.485,28.794,28.393,28.687,38861.032575
1642546800000,28.688,28.721,28.48,28.481,42383.778128
1642550400000,28.48,28.609,28.344,28.38,59981.762471
1642554000000,28.39,28.633,28.39,28.616,38986.541651
1642557600000,28.614,28.716,28.46,28.527,42164.015022
1642561200000,28.526,28.53,27.751,28.014,129751.174842
1642564800000,28.017,28.327,27.92,28.258,76341.798617
1642568400000,28.258,28.354,28.125,28.332,53200.959359
1642572000000,28.33,28.379,28.026,28.079,40700.465782
1642575600000,28.075,28.075,27.207,27.402,191912.650062
1642579200000,27.401,27.46,27.227,27.366,89652.845694
1642582800000,27.363,27.631,27.322,27.583,51338.950833
1642586400000,27.582,27.621,27.385,27.548,58827.415352
1642590000000,27.552,28.076,27.536,28.003,83354.348102
1642593600000,28.007,28.216,27.99,28.021,66133.476481
1642597200000,28.034,28.216,28.016,28.083,56543.0375
1642600800000,28.09,28.287,27.946,28.258,107755.241588
1642604400000,28.269,28.277,27.836,27.964,82223.456072
1642608000000,27.958,28.019,27.67,27.814,74050.623231
1642611600000,27.808,28.052,27.808,28.052,50283.026916
1642615200000,28.052,28.106,27.852,27.97,36021.126865
1642618800000,27.966,28.108,27.801,28.081,31841.947095
1642622400000,28.07,28.125,27.873,27.911,32981.50026
1642626000000,27.918,28.056,27.866,27.878,30207.552192
1642629600000,27.878,27.908,27.754,27.889,18811.309096
1642633200000,27.885,27.885,27.57,27.611,29576.303949
1642636800000,27.611,27.837,27.548,27.737,52757.750091
1642640400000,27.743,27.793,27.432,27.609,49777.420595
1642644000000,27.627,27.88,27.627,27.725,46843.912315
1642647600000,27.728,28.045,27.709,27.953,42426.892721
1642651200000,27.956,28.096,27.938,28.062,40563.883843
1642654800000,28.059,28.065,27.874,27.962,46152.786207
1642658400000,27.954,28.107,27.945,28.016,37566.933619
1642662000000,28.016,28.138,27.961,28.057,34732.051394
1642665600000,28.064,28.078,27.919,27.987,38960.206759
1642669200000,27.988,28.032,27.809,27.973,21022.31525
1642672800000,27.974,28.073,27.948,27.989,30662.175158
1642676400000,27.997,28.078,27.906,27.936,31064.221676
1642680000000,27.931,27.931,27.813,27.912,39237.629244
1642683600000,27.911,28.225,27.82,28.191,66912.746287
1642687200000,28.191,28.438,28.14,28.412,102622.426616
1642690800000,28.412,28.686,28.39,28.561,105161.420465
1642694400000,28.565,28.686,28.41,28.474,72702.510446
1642698000000,28.474,28.492,28.3,28.322,32112.728308
1642701600000,28.32,28.345,28.174,28.182,26069.039073
1642705200000,28.182,28.328,28.067,28.14,47737.617735
1642708800000,28.141,28.18,27.83,27.898,68659.780634
1642712400000,27.9,27.91,26.524,26.543,217645.732381
1642716000000,26.536,26.949,26.208,26.627,187915.59409
1642719600000,26.623,26.653,26.01,26.196,115733.873838
1642723200000,26.191,26.582,26.012,26.401,141734.132395
1642726800000,26.397,26.406,24.766,25.048,299802.017829
1642730400000,25.053,25.623,24.965,25.294,168993.772147
1642734000000,25.283,25.365,24.635,25.096,213451.686056
1642737600000,25.088,25.435,25.085,25.232,78414.278981
1642741200000,25.238,25.272,25.089,25.165,49760.327698
1642744800000,25.163,25.197,24.9,24.972,73428.836847
1642748400000,24.95,25.347,24.844,25.316,69175.720593
1642752000000,25.302,25.363,25.173,25.272,56332.529612
1642755600000,25.278,25.299,25.016,25.064,53475.07972
1642759200000,25.063,25.299,25.019,25.257,49587.490169
1642762800000,25.254,25.344,25.072,25.156,71212.292696
1642766400000,25.167,25.21,23.73,24.393,288731.889395
1642770000000,24.397,24.613,24.176,24.423,130283.609606
1642773600000,24.422,24.558,24.07,24.285,118022.747185
1642777200000,24.276,24.731,24.127,24.583,112454.160377
1642780800000,24.607,24.773,24.412,24.551,74868.764987
1642784400000,24.544,24.627,24.193,24.305,67302.583297
1642788000000,24.304,24.538,24.055,24.247,77102.45282
1642791600000,24.25,24.4,24.014,24.045,55102.885923
1642795200000,24.053,24.201,23.454,23.964,149562.050427
1642798800000,23.974,24.275,21.1,22.08,532076.264004
1642802400000,22.082,22.416,21.266,21.869,212116.670693
1642806000000,21.875,22.239,21.38,21.947,215950.047333
1642809600000,21.948,22.434,21.73,22.246,179149.905924
1642813200000,22.252,22.423,22.023,22.356,139760.067924
1642816800000,22.354,22.638,22.21,22.304,148921.405453
1642820400000,22.302,22.543,21.9,22.108,170418.740931
1642824000000,22.109,22.2,21.853,21.949,103635.628279
1642827600000,21.936,22.065,21.067,21.212,185729.941038
1642831200000,21.216,21.45,20.681,21.008,265168.059033
1642834800000,21.014,21.192,20.001,20.278,369773.389011
1642838400000,20.283,20.795,20.275,20.406,162668.760768
1642842000000,20.401,20.6,18.681,18.958,436537.491991
1642845600000,18.951,19.8,16.944,19.346,1063959.506529
1642849200000,19.348,19.53,18.687,19.179,420946.201609
1642852800000,19.167,19.681,19.063,19.645,233670.599574
1642856400000,19.637,19.936,19.45,19.537,242620.798714
1642860000000,19.54,19.567,18.843,18.866,228783.813292
1642863600000,18.862,19.068,18.397,18.488,236890.477034
1642867200000,18.49,19.235,18.216,18.832,285505.511788
1642870800000,18.829,18.985,18.448,18.677,191261.78366
1642874400000,18.69,18.897,18.243,18.378,186430.291641
1642878000000,18.382,18.943,18.247,18.603,156292.843013
1642881600000,18.601,19.55,18.488,19.282,221946.50094
1642885200000,19.272,19.382,19.029,19.164,109461.210794
1642888800000,19.169,19.178,18.66,18.729,62345.486093
1642892400000,18.723,19.025,18.6,19.008,85505.61972
1642896000000,19.002,19.512,18.809,19.442,167843.174586
1642899600000,19.437,19.49,19.304,19.321,116012.58362
1642903200000,19.329,19.339,18.862,18.874,109974.373869
1642906800000,18.876,19.146,18.808,19.097,101985.532955
1642910400000,19.094,19.3,19.008,19.141,91633.162387
1642914000000,19.142,19.54,18.903,19.456,120002.957207
1642917600000,19.449,19.501,19.214,19.345,101201.918268
1642921200000,19.344,19.772,19.3,19.735,161827.728381
1642924800000,19.721,19.939,19.54,19.939,139433.55127
1642928400000,19.95,20.25,19.853,20.031,137940.051278
1642932000000,20.037,20.042,19.692,19.862,122836.704874
1642935600000,19.863,19.867,19.551,19.601,85570.261036
1642939200000,19.603,19.638,19.432,19.592,100551.780612
1642942800000,19.589,19.763,19.516,19.735,73234.809327
1642946400000,19.737,19.836,18.75,19.252,184200.225106
1642950000000,19.253,19.3,19,19.234,95420.39214
1642953600000,19.235,19.445,19.085,19.159,89822.109376
1642957200000,19.156,19.31,19.125,19.197,53977.152336
1642960800000,19.195,19.251,18.788,18.84,105842.205964
1642964400000,18.835,18.931,18.34,18.505,150853.130147
1642968000000,18.503,18.836,18.383,18.737,115054.767878
1642971600000,18.735,18.858,18.54,18.65,69840.45364
1642975200000,18.647,18.799,18.581,18.775,44226.594258
1642978800000,18.775,19.625,18.688,19.488,191850.624119
1642982400000,19.487,19.49,19.146,19.184,93757.90583
1642986000000,19.181,19.299,18.836,18.874,75492.902346
1642989600000,18.875,18.928,18.636,18.671,94364.100724
1642993200000,18.676,18.874,18.645,18.819,67086.057689
1642996800000,18.815,18.913,18.327,18.4,94461.588565
1643000400000,18.4,18.545,18.224,18.5,157058.962967
1643004000000,18.5,18.676,18.376,18.554,97355.297495
1643007600000,18.553,18.553,18,18.108,245920.095663
1643011200000,18.108,18.6,18.01,18.156,179292.154748
1643014800000,18.15,18.255,17.684,17.782,309002.65525
1643018400000,17.785,17.846,16.98,17,385968.85232
1643022000000,17.007,17.8,16.94,17.368,246281.312359
1643025600000,17.372,17.519,16.85,17.033,209835.046573
1643029200000,17.032,17.42,16.872,16.975,250132.961656
1643032800000,16.965,17.792,16.83,17.402,243397.817907
1643036400000,17.406,17.977,17.033,17.785,240775.971879
1643040000000,17.798,17.922,17.303,17.599,203969.96281
1643043600000,17.595,18.153,17.258,17.955,201323.712226
1643047200000,17.952,18.17,17.822,18.018,171398.145566
1643050800000,18.019,18.083,17.797,18.054,104278.961997
1643054400000,18.044,18.722,17.938,18.574,152168.641714
1643058000000,18.566,18.566,18.281,18.322,96224.800578
1643061600000,18.316,18.403,18.157,18.192,61267.782526
1643065200000,18.192,18.476,18.191,18.43,99302.419628
1643068800000,18.413,18.436,18.02,18.062,119771.596072
1643072400000,18.067,18.228,18.052,18.1,92089.058841
1643076000000,18.104,18.178,17.924,18.136,96247.44626
1643079600000,18.136,18.242,18.002,18.204,78181.654968
1643083200000,18.205,18.25,17.814,17.849,99504.694401
1643086800000,17.849,17.96,17.772,17.938,80621.729975
1643090400000,17.936,17.995,17.815,17.824,69396.758284
1643094000000,17.824,18.03,17.704,18.027,77972.741322
1643097600000,18.008,18.203,17.906,17.982,107141.461987
1643101200000,17.981,18.23,17.92,18.159,82831.944993
1643104800000,18.17,18.418,18.072,18.17,94163.12309
1643108400000,18.17,18.25,17.93,18.04,96953.324097
1643112000000,18.046,18.38,17.967,18.186,92307.770087
1643115600000,18.191,18.219,17.951,18.192,108675.094375
1643119200000,18.188,18.42,17.925,17.961,181514.070885
1643122800000,17.963,18.261,17.804,18.159,127360.908085
1643126400000,18.158,18.355,18.133,18.253,125837.935711
1643130000000,18.249,18.537,18.222,18.413,96541.248833
1643133600000,18.411,18.491,18.289,18.479,69437.359258
1643137200000,18.473,18.483,18.194,18.246,60303.47891
1643140800000,18.249,18.254,18.027,18.113,75652.523672
1643144400000,18.12,18.12,17.811,17.885,94839.356419
1643148000000,17.895,18.094,17.889,18.093,41194.4363
1643151600000,18.093,18.252,18.032,18.156,60066.786308
1643155200000,18.159,18.263,18,18.12,97807.823223
1643158800000,18.116,18.248,18.049,18.216,74947.743405
1643162400000,18.226,18.476,18.217,18.249,100009.056725
1643166000000,18.246,18.588,18.246,18.542,86556.78752
1643169600000,18.541,18.666,18.441,18.662,75150.421552
1643173200000,18.663,18.666,18.419,18.455,104289.16722
1643176800000,18.455,18.538,18.308,18.348,64793.444989
1643180400000,18.349,18.355,18.265,18.321,170850.331352
1643184000000,18.317,18.568,18.317,18.496,68660.70383
1643187600000,18.497,18.665,18.388,18.445,95145.50271
1643191200000,18.445,18.674,18.334,18.597,65479.950612
1643194800000,18.598,18.723,18.52,18.693,76269.797243
1643198400000,18.692,18.705,18.573,18.612,55580.997404
1643202000000,18.613,19.55,18.55,19.289,276094.23937
1643205600000,19.291,19.455,19.212,19.388,162893.866474
1643209200000,19.393,19.47,18.888,19.155,154978.246592
1643212800000,19.155,19.307,19.135,19.263,96606.673598
1643216400000,19.258,19.368,19.078,19.121,62867.756234
1643220000000,19.122,19.283,18.62,19.081,143159.916802
1643223600000,19.082,20.445,19.059,19.549,525192.334766
1643227200000,19.56,19.641,18.924,19.568,209772.765331
1643230800000,19.568,20,18.8,18.85,177629.120972
1643234400000,18.841,19.264,18.775,19.208,102928.715259
1643238000000,19.218,19.487,19.197,19.273,108603.681169
1643241600000,19.273,19.5,19.021,19.45,129087.751857
1643245200000,19.452,19.452,18.433,18.505,201900.624878
1643248800000,18.502,18.605,18.243,18.386,186935.444642
1643252400000,18.384,18.551,18.09,18.216,177053.787135
1643256000000,18.224,18.351,18.115,18.264,110152.438232
1643259600000,18.267,18.4,18.221,18.306,91931.589728
1643263200000,18.306,18.472,18.243,18.456,63555.633655
1643266800000,18.456,18.6,18.392,18.439,71050.942254
1643270400000,18.452,18.788,18.351,18.734,108952.724163
1643274000000,18.734,18.833,18.619,18.754,81835.563253
1643277600000,18.752,18.839,18.538,18.618,63498.06504
1643281200000,18.623,19.231,18.623,19.217,119573.431314
1643284800000,19.226,19.364,18.999,19.243,124552.401543
1643288400000,19.247,19.499,19.193,19.491,147244.964296
1643292000000,19.491,19.946,19.461,19.836,217488.024919
1643295600000,19.849,19.969,19.48,19.541,158909.160789
1643299200000,19.555,19.765,19.397,19.542,118814.870888
1643302800000,19.542,19.585,19.12,19.158,104814.899416
1643306400000,19.164,19.301,18.87,19.256,93307.319597
1643310000000,19.252,19.312,18.69,18.809,101026.424364
1643313600000,18.808,19.003,18.424,18.442,151258.865726
1643317200000,18.444,18.771,18.34,18.64,120404.219511
1643320800000,18.643,18.902,18.436,18.792,100687.84802
1643324400000,18.807,19.313,18.743,19.201,106129.825187
1643328000000,19.206,19.327,18.968,19.238,103427.368559
1643331600000,19.24,19.418,18.969,19.178,112460.982155
1643335200000,19.171,19.244,18.983,19.076,106630.821281
1643338800000,19.069,19.268,18.844,19.13,171536.817896
1643342400000,19.135,19.186,18.93,19.054,79385.60346
1643346000000,19.052,19.22,19.032,19.158,63240.443249
1643349600000,19.157,19.492,19.062,19.07,106890.132547
1643353200000,19.067,19.272,18.95,19.018,94969.814956
1643356800000,19.019,19.175,18.708,18.95,150269.600844
1643360400000,18.95,19.038,18.77,18.82,97763.886099
1643364000000,18.818,18.94,18.659,18.848,83705.595634
1643367600000,18.844,18.882,18.609,18.771,110285.193959
1643371200000,18.777,18.847,18.511,18.736,112306.101239
1643374800000,18.737,19.174,18.677,19.089,132263.175998
1643378400000,19.099,19.154,18.72,18.878,113777.696551
1643382000000,18.869,19.207,18.818,19.148,98835.346074
1643385600000,19.137,19.394,19.067,19.221,111942.218361
1643389200000,19.237,19.37,19.045,19.086,80645.316641
1643392800000,19.086,19.375,19.086,19.262,58331.565686
1643396400000,19.265,19.352,19.111,19.274,57204.494472
1643400000000,19.267,19.85,19.233,19.619,127274.91752
1643403600000,19.617,19.812,19.587,19.642,79255.292435
1643407200000,19.644,19.72,19.394,19.43,41722.133623
1643410800000,19.425,19.689,19.425,19.6,59250.289858
1643414400000,19.603,19.78,19.486,19.643,90902.869153
1643418000000,19.643,19.714,19.362,19.485,107663.258924
1643421600000,19.485,19.548,19.45,19.493,44506.011539
1643425200000,19.496,19.698,19.486,19.669,49688.242196
1643428800000,19.67,19.743,19.622,19.676,68743.196774
1643432400000,19.682,19.691,19.598,19.674,44642.242675
1643436000000,19.676,19.82,19.621,19.767,55730.950355
1643439600000,19.767,20.2,19.741,20.128,181288.419512
1643443200000,20.135,20.178,19.972,20.08,127695.290877
1643446800000,20.087,20.306,19.9,20.296,80456.240881
1643450400000,20.296,20.394,20.037,20.222,138538.902059
1643454000000,20.218,20.778,20.209,20.548,219920.15371
1643457600000,20.545,20.727,20.461,20.551,121068.645031
1643461200000,20.551,20.75,20.432,20.602,103526.929881
1643464800000,20.605,20.644,19.957,20.171,162279.795826
1643468400000,20.17,20.321,19.925,20.173,122279.282447
1643472000000,20.165,20.451,20.142,20.37,146871.940249
1643475600000,20.36,20.489,20.235,20.367,69002.272231
1643479200000,20.365,20.442,20.177,20.265,85523.603019
1643482800000,20.274,20.337,20.208,20.227,54509.479372
1643486400000,20.222,20.5,20.04,20.265,125088.33198
1643490000000,20.27,20.488,20.24,20.29,73559.190584
1643493600000,20.288,20.407,20.19,20.349,45760.156573
1643497200000,20.344,20.344,20.1,20.28,76839.426493
1643500800000,20.279,20.416,20.018,20.097,142033.351302
1643504400000,20.097,20.22,20.056,20.138,80153.545969
1643508000000,20.132,20.335,20.058,20.335,68777.278504
1643511600000,20.33,20.5,20.321,20.35,93428.584154
1643515200000,20.353,20.524,20.312,20.496,58699.180944
1643518800000,20.5,20.696,20.489,20.549,82405.924841
1643522400000,20.548,20.733,20.53,20.705,66920.719106
1643526000000,20.713,20.882,20.685,20.824,83668.548365
1643529600000,20.831,20.894,20.483,20.571,99018.054749
1643533200000,20.567,20.668,20.501,20.583,68607.072666
1643536800000,20.581,20.78,20.567,20.738,55876.637669
1643540400000,20.734,20.794,20.473,20.6,55208.805974
1643544000000,20.597,20.668,20.434,20.535,82943.224504
1643547600000,20.535,20.731,20.486,20.538,81596.228876
1643551200000,20.531,20.567,20.05,20.24,175469.1873
1643554800000,20.246,20.346,20.128,20.346,94218.014418
1643558400000,20.346,20.36,20.038,20.073,82284.60772
1643562000000,20.073,20.102,19.835,20.074,116598.153483
1643565600000,20.07,20.16,19.943,20.012,58841.421869
1643569200000,20.016,20.016,19.539,19.675,168485.118294
1643572800000,19.67,19.785,19.533,19.695,112260.768214
1643576400000,19.696,19.76,19.5,19.63,118351.135751
1643580000000,19.642,19.798,19.544,19.755,55697.243828
1643583600000,19.754,20.095,19.743,19.836,129752.97755
1643587200000,19.84,19.88,19.168,19.302,232848.888147
1643590800000,19.3,19.488,19.212,19.283,135047.36014
1643594400000,19.28,19.404,19.001,19.317,129895.90331
1643598000000,19.316,19.393,19.26,19.3,64834.910689
1643601600000,19.302,19.316,19.026,19.159,95055.849387
1643605200000,19.154,19.25,19.084,19.22,64269.178034
1643608800000,19.216,19.286,19.151,19.151,50055.878807
1643612400000,19.152,19.365,19.132,19.325,53498.987167
1643616000000,19.323,19.393,19.293,19.334,44812.165425
1643619600000,19.333,19.453,19.23,19.415,63479.386836
1643623200000,19.424,19.551,19.38,19.496,35188.696
1643626800000,19.494,19.643,19.301,19.519,81406.797781
1643630400000,19.514,19.593,19.259,19.502,104686.35938
1643634000000,19.498,19.7,19.377,19.637,108164.041926
1643637600000,19.638,19.969,19.598,19.949,105831.809971
1643641200000,19.952,20.613,19.933,20.603,216048.856693
1643644800000,20.602,21.488,20.515,21.322,378469.799129
1643648400000,21.322,21.379,21.098,21.314,201503.185845
1643652000000,21.314,21.58,21.165,21.165,129908.039204
1643655600000,21.166,21.344,21.017,21.132,82216.321421
1643659200000,21.133,21.209,21.036,21.154,58688.261109
1643662800000,21.153,21.505,21.119,21.281,62338.079989
1643666400000,21.3,21.339,21.08,21.21,43360.45633
1643670000000,21.211,21.337,21.211,21.294,65027.759464
1643673600000,21.298,21.401,21.156,21.34,92042.921635
1643677200000,21.333,21.516,21.227,21.293,86318.635783
1643680800000,21.279,21.414,21.257,21.39,59606.996322
1643684400000,21.388,21.6,21.322,21.468,86364.489689
1643688000000,21.472,21.525,21.31,21.386,66352.609647
1643691600000,21.381,21.394,21.136,21.136,45747.264858
1643695200000,21.136,21.218,21.069,21.187,57358.72964
1643698800000,21.186,21.273,21.165,21.255,33315.090941
1643702400000,21.254,21.26,21.135,21.254,38948.404914
1643706000000,21.256,21.466,20.77,20.925,187855.09444
1643709600000,20.925,21.085,20.8,20.964,81721.408613
1643713200000,20.98,21.157,20.945,21.019,63414.660912
1643716800000,21.015,21.104,20.974,21.034,45369.709572
1643720400000,21.035,21.146,20.821,21.064,75685.846584
1643724000000,21.064,21.114,20.781,20.947,108912.702684
1643727600000,20.947,20.966,20.729,20.959,101347.670804
1643731200000,20.958,21.2,20.835,21.143,99166.728519
1643734800000,21.139,21.197,20.848,21.011,78337.764144
1643738400000,21.01,21.053,20.77,20.813,50010.834734
1643742000000,20.816,20.839,20.588,20.608,66472.192258
1643745600000,20.609,20.862,20.606,20.728,76360.721098
1643749200000,20.733,20.984,20.731,20.98,37409.249332
1643752800000,20.983,21.014,20.826,20.876,16725.886767
1643756400000,20.875,20.999,20.85,20.899,35200.808021
1643760000000,20.896,21.014,20.649,20.717,87496.596907
1643763600000,20.711,20.8,20.43,20.492,97477.072785
1643767200000,20.493,20.619,20.346,20.591,84311.056361
1643770800000,20.592,20.67,20.551,20.57,46279.724617
1643774400000,20.564,20.604,20.411,20.571,52398.587695
1643778000000,20.561,20.679,20.551,20.669,30410.393633
1643781600000,20.666,20.802,20.573,20.669,51790.849066
1643785200000,20.682,20.779,20.627,20.687,30580.362435
1643788800000,20.701,20.867,20.631,20.828,44148.456773
1643792400000,20.828,21.366,20.81,21.103,111004.590703
1643796000000,21.115,21.323,21.088,21.233,74132.867527
1643799600000,21.235,21.331,21.127,21.23,56778.746164
1643803200000,21.233,21.446,21.196,21.27,102673.19038
1643806800000,21.27,21.33,21.074,21.149,59923.914619
1643810400000,21.149,21.199,20.453,20.675,202443.389789
1643814000000,20.681,21.045,20.64,20.793,206131.947911
1643817600000,20.79,20.795,20.364,20.646,153832.292827
1643821200000,20.643,20.797,20.54,20.706,62696.853355
1643824800000,20.702,20.785,20.654,20.784,41356.276696
1643828400000,20.779,20.95,20.747,20.898,47400.061647
1643832000000,20.905,21.064,20.702,20.932,66426.574805
1643835600000,20.929,20.963,20.001,20.23,253070.532451
1643839200000,20.215,20.359,20,20.213,86347.11984
1643842800000,20.214,20.333,20.091,20.193,75323.349975
1643846400000,20.186,20.4,20.102,20.237,113057.531289
1643850000000,20.229,20.332,19.896,20.069,120716.328309
1643853600000,20.06,20.183,19.9,20.16,98082.387865
1643857200000,20.163,20.176,19.964,20.036,67881.333981
1643860800000,20.021,20.14,19.983,20.068,56752.507331
1643864400000,20.07,20.254,20.007,20.209,47223.57472
1643868000000,20.204,20.214,20.07,20.133,40031.796634
1643871600000,20.132,20.234,20.125,20.19,42621.740985
1643875200000,20.19,20.246,20.103,20.182,43091.950221
1643878800000,20.179,20.182,19.67,19.727,103391.013705
1643882400000,19.732,19.857,19.543,19.778,140478.962988
1643886000000,19.776,20.193,19.74,20.14,111434.418221
1643889600000,20.141,20.2,19.785,20.16,107256.027946
1643893200000,20.156,20.207,19.968,20.067,60436.431527
1643896800000,20.072,20.17,19.958,20.111,79141.578979
1643900400000,20.115,20.441,20.075,20.427,110580.703529
1643904000000,20.432,20.558,20.265,20.269,85457.653235
1643907600000,20.266,20.332,20.133,20.299,63392.576547
1643911200000,20.298,20.307,20.191,20.222,30195.06405
1643914800000,20.222,20.251,19.957,20.054,59038.010176
1643918400000,20.046,20.112,19.927,20.003,54027.599001
1643922000000,20.007,20.398,20.007,20.304,65339.196074
1643925600000,20.315,20.385,20.172,20.238,28955.754908
1643929200000,20.238,20.444,20.136,20.36,59911.167478
1643932800000,20.35,20.425,20.22,20.387,62383.414981
1643936400000,20.382,20.383,20.26,20.289,42330.164503
1643940000000,20.285,20.39,20.278,20.342,53077.622106
1643943600000,20.345,20.356,20.267,20.286,35723.258119
1643947200000,20.288,20.324,20.2,20.241,36641.64407
1643950800000,20.239,20.595,20.202,20.462,103050.515514
1643954400000,20.462,20.645,20.46,20.583,86952.724476
1643958000000,20.582,20.704,20.521,20.538,77034.657259
1643961600000,20.534,20.759,20.534,20.734,75652.242836
1643965200000,20.738,20.793,20.686,20.764,41563.554043
1643968800000,20.764,20.89,20.682,20.819,76035.740514
1643972400000,20.819,20.964,20.795,20.798,54546.93948
1643976000000,20.797,21.111,20.797,20.976,87072.276452
1643979600000,20.977,21.076,20.419,20.548,149012.33201
1643983200000,20.548,20.867,20.528,20.752,111070.442635
1643986800000,20.754,21.3,20.725,21.083,233257.420248
1643990400000,21.084,21.471,21.067,21.319,180055.459879
1643994000000,21.323,21.374,21.201,21.224,80392.783221
1643997600000,21.226,21.282,21.11,21.199,43681.926156
1644001200000,21.203,21.392,21.135,21.333,41636.649874
1644004800000,21.327,21.385,21.229,21.263,43841.490219
1644008400000,21.265,21.376,21.226,21.372,28119.471933
1644012000000,21.372,21.499,21.283,21.47,28926.053948
1644015600000,21.47,21.7,21.38,21.624,85209.282522
1644019200000,21.63,21.799,21.483,21.591,108297.285141
1644022800000,21.593,21.6,21.355,21.449,77697.707768
1644026400000,21.45,21.635,21.432,21.598,46448.247765
1644030000000,21.593,21.858,21.593,21.852,66871.271205
1644033600000,21.852,22.34,21.817,22.101,169878.54959
1644037200000,22.102,22.341,22.036,22.248,94662.496732
1644040800000,22.25,22.389,22.17,22.187,105008.693996
1644044400000,22.186,22.186,21.984,22.033,96918.465259
1644048000000,22.033,22.24,22.017,22.152,54877.864261
1644051600000,22.149,22.201,21.914,22.088,54884.562725
1644055200000,22.083,22.142,21.946,22.067,52973.653385
1644058800000,22.068,22.073,21.88,21.974,78668.363549
1644062400000,21.972,22.045,21.842,21.98,48171.842468
1644066000000,21.982,22.38,21.951,22.328,70542.510796
1644069600000,22.328,22.811,22.25,22.612,177814.553165
1644073200000,22.61,22.745,22.393,22.62,99518.849932
1644076800000,22.611,22.7,21.98,22.078,184161.393857
1644080400000,22.068,22.197,21.68,22.056,175569.984383
1644084000000,22.05,22.198,21.96,22.027,50547.832452
1644087600000,22.025,22.025,21.812,21.877,36395.188572
1644091200000,21.874,21.939,21.76,21.928,38213.190088
1644094800000,21.914,21.998,21.867,21.918,26314.674474
1644098400000,21.915,22.037,21.913,22.036,19946.067231
1644102000000,22.033,22.15,21.958,21.989,39451.555615
1644105600000,21.988,22.217,21.982,22.217,58354.400316
1644109200000,22.218,22.577,22.218,22.504,84676.404338
1644112800000,22.501,22.537,22.281,22.373,78931.871937
1644116400000,22.366,22.479,22.302,22.33,54616.232185
1644120000000,22.331,22.44,22.001,22.317,96386.233074
1644123600000,22.316,22.358,22.193,22.321,44448.685729
1644127200000,22.322,22.343,22.097,22.141,55004.328677
1644130800000,22.147,22.347,22.089,22.291,58239.836244
1644134400000,22.29,22.322,22.131,22.277,47824.767014
1644138000000,22.28,22.287,22.204,22.245,31016.622833
1644141600000,22.25,22.287,22.023,22.057,51832.825075
1644145200000,22.057,22.109,21.913,21.939,64051.544835
1644148800000,21.94,22.033,21.871,21.987,49966.095097
1644152400000,21.987,22.165,21.952,22.126,65823.763168
1644156000000,22.126,22.61,21.711,21.856,212549.78918
1644159600000,21.855,21.911,21.562,21.892,153486.809568
1644163200000,21.895,21.971,21.747,21.947,74831.153282
1644166800000,21.948,22.157,21.926,22.049,40680.565722
1644170400000,22.052,22.111,21.783,21.84,38781.456464
1644174000000,21.828,22,21.817,22,24637.407523
1644177600000,21.999,22.078,21.852,21.969,34245.756607
1644181200000,21.968,22.098,21.89,22.055,27276.101871
1644184800000,22.046,22.125,21.981,22.017,25990.880596
1644188400000,22.021,22.544,21.973,22.455,104534.769339
1644192000000,22.459,22.511,22.036,22.283,77985.586871
1644195600000,22.295,22.495,22.195,22.396,66180.004345
1644199200000,22.396,22.8,22.387,22.592,98463.668099
1644202800000,22.593,22.981,22.557,22.933,129804.201708
1644206400000,22.937,23.2,22.841,22.951,112881.589936
1644210000000,22.959,23.016,22.751,22.855,102585.525223
1644213600000,22.859,22.986,22.854,22.968,47537.514579
1644217200000,22.97,23.077,22.889,22.989,61007.920589
1644220800000,22.999,23.064,22.851,22.901,66381.566581
1644224400000,22.9,22.999,22.589,22.717,83990.07905
1644228000000,22.718,22.867,22.684,22.815,62027.408596
1644231600000,22.811,22.948,22.807,22.948,56590.778401
1644235200000,22.95,23.39,22.785,23.315,147440.769474
1644238800000,23.315,23.626,23.197,23.524,224599.886522
1644242400000,23.524,23.846,23.304,23.747,215433.05199
1644246000000,23.746,23.806,23.285,23.576,193489.469815
1644249600000,23.576,23.968,23.415,23.655,245354.144683
1644253200000,23.656,23.836,23.543,23.792,84612.575889
1644256800000,23.789,23.869,23.369,23.534,103004.296966
1644260400000,23.527,24.336,23.496,23.949,144409.1031
1644264000000,23.942,24.69,23.942,24.156,171084.087499
1644267600000,24.168,24.192,23.924,24.093,73477.786637
1644271200000,24.095,24.62,24.046,24.57,68317.030899
1644274800000,24.565,24.566,24.266,24.511,126012.547439
1644278400000,24.513,24.554,23.855,24.308,189772.267671
1644282000000,24.307,24.936,24.207,24.811,267518.927154
1644285600000,24.8,25.821,24.701,25.547,458850.80689
1644289200000,25.546,25.6,25.073,25.132,237773.660273
1644292800000,25.136,25.702,24.981,25.547,147510.190765
1644296400000,25.547,26.26,25.523,25.766,300723.199167
1644300000000,25.77,25.949,25.1,25.425,231094.287952
1644303600000,25.423,25.55,25.1,25.465,128160.629216
1644307200000,25.466,25.521,24.696,24.738,315019.889854
1644310800000,24.733,24.99,24.066,24.537,297921.778601
1644314400000,24.536,24.64,24.338,24.487,139109.066741
1644318000000,24.486,25.108,24.486,24.795,152210.55119
1644321600000,24.786,24.801,23.731,24.006,309434.655469
1644325200000,24.004,24.171,23.514,24.137,182681.507727
1644328800000,24.125,24.242,23.67,23.678,171785.130669
1644332400000,23.67,23.673,23.123,23.581,257191.365949
1644336000000,23.581,23.789,23.204,23.307,188184.615739
1644339600000,23.313,23.555,23.248,23.546,130567.912477
1644343200000,23.546,23.705,23.39,23.497,93927.357473
1644346800000,23.497,23.586,23.241,23.502,72295.836973
1644350400000,23.501,24.254,23.439,23.966,176019.38205
1644354000000,23.966,24.34,23.786,24.313,145444.427592
1644357600000,24.312,24.343,24.09,24.29,54358.324263
1644361200000,24.296,24.75,24.24,24.641,102442.764374
1644364800000,24.64,24.871,24.451,24.524,122069.268014
1644368400000,24.522,24.527,23.988,24.052,95730.31586
1644372000000,24.066,24.179,23.56,23.94,175140.222428
1644375600000,23.946,24.14,23.821,23.902,69002.311454
1644379200000,23.9,24.083,23.874,23.989,61221.875097
1644382800000,23.989,24.098,23.44,23.968,141906.741927
1644386400000,23.962,24.122,23.947,23.988,54992.504831
1644390000000,23.993,24.11,23.777,23.985,85650.527142
1644393600000,23.995,24.153,23.633,23.714,115753.536329
1644397200000,23.719,23.96,23.537,23.585,98120.301279
1644400800000,23.585,23.878,23.556,23.856,78250.713975
1644404400000,23.86,24.046,23.716,23.971,71040.188408
1644408000000,23.966,24.456,23.849,24.272,106725.865818
1644411600000,24.272,24.549,24.114,24.194,123636.815964
1644415200000,24.177,24.45,24.018,24.294,81659.98745
1644418800000,24.297,24.33,24.096,24.217,78006.98564
1644422400000,24.213,24.42,24.074,24.366,104653.1342
1644426000000,24.369,24.517,24.32,24.466,57350.843484
1644429600000,24.466,24.528,24.308,24.369,49430.384801
1644433200000,24.37,24.629,24.3,24.447,60881.909345
1644436800000,24.459,24.632,24.371,24.539,57890.521215
1644440400000,24.524,24.581,24.393,24.413,41726.247911
1644444000000,24.418,24.477,24.333,24.434,27152.553153
1644447600000,24.434,24.434,24.209,24.291,51306.701708
1644451200000,24.294,24.325,23.818,23.913,112967.924303
1644454800000,23.915,23.972,23.731,23.896,78056.510345
1644458400000,23.896,24.067,23.61,23.623,117289.665983
1644462000000,23.622,23.772,23.6,23.697,97067.571461
1644465600000,23.69,23.707,23.48,23.678,112141.887432
1644469200000,23.691,23.783,23.612,23.708,58735.527069
1644472800000,23.708,23.856,23.626,23.779,54681.164191
1644476400000,23.78,24.031,23.759,24.031,87821.377331
1644480000000,24.022,24.517,23.963,24.306,107156.674809
1644483600000,24.314,24.55,24.303,24.489,95870.921355
1644487200000,24.486,24.789,24.433,24.6,131380.102467
1644490800000,24.602,24.742,24.481,24.564,113050.092018
1644494400000,24.563,24.632,24.188,24.373,102957.583876
1644498000000,24.377,24.528,23.242,23.397,385128.019919
1644501600000,23.39,23.75,22.8,23.718,348877.333959
1644505200000,23.723,24.263,23.54,23.907,299837.97117
1644508800000,23.89,24.011,23.61,23.953,140327.02755
1644512400000,23.966,24.117,23.754,23.857,105815.614965
1644516000000,23.856,23.911,23.54,23.65,83502.81792
1644519600000,23.644,23.651,23.26,23.298,72210.411469
1644523200000,23.314,23.444,23.133,23.354,98897.581025
1644526800000,23.368,23.408,23.165,23.193,66519.73139
1644530400000,23.196,23.421,23.115,23.405,48705.922579
1644534000000,23.407,23.45,23.004,23.136,91154.17043
1644537600000,23.14,23.147,22.574,22.847,169154.248981
1644541200000,22.847,23.161,22.755,23.102,120756.308333
1644544800000,23.099,23.099,22.818,22.91,86763.100899
1644548400000,22.912,23.045,22.876,23,76899.080853
1644552000000,23,23.232,22.974,23.216,54290.409457
1644555600000,23.204,23.217,22.948,22.955,58126.676161
1644559200000,22.948,23.153,22.909,23.092,60337.41843
1644562800000,23.093,23.177,23.043,23.151,55024.916371
1644566400000,23.15,23.194,22.669,22.673,128840.238389
1644570000000,22.68,23.069,22.634,23.017,85253.854828
1644573600000,23.017,23.045,22.879,23,45002.422707
1644577200000,23,23.097,22.904,22.937,36771.389322
1644580800000,22.934,23.136,22.883,23.103,62110.312453
1644584400000,23.111,23.324,23.06,23.289,69659.009851
1644588000000,23.29,23.379,23.135,23.216,147009.39188
1644591600000,23.231,23.322,23.153,23.254,65135.068564
1644595200000,23.236,23.315,22.932,23.057,81527.441881
1644598800000,23.041,23.101,22.795,22.848,55942.636763
1644602400000,22.844,22.907,22.168,22.182,170240.256534
1644606000000,22.18,22.342,21.905,22.051,183485.30794
1644609600000,22.04,22.119,21.523,21.631,127118.62107
1644613200000,21.639,21.85,21.607,21.747,97003.673175
1644616800000,21.746,21.806,20.8,20.936,219491.545329
1644620400000,20.937,21.119,20.858,21.087,222982.228465
1644624000000,21.084,21.088,20.11,20.997,171392.814126
1644627600000,21,21.251,20.9,21.228,98839.224959
1644631200000,21.227,21.401,21.155,21.285,75965.170256
1644634800000,21.276,21.278,21.01,21.109,81603.258712
1644638400000,21.11,21.291,21.064,21.143,60465.519628
1644642000000,21.138,21.221,20.98,21.039,74479.015134
1644645600000,21.046,21.065,20.288,20.708,209078.471935
1644649200000,20.7,20.833,20.5,20.786,111985.320227
1644652800000,20.804,20.96,20.799,20.86,87579.682193
1644656400000,20.859,20.993,20.798,20.948,54258.423427
1644660000000,20.95,20.95,20.559,20.691,75966.293431
1644663600000,20.689,20.919,20.416,20.909,100132.671925
1644667200000,20.903,20.926,20.659,20.848,115571.4644
1644670800000,20.852,20.883,20.635,20.638,84629.898033
1644674400000,20.647,20.787,20.476,20.676,115040.230512
1644678000000,20.679,20.73,20.442,20.686,103048.938201
1644681600000,20.677,21.211,20.578,21.12,175293.8612
1644685200000,21.126,21.269,21.058,21.18,88286.607118
1644688800000,21.184,21.39,21.165,21.194,65214.604336
1644692400000,21.19,21.244,20.973,21.002,52686.345247
1644696000000,21,21.14,20.914,21.078,32229.206972
1644699600000,21.066,21.067,20.465,20.545,117294.422834
1644703200000,20.539,20.99,20.535,20.968,55095.553445
1644706800000,20.959,20.971,20.724,20.877,44966.431116
1644710400000,20.876,21.108,20.725,21.028,78241.21257
1644714000000,21.027,21.065,20.798,20.839,51898.312264
1644717600000,20.838,20.89,20.741,20.872,85771.454602
1644721200000,20.872,20.945,20.833,20.854,61553.816803
1644724800000,20.857,20.863,20.671,20.711,60236.773328
1644728400000,20.7,20.815,20.643,20.773,45098.277222
1644732000000,20.778,20.882,20.72,20.87,48725.311034
1644735600000,20.872,20.897,20.781,20.844,44835.391541
1644739200000,20.843,20.937,20.801,20.937,55464.023258
1644742800000,20.937,20.937,20.74,20.781,42927.850828
1644746400000,20.778,20.976,20.725,20.908,72526.834472
1644750000000,20.908,21.026,20.882,20.908,62769.512399
1644753600000,20.908,21.04,20.831,20.917,52404.506698
1644757200000,20.91,21.087,20.873,21.072,57266.316764
1644760800000,21.072,21.196,20.867,21.054,110408.842602
1644764400000,21.043,21.137,20.996,21.006,79769.852065
1644768000000,21.008,21.045,20.73,20.773,110516.827875
1644771600000,20.77,20.883,20.638,20.713,100078.524535
1644775200000,20.727,20.837,20.439,20.528,108601.701338
1644778800000,20.523,20.654,20.421,20.528,60114.054995
1644782400000,20.543,20.736,20.467,20.732,42800.140203
1644786000000,20.737,20.749,20.555,20.563,35545.925454
1644789600000,20.561,20.807,20.546,20.722,26036.705746
1644793200000,20.721,20.733,20.564,20.571,68838.333608
1644796800000,20.568,20.666,20.432,20.54,73777.005896
1644800400000,20.544,20.618,20.095,20.1,170695.244843
1644804000000,20.097,20.201,20.04,20.087,83254.465001
1644807600000,20.094,20.242,20,20.206,102327.256458
1644811200000,20.206,20.236,20.136,20.205,32668.087101
1644814800000,20.21,20.26,19.94,19.999,78594.482506
1644818400000,19.996,20.257,19.941,20.236,85104.835038
1644822000000,20.236,20.298,20.13,20.298,52480.053434
1644825600000,20.296,20.443,20.136,20.15,77854.023814
1644829200000,20.148,20.24,20.082,20.144,57664.146942
1644832800000,20.154,20.214,20.07,20.191,59159.649428
1644836400000,20.195,20.236,20.13,20.149,48891.71794
1644840000000,20.149,20.409,19.974,20.404,103187.366131
1644843600000,20.409,20.5,20.353,20.437,81755.467414
1644847200000,20.434,20.722,20.434,20.566,101305.749595
1644850800000,20.564,20.611,20.466,20.563,80191.531646
1644854400000,20.57,21.084,20.562,20.913,123640.370079
1644858000000,20.915,20.965,20.832,20.858,59699.383684
1644861600000,20.857,20.97,20.811,20.833,69059.05453
1644865200000,20.828,20.865,20.28,20.397,126162.3171
1644868800000,20.404,20.597,20.351,20.524,55736.948473
1644872400000,20.531,20.592,20.448,20.555,27952.596761
1644876000000,20.555,20.823,20.553,20.734,40057.123042
1644879600000,20.734,20.8,20.683,20.712,35413.555854
1644883200000,20.715,20.837,20.669,20.727,41676.846984
1644886800000,20.731,21.363,20.688,21.247,141820.623325
1644890400000,21.248,21.26,21.114,21.169,82732.915351
1644894000000,21.175,21.185,21.011,21.103,38834.476274
1644897600000,21.105,21.202,20.981,21.087,67739.623561
1644901200000,21.095,21.157,21.095,21.147,36342.676118
1644904800000,21.144,21.24,21.136,21.142,42656.398447
1644908400000,21.145,21.236,21.126,21.233,46943.704719
1644912000000,21.236,21.63,21.226,21.488,142127.037126
1644915600000,21.486,21.569,21.419,21.502,67905.407917
1644919200000,21.505,21.728,21.451,21.622,76571.691551
1644922800000,21.631,21.666,21.515,21.56,44484.515597
1644926400000,21.561,21.663,21.515,21.633,41336.16624
1644930000000,21.639,21.736,21.535,21.591,64987.785831
1644933600000,21.591,22.157,21.584,21.816,188093.936756
1644937200000,21.821,21.889,21.7,21.776,63374.464613
1644940800000,21.779,22.287,21.746,22.183,129159.29708
1644944400000,22.181,22.356,22.027,22.109,105619.302676
1644948000000,22.11,22.135,21.915,21.965,82718.784668
1644951600000,21.968,22.013,21.795,21.853,46126.243727
1644955200000,21.846,22.006,21.835,21.938,39571.883796
1644958800000,21.939,21.987,21.8,21.838,25381.223584
1644962400000,21.837,22.106,21.837,22.073,26321.095937
1644966000000,22.071,22.528,22.071,22.355,90635.760034
1644969600000,22.356,22.364,22.121,22.226,60960.327139
1644973200000,22.225,22.484,22.094,22.155,70664.017473
1644976800000,22.149,22.178,21.815,21.934,81691.910887
1644980400000,21.93,22.053,21.865,21.903,57292.04231
1644984000000,21.901,21.92,21.515,21.716,138323.307948
1644987600000,21.715,21.8,21.62,21.738,50059.624744
1644991200000,21.732,22.022,21.72,22.005,53709.795246
1644994800000,22.005,22.135,21.963,22.102,71915.984187
1644998400000,22.111,22.368,22.076,22.195,97688.327435
1645002000000,22.2,22.488,22.071,22.162,107855.42278
1645005600000,22.158,22.227,21.911,22.159,103548.900731
1645009200000,22.161,22.387,22.041,22.339,103967.727888
1645012800000,22.332,22.833,22.25,22.516,265031.224307
1645016400000,22.52,22.954,22.17,22.359,302812.875657
1645020000000,22.371,22.621,22.227,22.469,193270.526346
1645023600000,22.472,22.627,22.276,22.33,96220.466869
1645027200000,22.339,22.495,22.044,22.415,134318.93541
1645030800000,22.42,22.643,22.326,22.635,79693.393992
1645034400000,22.633,23.036,22.469,22.875,130278.645572
1645038000000,22.888,23.414,22.735,23.393,177899.685257
1645041600000,23.401,23.422,23.115,23.174,71799.599312
1645045200000,23.169,23.368,23.162,23.348,78209.494331
1645048800000,23.349,23.568,23.25,23.259,62040.943982
1645052400000,23.26,23.322,22.987,23.07,95328.905638
1645056000000,23.068,23.392,23.05,23.339,91829.413917
1645059600000,23.339,23.339,23.136,23.189,85770.656368
1645063200000,23.187,23.19,22.811,23,98728.254068
1645066800000,23.005,23.005,22.555,22.555,127875.623456
1645070400000,22.55,22.702,22.366,22.56,149313.661673
1645074000000,22.555,22.595,22.445,22.488,74233.558308
1645077600000,22.484,22.677,22.375,22.643,104565.824715
1645081200000,22.642,22.837,22.538,22.816,67862.695016
1645084800000,22.804,22.868,22.351,22.55,165570.307776
1645088400000,22.541,22.607,22.3,22.439,89540.607941
1645092000000,22.433,22.548,22.32,22.37,66413.052776
1645095600000,22.367,22.526,22.33,22.447,60720.154764
1645099200000,22.444,22.596,22.374,22.445,68802.213274
1645102800000,22.442,22.477,22.114,22.167,217688.788413
1645106400000,22.155,22.421,22.129,22.222,134768.525912
1645110000000,22.218,22.381,22.159,22.31,86222.396879
1645113600000,22.306,22.473,22.199,22.355,94494.498126
1645117200000,22.353,22.391,21.672,21.69,150374.837302
1645120800000,21.687,21.712,20.779,21.227,328000.251208
1645124400000,21.219,21.233,20.893,21.037,154061.032301
1645128000000,21.034,21.034,20.423,20.615,160041.89019
1645131600000,20.612,20.716,20.165,20.594,189047.726469
1645135200000,20.588,20.676,20.422,20.643,80041.007345
1645138800000,20.637,20.64,20.442,20.53,76642.388835
1645142400000,20.53,20.689,20.22,20.678,130746.916928
1645146000000,20.677,20.894,20.531,20.793,112280.51615
1645149600000,20.794,20.917,20.753,20.805,86001.101359
1645153200000,20.801,20.927,20.714,20.874,75164.094549
1645156800000,20.87,21.046,20.7,20.721,125373.135881
1645160400000,20.721,20.96,20.717,20.824,84658.324468
1645164000000,20.822,21.2,20.814,21.174,86949.771689
1645167600000,21.178,21.361,21.045,21.079,94133.629838
1645171200000,21.077,21.243,21.049,21.216,85599.013189
1645174800000,21.216,21.235,21.101,21.148,40413.355242
1645178400000,21.149,21.149,20.933,21.023,61756.602249
1645182000000,21.023,21.04,20.558,20.642,106013.278014
1645185600000,20.644,20.907,20.578,20.846,85514.174319
1645189200000,20.846,20.889,20.68,20.771,55894.998948
1645192800000,20.772,20.878,20.183,20.662,186815.491814
1645196400000,20.662,20.8,20.358,20.5,162167.375853
1645200000000,20.498,20.952,20.258,20.586,278797.734064
1645203600000,20.593,20.765,20.576,20.644,82232.082386
1645207200000,20.635,20.817,20.467,20.74,58711.847658
1645210800000,20.752,20.802,20.509,20.626,53631.417268
1645214400000,20.639,20.669,20.336,20.409,64981.398294
1645218000000,20.407,20.613,20.352,20.45,52261.294071
1645221600000,20.447,20.741,20.379,20.735,79860.089287
1645225200000,20.736,21.231,20.665,21.027,94902.340617
1645228800000,21.029,21.267,21.019,21.121,93993.201481
1645232400000,21.124,21.222,20.929,20.982,65428.902742
1645236000000,20.981,21.183,20.872,21.183,52785.859905
1645239600000,21.183,21.197,20.965,20.972,41776.449493
1645243200000,20.981,21.057,20.923,21.028,40821.429474
1645246800000,21.028,21.18,20.972,21.08,49777.452271
1645250400000,21.077,21.236,20.972,21.17,68992.338071
1645254000000,21.169,21.199,21.029,21.064,32956.209169
1645257600000,21.065,21.11,20.82,20.837,58893.790448
1645261200000,20.836,20.918,20.572,20.64,102758.620774
1645264800000,20.65,20.766,20.5,20.631,70790.067418
1645268400000,20.629,20.683,20.222,20.362,136967.687992
1645272000000,20.361,20.488,20.23,20.334,95740.205763
1645275600000,20.331,20.596,20.1,20.526,140965.578301
1645279200000,20.522,20.522,20.324,20.45,55564.989265
1645282800000,20.451,20.621,20.346,20.595,75622.031538
1645286400000,20.594,20.92,20.555,20.675,157086.402505
1645290000000,20.674,20.893,20.616,20.861,44485.659644
1645293600000,20.861,20.861,20.621,20.661,35983.066383
1645297200000,20.657,20.693,20.466,20.505,40461.320117
1645300800000,20.508,20.592,20.466,20.527,17540.76287
1645304400000,20.532,20.541,20.414,20.514,65831.013625
1645308000000,20.515,20.771,20.489,20.744,25740.122373
1645311600000,20.745,20.944,20.719,20.821,39601.756294
1645315200000,20.818,20.867,20.562,20.614,45705.222006
1645318800000,20.626,20.741,20.505,20.698,47765.032749
1645322400000,20.701,20.733,20.454,20.466,59838.449326
1645326000000,20.466,20.559,20.38,20.426,75141.347314
1645329600000,20.427,20.479,20.154,20.2,109272.047758
1645333200000,20.199,20.341,20,20,163868.462969
1645336800000,20,20.051,19.54,19.753,243295.052533
1645340400000,19.736,19.965,19.673,19.927,111620.323231
1645344000000,19.929,19.937,19.627,19.703,124250.501029
1645347600000,19.706,20.018,19.601,19.853,99631.601072
1645351200000,19.85,20.049,19.85,19.882,63123.054541
1645354800000,19.89,19.984,19.845,19.973,37632.075161
1645358400000,19.975,20.096,19.822,19.838,92287.526652
1645362000000,19.838,19.838,19.62,19.711,117030.220311
1645365600000,19.711,19.778,19.351,19.568,127954.48515
1645369200000,19.558,19.771,19.549,19.71,57668.412754
1645372800000,19.71,19.865,19.561,19.645,76968.894276
1645376400000,19.651,19.851,19.628,19.807,34249.510594
1645380000000,19.801,19.952,19.726,19.933,35998.384066
1645383600000,19.939,19.942,19.785,19.805,21131.942311
1645387200000,19.803,19.809,19.683,19.717,16100.680155
1645390800000,19.718,19.761,19.436,19.655,70956.229278
1645394400000,19.657,20,19.657,19.976,38675.691529
1645398000000,19.976,20.118,19.8,19.809,89401.726617
1645401600000,19.809,20.161,19.711,20.138,109356.518664
1645405200000,20.142,20.478,20.073,20.348,133776.230776
1645408800000,20.356,20.406,20.247,20.31,57035.7448
1645412400000,20.31,20.404,20.161,20.227,52889.459396
1645416000000,20.223,20.459,20.221,20.39,60368.425521
1645419600000,20.39,20.441,20.298,20.314,50331.74987
1645423200000,20.307,20.35,20.251,20.342,34521.861171
1645426800000,20.341,20.425,20.281,20.411,32697.828984
1645430400000,20.413,20.45,20.23,20.246,57651.403682
1645434000000,20.255,20.259,20.025,20.09,53038.74738
1645437600000,20.094,20.135,19.759,19.848,127825.020828
1645441200000,19.835,19.938,19.13,19.3,190454.436548
1645444800000,19.3,19.346,19.072,19.17,154692.752267
1645448400000,19.162,19.329,18.873,19.274,186262.613992
1645452000000,19.271,20.04,19.2,19.846,244390.643514
1645455600000,19.846,20.064,19.75,19.804,142541.452344
1645459200000,19.805,20.194,19.767,19.885,111862.792498
1645462800000,19.887,20.053,19.792,19.833,65105.948426
1645466400000,19.832,19.903,19.406,19.579,164858.437254
1645470000000,19.577,19.753,19.514,19.719,120602.34113
1645473600000,19.716,19.749,19.496,19.556,45447.618076
1645477200000,19.57,19.646,18.889,18.95,129932.106638
1645480800000,18.948,19.244,18.844,19.151,120267.574866
1645484400000,19.149,19.314,18.501,18.634,247190.795895
1645488000000,18.635,18.992,18.564,18.908,137548.891731
1645491600000,18.907,19.036,18.65,18.931,99301.98829
1645495200000,18.938,18.944,18.564,18.721,98147.734251
1645498800000,18.725,18.73,18.057,18.243,218932.745532
1645502400000,18.252,18.479,18.222,18.269,102250.912853
1645506000000,18.272,18.626,18.175,18.384,95956.544911
1645509600000,18.379,18.657,18.336,18.555,98631.498989
1645513200000,18.554,18.612,18.34,18.37,82677.929428
1645516800000,18.375,18.788,18.369,18.742,83859.732808
1645520400000,18.74,18.84,18.646,18.665,85657.895723
1645524000000,18.669,18.983,18.557,18.893,101719.087465
1645527600000,18.894,18.951,18.757,18.832,59322.559598
1645531200000,18.828,18.951,18.669,18.792,85428.546919
1645534800000,18.797,18.947,18.66,18.894,81175.240276
1645538400000,18.89,19.163,18.664,19.119,158621.758039
1645542000000,19.119,19.171,18.98,19.014,90772.811053
1645545600000,19.015,19.089,18.726,18.974,97794.459613
1645549200000,18.968,19.06,18.734,18.942,50238.98301
1645552800000,18.959,19.072,18.864,18.886,46579.077248
1645556400000,18.879,19.061,18.783,19.022,50519.50205
1645560000000,19.04,19.079,18.847,18.925,51248.687163
1645563600000,18.926,18.99,18.834,18.877,24531.761433
1645567200000,18.872,18.905,18.738,18.837,26020.465955
1645570800000,18.832,19.257,18.832,19.18,110831.497971
1645574400000,19.184,19.358,19.005,19.142,149801.421948
1645578000000,19.142,19.146,18.887,18.977,66680.480991
1645581600000,18.972,19.197,18.825,18.93,98476.503388
1645585200000,18.933,18.969,18.85,18.929,43984.778563
1645588800000,18.93,19.134,18.886,19.066,52848.682875
1645592400000,19.063,19.148,18.971,19.031,48434.70114
1645596000000,19.039,19.117,18.972,19.002,75844.945324
1645599600000,18.991,19.217,18.978,19.196,78847.330131
1645603200000,19.196,19.385,19.119,19.323,146837.357774
1645606800000,19.334,19.485,19.295,19.46,97396.099368
1645610400000,19.465,19.483,19.357,19.379,59055.912068
1645614000000,19.377,19.588,19.3,19.395,101172.791965
1645617600000,19.397,19.565,19.341,19.528,80682.471916
1645621200000,19.528,19.608,19.38,19.408,96337.017584
1645624800000,19.399,19.441,19.142,19.17,125698.736084
1645628400000,19.17,19.219,19.077,19.109,104311.897382
1645632000000,19.108,19.237,18.856,19.177,106186.288799
1645635600000,19.185,19.332,18.901,19.065,124885.9932
1645639200000,19.056,19.106,18.932,18.984,75077.186487
1645642800000,18.984,19.032,18.684,18.747,85210.894327
1645646400000,18.746,18.824,18.59,18.787,72227.326241
1645650000000,18.796,18.853,18.595,18.626,46815.877387
1645653600000,18.611,18.73,18.444,18.73,69524.286379
1645657200000,18.729,18.754,18.43,18.463,104820.679597
1645660800000,18.459,18.509,18.205,18.226,184811.189296
1645664400000,18.232,18.457,18.2,18.414,98647.186262
1645668000000,18.413,18.588,18.043,18.101,123446.528305
1645671600000,18.089,18.1,16.705,17.133,770557.754261
1645675200000,17.14,17.643,17.02,17.515,332192.260727
1645678800000,17.518,17.553,16.72,17.024,339171.136035
1645682400000,17.025,17.153,16.817,16.977,221318.529994
1645686000000,16.978,17.418,16.779,17.254,233787.983537
1645689600000,17.247,17.491,17.177,17.31,196981.545415
1645693200000,17.308,17.44,17.217,17.251,65943.411
1645696800000,17.252,17.352,16.948,17.026,138149.733157
1645700400000,17.033,17.269,16.909,17.243,113755.295226
1645704000000,17.239,17.256,17.023,17.155,101648.210909
1645707600000,17.155,17.33,17.09,17.232,130219.798598
1645711200000,17.237,17.456,17.125,17.413,163131.948542
1645714800000,17.413,17.687,17.311,17.626,161603.5143
1645718400000,17.632,17.819,17.39,17.527,158106.499858
1645722000000,17.538,17.539,17.277,17.365,64806.576591
1645725600000,17.37,18.062,17.357,17.913,118684.924952
1645729200000,17.923,18.255,17.853,18.207,151567.027493
1645732800000,18.197,18.84,18.196,18.611,320354.843711
1645736400000,18.609,18.632,18.367,18.47,81440.398228
1645740000000,18.465,18.538,18.023,18.058,71048.610143
1645743600000,18.058,18.471,18.058,18.437,80447.283091
1645747200000,18.434,18.628,18.242,18.288,136501.130279
1645750800000,18.29,18.69,18.265,18.598,115096.148479
1645754400000,18.603,18.786,18.58,18.736,94615.206867
1645758000000,18.722,18.726,18.516,18.622,90264.428137
1645761600000,18.627,18.635,18.395,18.416,56220.630903
1645765200000,18.404,18.46,18.204,18.319,91470.880879
1645768800000,18.32,18.495,18.228,18.491,66681.695829
1645772400000,18.485,18.552,18.315,18.344,73040.681024
1645776000000,18.345,18.386,18.18,18.28,86236.88652
1645779600000,18.271,18.448,18.105,18.403,86856.269165
1645783200000,18.421,18.441,18.258,18.374,67331.011209
1645786800000,18.373,18.534,18.255,18.516,67863.76621
1645790400000,18.521,19.05,18.367,19.041,215421.936824
1645794000000,19.039,19.043,18.782,18.835,188736.256069
1645797600000,18.827,18.866,18.591,18.61,121632.00788
1645801200000,18.61,18.892,18.453,18.871,125724.500387
1645804800000,18.865,18.949,18.622,18.75,93298.82098
1645808400000,18.754,18.796,18.552,18.598,62001.378492
1645812000000,18.604,18.638,18.411,18.516,78503.863118
1645815600000,18.518,18.661,18.447,18.551,36448.964905
1645819200000,18.545,18.788,18.498,18.753,43716.621652
1645822800000,18.746,18.837,18.653,18.696,36638.037521
1645826400000,18.703,19.1,18.639,19.056,54330.467723
1645830000000,19.054,19.211,18.86,18.922,124646.061511
1645833600000,18.933,19.4,18.88,19.198,148716.916951
1645837200000,19.2,19.276,19.112,19.194,92708.50051
1645840800000,19.187,19.212,19.07,19.115,69844.093821
1645844400000,19.116,19.167,18.954,19.021,59274.173447
1645848000000,19.018,19.198,18.998,19.143,45658.857077
1645851600000,19.144,19.174,18.753,18.824,88714.513848
1645855200000,18.809,18.972,18.809,18.884,54766.02958
1645858800000,18.875,19.01,18.75,19.01,74346.011058
1645862400000,19.007,19.142,18.632,18.748,101769.49431
1645866000000,18.759,18.831,18.526,18.709,94236.608781
1645869600000,18.699,18.879,18.677,18.848,52378.747706
1645873200000,18.843,18.922,18.688,18.8,53233.582926
1645876800000,18.798,18.854,18.681,18.8,55241.431589
1645880400000,18.8,19.2,18.746,19.05,112000.814246
1645884000000,19.05,19.323,18.986,19.235,105553.978695
1645887600000,19.237,19.357,19.2,19.223,70881.164404
1645891200000,19.223,19.29,19.061,19.117,60029.147042
1645894800000,19.111,19.245,19.093,19.207,31473.830264
1645898400000,19.205,19.208,18.942,19.108,42970.728935
1645902000000,19.112,19.4,19.105,19.3,54371.50568
1645905600000,19.281,19.437,19.231,19.35,33089.413539
1645909200000,19.351,19.457,19.278,19.346,36497.095762
1645912800000,19.359,19.36,19.157,19.186,27741.822265
1645916400000,19.193,19.193,18.967,19.069,61457.636969
1645920000000,19.071,19.17,18.612,18.675,110929.429911
1645923600000,18.676,18.749,18.44,18.475,153200.496122
1645927200000,18.474,18.668,18.402,18.637,68306.428459
1645930800000,18.63,18.749,18.586,18.612,47342.872606
1645934400000,18.609,18.738,18.561,18.713,37531.279228
1645938000000,18.719,18.954,18.609,18.834,52037.555122
1645941600000,18.836,19.263,18.829,19.19,69373.191786
1645945200000,19.19,19.844,19.19,19.735,351980.506981
1645948800000,19.734,19.825,19.462,19.611,197765.073528
1645952400000,19.61,19.96,19.57,19.885,136362.463401
1645956000000,19.889,20.33,19.856,20.125,230386.664294
1645959600000,20.129,20.196,19.94,20,123816.871185
1645963200000,19.995,20.198,19.76,20.104,163221.26472
1645966800000,20.109,20.17,19.33,19.762,254786.398379
1645970400000,19.766,19.957,19.53,19.729,130710.555621
1645974000000,19.729,21.211,19.704,21.103,481011.450521
1645977600000,21.111,21.35,20.778,20.927,307927.460816
1645981200000,20.921,20.983,20.727,20.741,95494.21174
1645984800000,20.739,21.135,20.685,21.032,134978.689597
1645988400000,21.03,21.094,20.354,20.487,198060.123445
1645992000000,20.487,20.753,20.25,20.594,189641.407305
1645995600000,20.596,20.596,20.112,20.361,147109.375163
1645999200000,20.361,20.67,20.323,20.599,76635.323183
1646002800000,20.589,20.591,20.024,20.357,147934.017982
1646006400000,20.358,20.362,19.7,19.856,185192.53385
1646010000000,19.865,20.655,19.859,20.399,140034.817987
1646013600000,20.404,20.796,20.106,20.189,201109.103886
1646017200000,20.204,20.537,20.035,20.369,155971.124882
1646020800000,20.37,20.525,20.188,20.301,84965.217602
1646024400000,20.295,20.651,20.214,20.457,116207.568806
1646028000000,20.459,20.566,20.05,20.462,245049.457021
1646031600000,20.462,20.676,20.41,20.453,184995.055803
1646035200000,20.451,20.627,20.274,20.4,110968.692514
1646038800000,20.404,20.572,20.323,20.334,71985.96324
1646042400000,20.321,20.413,20.209,20.375,105495.524668
1646046000000,20.377,20.466,20.162,20.283,91130.61434
1646049600000,20.285,20.596,20.213,20.338,111552.107114
1646053200000,20.332,20.456,20.101,20.136,110229.791819
1646056800000,20.137,20.822,20.136,20.8,199136.653288
1646060400000,20.808,21.38,20.654,21.268,290208.675155
1646064000000,21.27,21.33,20.668,20.889,211512.084269
1646067600000,20.889,21.165,20.805,21.155,87770.117038
1646071200000,21.166,21.179,21.018,21.045,59538.308736
1646074800000,21.04,21.049,20.896,21.039,49564.420016
1646078400000,21.047,21.25,21.021,21.204,75731.685837
1646082000000,21.205,21.205,20.969,21.065,47314.513985
1646085600000,21.068,21.91,21.037,21.411,154392.718958
1646089200000,21.412,21.71,21.375,21.701,126219.392136
1646092800000,21.701,22.274,21.7,21.932,223203.956792
1646096400000,21.932,21.932,21.547,21.552,200506.147611
1646100000000,21.553,21.605,21.387,21.481,115392.445612
1646103600000,21.494,21.561,21.319,21.476,90296.266009
1646107200000,21.482,21.684,21.388,21.647,92740.755811
1646110800000,21.648,21.718,21.451,21.471,61402.600437
1646114400000,21.476,21.509,21.09,21.504,130307.26576
1646118000000,21.501,21.54,21.356,21.494,66863.622309
1646121600000,21.495,21.506,21.292,21.395,73083.366213
1646125200000,21.381,21.437,21.165,21.226,84652.001445
1646128800000,21.223,21.28,20.88,21.271,170385.730083
1646132400000,21.273,21.413,21.056,21.257,112864.543797
1646136000000,21.256,21.682,21.193,21.599,207386.122673
1646139600000,21.575,21.797,21.372,21.632,220985.533568
1646143200000,21.631,21.98,21.07,21.113,296547.234144
1646146800000,21.116,21.28,20.946,21.071,171399.764989
1646150400000,21.071,21.262,20.516,20.714,192032.50788
1646154000000,20.704,21.042,20.697,20.915,78249.787697
1646157600000,20.9,21.051,20.799,21.011,44563.178087
1646161200000,21.016,21.117,20.879,20.951,43156.130395
1646164800000,20.95,21.078,20.925,21.013,46210.330026
1646168400000,21.019,21.07,20.651,20.712,68983.362119
1646172000000,20.718,20.889,20.642,20.856,58895.824217
1646175600000,20.852,20.979,20.797,20.977,78427.259841
1646179200000,20.978,21.012,20.546,20.828,113013.788615
1646182800000,20.831,20.95,20.555,20.755,86388.741698
1646186400000,20.746,20.9,20.633,20.896,57628.361284
1646190000000,20.892,21.067,20.803,21.026,112515.696776
1646193600000,21.025,21.2,20.849,20.951,125795.288123
1646197200000,20.947,21.32,20.93,21.221,92207.34901
1646200800000,21.225,21.265,20.89,20.923,85150.339814
1646204400000,20.919,20.993,20.65,20.761,134114.835214
1646208000000,20.765,20.897,20.599,20.743,114607.229709
1646211600000,20.739,20.878,20.651,20.845,68743.041867
1646215200000,20.846,21.065,20.797,20.993,82422.700818
1646218800000,20.992,21.563,20.874,21.443,148999.764459
1646222400000,21.443,21.68,21.244,21.512,199369.641504
1646226000000,21.516,21.519,20.74,21.086,224768.81658
1646229600000,21.082,21.447,20.999,21.338,140933.340662
1646233200000,21.349,21.451,20.846,20.989,273459.367747
1646236800000,20.99,21.139,20.749,20.858,88359.247565
1646240400000,20.862,20.902,20.354,20.424,126257.246688
1646244000000,20.424,20.547,20.212,20.3,110935.841272
1646247600000,20.305,20.489,20.234,20.451,71023.446262
1646251200000,20.446,20.553,20.408,20.543,31703.352232
1646254800000,20.531,20.76,20.468,20.747,37566.346914
1646258400000,20.743,20.879,20.691,20.826,47337.899694
1646262000000,20.834,20.847,20.627,20.755,59102.709999
1646265600000,20.763,20.979,20.61,20.9,88232.701187
1646269200000,20.9,20.91,20.633,20.718,66030.153027
1646272800000,20.717,20.75,20.52,20.654,69634.533259
1646276400000,20.648,20.691,20.152,20.324,120179.507927
1646280000000,20.322,20.442,20.22,20.308,70894.765274
1646283600000,20.306,20.417,20.305,20.357,41677.258336
1646287200000,20.351,20.419,20.14,20.401,75486.774563
1646290800000,20.4,20.567,20.353,20.427,48705.42121
1646294400000,20.424,20.51,20.051,20.191,93513.315668
1646298000000,20.196,20.224,20.075,20.137,60341.950193
1646301600000,20.151,20.324,20.099,20.288,65499.756158
1646305200000,20.288,20.404,20.214,20.254,67027.682248
1646308800000,20.255,20.444,20.16,20.374,62483.258716
1646312400000,20.378,20.562,20.324,20.537,69095.594896
1646316000000,20.532,20.574,20.23,20.349,101454.919291
1646319600000,20.346,20.396,19.812,20.034,187206.094053
1646323200000,20.033,20.178,19.874,19.894,99010.533394
1646326800000,19.89,19.965,19.547,19.813,111006.100586
1646330400000,19.818,19.89,19.73,19.818,26556.269346
1646334000000,19.813,19.959,19.776,19.86,27829.377759
1646337600000,19.851,19.964,19.747,19.869,33656.698893
1646341200000,19.867,19.992,19.795,19.955,37673.593524
1646344800000,19.949,20.22,19.949,20.162,57788.521478
1646348400000,20.162,20.311,20.12,20.151,40786.206864
1646352000000,20.149,20.32,19.62,19.749,129616.484191
1646355600000,19.746,19.8,19.1,19.307,246138.697704
1646359200000,19.307,19.307,19.162,19.242,63870.957277
1646362800000,19.239,19.266,19.058,19.207,78049.803487
1646366400000,19.203,19.3,19.076,19.296,72004.557778
1646370000000,19.299,19.327,19.221,19.272,35707.665111
1646373600000,19.27,19.35,19.269,19.343,41586.404009
1646377200000,19.343,19.381,19.183,19.306,50406.44526
1646380800000,19.312,19.468,19.07,19.386,105641.31725
1646384400000,19.387,19.53,19.336,19.393,84112.732362
1646388000000,19.396,19.545,19.376,19.472,42763.718783
1646391600000,19.474,19.898,19.441,19.892,89786.184875
1646395200000,19.892,19.979,19.65,19.715,131135.526157
1646398800000,19.715,19.887,19.62,19.681,68519.347091
1646402400000,19.675,19.704,19.29,19.481,153426.280719
1646406000000,19.472,19.556,19.34,19.425,128405.946968
1646409600000,19.42,19.672,19.3,19.566,98795.812715
1646413200000,19.562,19.807,19.54,19.717,60354.366606
1646416800000,19.708,19.826,19.539,19.543,40031.486057
1646420400000,19.55,19.58,19.08,19.128,125636.40212
1646424000000,19.128,19.178,18.706,18.883,141046.465128
1646427600000,18.874,18.933,18.643,18.731,110257.047187
1646431200000,18.73,18.796,18.471,18.764,87317.165607
1646434800000,18.755,18.871,18.644,18.811,65625.351061
1646438400000,18.816,18.816,18.279,18.373,137938.51997
1646442000000,18.373,18.588,18.3,18.555,73543.81923
1646445600000,18.559,18.645,18.52,18.534,47825.615064
1646449200000,18.534,18.813,18.524,18.752,52435.762064
1646452800000,18.751,18.786,18.595,18.705,43589.534034
1646456400000,18.709,18.832,18.659,18.825,47529.522607
1646460000000,18.826,18.885,18.758,18.82,43525.449014
1646463600000,18.821,19.01,18.762,18.934,62552.796894
1646467200000,18.929,19.085,18.86,19.024,47745.866331
1646470800000,19.025,19.081,18.95,19.069,40136.887183
1646474400000,19.066,19.08,18.817,19.007,62137.727969
1646478000000,19.013,19.051,18.913,18.945,42434.890494
1646481600000,18.946,19.114,18.939,18.953,49737.26709
1646485200000,18.955,18.975,18.732,18.849,58542.053158
1646488800000,18.845,18.913,18.766,18.853,44985.497481
1646492400000,18.853,18.945,18.84,18.914,36787.114785
1646496000000,18.911,19.23,18.865,19.116,56432.793078
1646499600000,19.107,19.181,19.077,19.128,28924.863268
1646503200000,19.136,19.154,18.987,19.045,28771.523331
1646506800000,19.046,19.147,19.023,19.117,15967.979353
1646510400000,19.102,19.174,19.063,19.114,25401.081298
1646514000000,19.108,19.149,18.994,19.011,19678.033934
1646517600000,19.015,19.12,18.927,19.12,23496.779496
1646521200000,19.126,19.18,19.04,19.082,25042.849909
1646524800000,19.083,19.273,19.044,19.241,29486.396735
1646528400000,19.242,19.255,19.104,19.143,31570.623439
1646532000000,19.135,19.173,19.063,19.092,19498.234759
1646535600000,19.09,19.125,18.789,18.832,53566.648906
1646539200000,18.818,18.98,18.577,18.885,91314.708278
1646542800000,18.885,18.985,18.842,18.858,24481.523164
1646546400000,18.85,18.972,18.822,18.868,32482.491404
1646550000000,18.869,18.91,18.733,18.89,33040.663955
1646553600000,18.887,19.001,18.809,18.857,52070.273217
1646557200000,18.843,19.211,18.743,18.834,96172.777966
1646560800000,18.834,18.875,18.5,18.578,179851.847305
1646564400000,18.57,18.781,18.506,18.741,55059.441533
1646568000000,18.742,18.851,18.649,18.783,56554.176418
1646571600000,18.792,18.926,18.785,18.856,42401.814276
1646575200000,18.857,18.88,18.689,18.74,38346.672089
1646578800000,18.741,18.76,18.62,18.753,50764.627967
1646582400000,18.747,18.941,18.7,18.889,54049.001556
1646586000000,18.898,18.904,18.742,18.77,26973.925027
1646589600000,18.774,18.867,18.662,18.71,24413.327156
1646593200000,18.712,18.745,18.51,18.55,29567.364585
1646596800000,18.548,18.65,18.524,18.623,20553.953069
1646600400000,18.626,18.825,18.604,18.797,52259.356849
1646604000000,18.8,18.911,18.763,18.775,21617.078491
1646607600000,18.769,18.8,18.336,18.458,107280.463855
1646611200000,18.454,18.47,18.082,18.251,182365.865532
1646614800000,18.256,18.368,18.151,18.156,169402.079362
1646618400000,18.16,18.239,18,18.078,108866.645365
1646622000000,18.079,18.081,17.7,17.972,184423.764052
1646625600000,17.973,18.026,17.792,17.908,81300.108362
1646629200000,17.912,18.114,17.867,18.044,70228.74537
1646632800000,18.038,18.165,18.011,18.103,42500.65894
1646636400000,18.096,18.126,17.88,17.963,53795.747125
1646640000000,17.969,18.117,17.854,18.091,65555.36567
1646643600000,18.087,18.158,18.044,18.044,52165.879777
1646647200000,18.044,18.15,18,18.053,39643.483882
1646650800000,18.058,18.206,18.021,18.18,36381.167683
1646654400000,18.19,18.397,18.19,18.291,75775.342264
1646658000000,18.294,18.588,18.268,18.495,100231.904386
1646661600000,18.497,18.688,18.409,18.409,107127.232998
1646665200000,18.405,18.822,18.374,18.777,124581.818191
1646668800000,18.775,18.9,18.562,18.576,103614.939779
1646672400000,18.567,18.605,18.469,18.493,49224.706725
1646676000000,18.482,18.482,17.952,18.037,162925.603512
1646679600000,18.034,18.051,17.253,17.348,217589.51631
1646683200000,17.347,17.499,17.115,17.376,122753.777432
1646686800000,17.374,17.619,17.3,17.587,82433.385654
1646690400000,17.591,17.985,17.57,17.877,64849.49651
1646694000000,17.874,18.087,17.816,17.816,80291.914098
1646697600000,17.818,18.096,17.725,18.01,115237.797047
1646701200000,18.007,18.105,17.85,17.963,147754.86275
1646704800000,17.97,18.16,17.891,18.066,80583.605541
1646708400000,18.073,18.094,17.998,18.084,58920.020221
1646712000000,18.088,18.2,17.958,17.966,56259.533294
1646715600000,17.966,17.999,17.825,17.924,78025.131568
1646719200000,17.924,17.988,17.679,17.808,100883.747112
1646722800000,17.8,17.938,17.683,17.885,79906.707869
1646726400000,17.89,18.211,17.874,18.108,145864.804759
1646730000000,18.103,18.294,18.07,18.205,203824.765214
1646733600000,18.203,18.3,18.064,18.263,58692.154759
1646737200000,18.263,18.265,18.073,18.168,52231.341863
1646740800000,18.174,18.274,17.987,18.083,78124.917974
1646744400000,18.08,18.163,17.959,18.138,64158.142993
1646748000000,18.144,18.215,17.995,18.088,96877.299531
1646751600000,18.078,18.12,17.81,17.974,87616.049461
1646755200000,17.98,18.097,17.764,17.828,78312.806344
1646758800000,17.826,18.198,17.821,18.122,62773.771717
1646762400000,18.138,18.333,17.958,17.965,66284.571343
1646766000000,17.965,18.072,17.862,18.064,61045.702936
1646769600000,18.057,18.103,17.804,17.821,43073.6067
1646773200000,17.823,17.933,17.804,17.826,37553.346725
1646776800000,17.819,18.011,17.819,17.994,20406.155356
1646780400000,17.979,18.117,17.959,18.037,64358.523151
1646784000000,18.042,18.148,17.975,18.118,66256.587137
1646787600000,18.124,18.241,18.069,18.219,68109.560381
1646791200000,18.22,18.279,18.144,18.176,78581.588559
1646794800000,18.176,18.84,18.16,18.695,220173.790947
1646798400000,18.695,18.868,18.642,18.814,173946.627578
1646802000000,18.818,18.839,18.575,18.629,102182.525656
1646805600000,18.636,18.688,18.53,18.659,97626.018073
1646809200000,18.663,18.819,18.636,18.72,68585.17611
1646812800000,18.72,18.9,18.601,18.794,100962.605741
1646816400000,18.799,18.811,18.685,18.715,72841.504433
1646820000000,18.712,18.775,18.68,18.754,53505.685435
1646823600000,18.751,18.81,18.671,18.705,71219.226385
1646827200000,18.692,18.889,18.536,18.632,112287.915364
1646830800000,18.634,18.702,18.478,18.616,103601.341169
1646834400000,18.619,18.8,18.619,18.739,73628.904882
1646838000000,18.751,19.268,18.71,19.105,211022.913638
1646841600000,19.105,19.192,18.939,18.962,95805.719104
1646845200000,18.96,19.021,18.837,18.945,36623.252005
1646848800000,18.948,18.95,18.671,18.755,43560.312134
1646852400000,18.762,18.812,18.613,18.758,44091.367329
1646856000000,18.758,18.81,18.524,18.577,57996.683034
1646859600000,18.577,18.696,18.544,18.684,25569.237665
1646863200000,18.679,18.786,18.672,18.734,27984.874259
1646866800000,18.734,18.847,18.672,18.834,43315.972095
1646870400000,18.829,18.867,18.638,18.68,46913.059581
1646874000000,18.672,18.786,18.254,18.336,152781.099952
1646877600000,18.331,18.449,18.272,18.324,90919.43053
1646881200000,18.313,18.398,18.252,18.322,51445.825323
1646884800000,18.322,18.347,17.8,17.82,235490.51735
1646888400000,17.822,17.83,17.5,17.603,220495.99485
1646892000000,17.608,17.707,17.535,17.698,111921.399252
1646895600000,17.698,17.859,17.668,17.801,78568.576019
1646899200000,17.794,17.878,17.611,17.829,109002.142127
1646902800000,17.829,17.858,17.701,17.756,54020.75383
1646906400000,17.749,17.8,17.651,17.703,53964.199712
1646910000000,17.702,17.784,17.671,17.777,40171.086932
1646913600000,17.774,17.949,17.712,17.897,68172.877479
1646917200000,17.903,18.103,17.32,17.714,234091.467707
1646920800000,17.715,17.837,17.607,17.823,93032.007839
1646924400000,17.83,17.969,17.655,17.751,69875.977805
1646928000000,17.743,17.808,17.555,17.697,78793.079575
1646931600000,17.695,17.799,17.611,17.747,34624.65217
1646935200000,17.754,17.815,17.651,17.792,28716.877889
1646938800000,17.791,17.955,17.737,17.951,38088.841996
1646942400000,17.937,17.997,17.842,17.976,35722.957215
1646946000000,17.98,18.042,17.821,17.857,35234.034585
1646949600000,17.849,17.936,17.741,17.932,22875.25705
1646953200000,17.928,17.993,17.85,17.897,64127.822989
1646956800000,17.899,17.902,17.663,17.72,57070.34194
1646960400000,17.72,17.728,17.523,17.584,89282.745786
1646964000000,17.579,17.62,17.37,17.425,91236.77402
1646967600000,17.429,17.666,17.398,17.631,61662.452137
1646971200000,17.633,17.636,17.317,17.38,85603.098936
1646974800000,17.38,17.574,17.38,17.569,52024.888199
1646978400000,17.561,17.725,17.547,17.697,85073.125558
1646982000000,17.7,17.784,17.645,17.741,76455.37126
1646985600000,17.741,17.788,17.614,17.639,56107.523224
1646989200000,17.636,17.723,17.585,17.615,39017.990518
1646992800000,17.616,17.7,17.612,17.683,42028.307761
1646996400000,17.679,18.05,17.547,17.958,151038.87827
1647000000000,17.953,18.075,17.855,17.899,79191.839739
1647003600000,17.898,17.905,17.677,17.765,82805.5513
1647007200000,17.759,17.876,17.658,17.709,47650.222516
1647010800000,17.71,17.71,17.523,17.633,81931.898233
1647014400000,17.64,17.643,17.39,17.529,101412.801326
1647018000000,17.526,17.554,17.416,17.506,42591.31829
1647021600000,17.506,17.527,17.39,17.398,25357.080532
1647025200000,17.397,17.482,17.385,17.397,24318.415914
1647028800000,17.391,17.471,17.164,17.2,57722.393633
1647032400000,17.2,17.473,17.2,17.416,41893.787346
1647036000000,17.42,17.569,17.386,17.515,23753.082352
1647039600000,17.507,17.553,17.371,17.371,21604.059801
1647043200000,17.37,17.639,17.348,17.632,60977.030157
1647046800000,17.635,17.753,17.598,17.721,50817.383995
1647050400000,17.73,17.8,17.579,17.619,47657.106084
1647054000000,17.615,17.694,17.567,17.576,30104.636508
1647057600000,17.578,17.669,17.448,17.642,67418.186328
1647061200000,17.636,17.958,17.597,17.898,157893.002169
1647064800000,17.9,18.473,17.9,18.358,290315.284898
1647068400000,18.364,18.424,18.144,18.285,187861.957365
1647072000000,18.277,18.281,18.018,18.111,86801.34932
1647075600000,18.11,18.232,18.084,18.181,43354.877239
1647079200000,18.185,18.33,18.165,18.25,67307.176916
1647082800000,18.254,18.266,17.935,18.023,72550.058488
1647086400000,18.022,18.1,17.959,18.089,51878.081448
1647090000000,18.093,18.157,17.969,18.002,52391.139142
1647093600000,18.002,18.06,17.82,17.927,76620.135945
1647097200000,17.927,18.05,17.863,18,47125.948298
1647100800000,17.999,18.169,17.945,18.036,68544.272666
1647104400000,18.019,18.144,17.873,17.9,52617.365865
1647108000000,17.899,17.912,17.819,17.86,30904.850908
1647111600000,17.853,17.853,17.73,17.747,40310.017413
1647115200000,17.756,17.877,17.702,17.818,40786.581685
1647118800000,17.828,17.871,17.79,17.819,29421.723426
1647122400000,17.815,17.868,17.778,17.811,28124.372423
1647126000000,17.813,17.901,17.669,17.717,47488.060702
1647129600000,17.717,17.859,17.646,17.857,43989.854851
1647133200000,17.856,17.982,17.825,17.868,45338.805432
1647136800000,17.864,18.066,17.861,17.977,41834.501096
1647140400000,17.98,18.019,17.935,17.975,25276.04316
1647144000000,17.981,18.062,17.883,17.89,31965.191294
1647147600000,17.89,18.003,17.884,17.95,22895.689115
1647151200000,17.95,17.969,17.874,17.912,26590.204976
1647154800000,17.916,17.958,17.864,17.88,25569.24792
1647158400000,17.885,17.894,17.819,17.867,36134.304489
1647162000000,17.861,17.868,17.716,17.797,44406.121988
1647165600000,17.794,17.907,17.761,17.902,26690.389694
1647169200000,17.902,17.985,17.771,17.779,55617.439784
1647172800000,17.778,17.804,17.46,17.617,112958.00027
1647176400000,17.616,17.77,17.569,17.685,52279.18855
1647180000000,17.685,17.8,17.675,17.728,35861.110955
1647183600000,17.731,17.849,17.685,17.693,42346.146269
1647187200000,17.694,17.726,17.621,17.678,31902.399352
1647190800000,17.668,17.79,17.643,17.727,26629.941967
1647194400000,17.719,17.789,17.709,17.77,9351.778254
1647198000000,17.771,17.807,17.635,17.647,23495.213789
1647201600000,17.647,17.647,17.522,17.589,40628.536573
1647205200000,17.575,17.762,17.556,17.733,15633.006794
1647208800000,17.74,17.775,17.05,17.137,168206.155845
1647212400000,17.133,17.334,17.051,17.255,82075.485934
1647216000000,17.254,17.375,17.11,17.369,66131.980721
1647219600000,17.37,17.515,17.295,17.353,56690.153505
1647223200000,17.359,17.407,17.283,17.297,28596.000554
1647226800000,17.293,17.349,17.242,17.335,46812.961268
1647230400000,17.332,17.688,17.326,17.456,113875.786643
1647234000000,17.46,17.5,17.387,17.4,34133.255855
1647237600000,17.4,17.5,17.4,17.439,28079.398085
1647241200000,17.44,17.552,17.427,17.497,48672.453591
1647244800000,17.496,17.6,17.455,17.513,43145.674978
1647248400000,17.508,17.541,17.44,17.505,72011.2891
1647252000000,17.503,17.535,17.44,17.477,27135.853136
1647255600000,17.475,17.481,17.285,17.347,68127.842486
1647259200000,17.34,17.419,17.3,17.419,42690.491577
1647262800000,17.41,17.465,17.239,17.352,66505.385699
1647266400000,17.355,17.483,17.292,17.388,94851.591232
1647270000000,17.397,17.413,17.18,17.3,59206.269527
1647273600000,17.292,17.38,17.213,17.219,33487.742477
1647277200000,17.219,17.219,17.068,17.132,56486.556274
1647280800000,17.139,17.201,17.063,17.159,34142.663673
1647284400000,17.152,17.22,17.097,17.208,19588.37986
1647288000000,17.212,17.278,17.173,17.185,17473.871987
1647291600000,17.192,17.291,17.174,17.238,14026.470168
1647295200000,17.247,17.5,17.232,17.351,84168.498247
1647298800000,17.359,17.51,17.359,17.453,85210.353616
1647302400000,17.453,17.506,17.343,17.444,50304.14293
1647306000000,17.444,17.45,17.186,17.231,82069.00889
1647309600000,17.231,17.244,17.167,17.21,220974.692207
1647313200000,17.213,17.237,17,17.147,142908.887877
1647316800000,17.145,17.152,17.108,17.134,76927.180738
1647320400000,17.128,17.15,17.096,17.127,35349.042089
1647324000000,17.123,17.167,17.088,17.089,71232.288686
1647327600000,17.089,17.091,16.44,16.598,511566.562497
1647331200000,16.599,16.611,16.5,16.599,154224.72798
1647334800000,16.598,16.69,16.522,16.676,165526.845001
1647338400000,16.671,16.73,16.657,16.712,76977.305813
1647342000000,16.713,16.758,16.55,16.634,48226.16558
1647345600000,16.633,16.83,16.628,16.814,131474.349733
1647349200000,16.816,16.844,16.607,16.71,162305.600936
1647352800000,16.708,16.871,16.68,16.839,205908.101962
1647356400000,16.839,16.9,16.783,16.807,166248.351521
1647360000000,16.806,16.95,16.766,16.93,182219.741599
1647363600000,16.93,16.971,16.885,16.967,79519.442134
1647367200000,16.967,17.087,16.93,17.06,77125.350673
1647370800000,17.054,17.188,17.047,17.067,66773.165153
1647374400000,17.066,17.122,16.928,16.943,46857.692046
1647378000000,16.947,17.067,16.825,17.067,61130.39261
1647381600000,17.064,17.09,16.878,16.911,35766.518977
1647385200000,16.913,16.946,16.8,16.8,52596.711738
1647388800000,16.801,16.857,16.74,16.809,133800.748861
1647392400000,16.811,17.115,16.782,17.059,150489.209157
1647396000000,17.061,17.465,17.034,17.199,220387.888337
1647399600000,17.204,17.258,16.8,16.899,279564.88153
1647403200000,16.887,16.95,16.8,16.893,55485.090554
1647406800000,16.897,16.982,16.845,16.978,80569.766235
1647410400000,16.978,17.025,16.95,16.984,158202.186469
1647414000000,16.983,16.99,16.925,16.978,108083.48499
1647417600000,16.979,17.152,16.948,17.12,274047.265708
1647421200000,17.121,17.165,17.021,17.104,236888.089679
1647424800000,17.108,17.14,17.011,17.02,104098.407139
1647428400000,17.019,17.107,16.971,17.084,95663.394865
1647432000000,17.089,17.12,16.982,16.982,88232.443987
1647435600000,16.981,17.06,16.9,17.039,58205.294414
1647439200000,17.052,17.15,16.963,17.122,140904.506078
1647442800000,17.12,17.141,17,17.053,109357.774751
1647446400000,17.053,17.211,16.9,17.206,235823.063459
1647450000000,17.206,17.217,16.972,17.14,119436.200336
1647453600000,17.136,17.165,16.8,17.007,237944.653661
1647457200000,17.005,17.275,16.984,17.275,207888.65498
1647460800000,17.275,17.359,17.247,17.316,144522.184762
1647464400000,17.315,17.375,17.166,17.242,39645.600598
1647468000000,17.241,17.265,17.176,17.241,39552.663737
1647471600000,17.241,17.432,17.197,17.418,119563.508006
1647475200000,17.418,17.449,17.298,17.381,68915.584524
1647478800000,17.38,17.465,17.231,17.419,149519.050277
1647482400000,17.416,17.452,17.35,17.443,77614.996997
1647486000000,17.441,17.441,17.371,17.377,61419.105417
1647489600000,17.379,17.6,17.334,17.583,185153.47237
1647493200000,17.579,17.6,17.45,17.46,73772.09423
1647496800000,17.46,17.556,17.375,17.413,85937.976057
1647500400000,17.406,17.491,17.363,17.491,99867.07097
1647504000000,17.495,17.536,17.45,17.489,64292.51589
1647507600000,17.49,17.519,17.421,17.461,31520.949614
1647511200000,17.462,17.462,17.35,17.452,50594.11482
1647514800000,17.452,17.483,17.405,17.44,39138.397569
1647518400000,17.437,17.577,17.41,17.526,84631.534597
1647522000000,17.533,17.679,17.478,17.651,116032.507457
1647525600000,17.654,17.795,17.526,17.573,144248.226294
1647529200000,17.573,17.646,17.5,17.506,63890.31717
1647532800000,17.517,17.612,17.516,17.567,51225.975513
1647536400000,17.561,17.637,17.454,17.633,49630.731125
1647540000000,17.632,17.687,17.591,17.616,23116.780766
1647543600000,17.615,17.711,17.581,17.711,21394.998614
1647547200000,17.712,17.712,17.515,17.518,25318.247962
1647550800000,17.516,17.6,17.5,17.596,34663.657914
1647554400000,17.6,17.62,17.514,17.619,29026.087823
1647558000000,17.619,17.631,17.414,17.448,41847.705709
1647561600000,17.448,17.471,17.155,17.187,151786.283997
1647565200000,17.194,17.35,17.15,17.332,65834.117371
1647568800000,17.335,17.362,17.22,17.352,48653.186019
1647572400000,17.357,17.38,17.221,17.225,41906.02256
1647576000000,17.226,17.318,17.179,17.287,50532.819209
1647579600000,17.294,17.368,17.294,17.33,56102.926181
1647583200000,17.331,17.383,17.303,17.345,40815.702682
1647586800000,17.344,17.36,17.237,17.256,36686.586804
1647590400000,17.26,17.349,17.218,17.239,45970.035127
1647594000000,17.25,17.278,17.189,17.224,36753.570291
1647597600000,17.222,17.277,17.1,17.114,50309.697001
1647601200000,17.112,17.187,17.08,17.17,43921.181346
1647604800000,17.17,17.261,17.153,17.23,25447.683336
1647608400000,17.223,17.257,17.154,17.245,33471.627514
1647612000000,17.246,17.333,17.201,17.242,71878.223673
1647615600000,17.243,17.407,17.186,17.379,80976.348151
1647619200000,17.379,17.6,17.368,17.578,106608.845389
1647622800000,17.578,17.658,17.521,17.615,59916.449726
1647626400000,17.615,17.663,17.558,17.617,39465.753441
1647630000000,17.617,17.71,17.536,17.698,43279.347309
1647633600000,17.702,17.833,17.595,17.605,81292.24328
1647637200000,17.603,17.629,17.41,17.562,58746.887409
1647640800000,17.556,17.584,17.419,17.425,28281.33674
1647644400000,17.422,17.696,17.422,17.6,45533.896892
1647648000000,17.602,17.78,17.6,17.696,76412.734459
1647651600000,17.696,17.706,17.553,17.655,77837.800175
1647655200000,17.655,17.76,17.596,17.735,38226.327584
1647658800000,17.735,17.749,17.569,17.72,55618.927613
1647662400000,17.719,17.815,17.661,17.798,71370.528401
1647666000000,17.798,17.97,17.777,17.777,78947.860189
1647669600000,17.774,18,17.748,17.896,76688.442756
1647673200000,17.895,18.102,17.805,17.937,181377.626791
1647676800000,17.93,18.285,17.9,18.122,206818.061414
1647680400000,18.122,18.269,18.06,18.096,85748.446159
1647684000000,18.098,18.102,17.89,17.945,106513.148845
1647687600000,17.947,18.055,17.91,18.011,64189.092042
1647691200000,18.014,18.121,17.925,18.105,89845.545419
1647694800000,18.114,18.115,17.809,17.93,98175.313149
1647698400000,17.93,18.108,17.843,18.095,101657.00854
1647702000000,18.096,18.183,17.977,18.063,130991.720745
1647705600000,18.062,18.267,17.961,18.21,133421.416435
1647709200000,18.219,18.372,18.103,18.302,97186.724885
1647712800000,18.306,18.41,18.236,18.315,76836.513702
1647716400000,18.308,18.333,18.188,18.288,40697.802177
1647720000000,18.286,18.328,18.137,18.31,39221.31461
1647723600000,18.31,18.327,18.195,18.206,26884.223792
1647727200000,18.206,18.267,17.922,18.107,105044.401411
1647730800000,18.1,18.215,18.06,18.21,54780.779068
1647734400000,18.213,18.291,17.937,18.044,77492.964995
1647738000000,18.039,18.087,17.847,18.027,86773.990186
1647741600000,18.026,18.077,17.904,18,63090.394489
1647745200000,18,18.2,17.998,18.132,72521.11056
1647748800000,18.137,18.148,18.03,18.08,55553.879905
1647752400000,18.084,18.215,18.031,18.155,56519.724857
1647756000000,18.153,18.22,18.109,18.109,33834.977709
1647759600000,18.108,18.179,18.05,18.1,48568.384063
1647763200000,18.1,18.17,18.036,18.066,38584.346575
1647766800000,18.065,18.096,17.74,17.926,138215.470711
1647770400000,17.937,18.004,17.819,17.952,58938.286025
1647774000000,17.952,17.986,17.806,17.813,59045.552174
1647777600000,17.817,17.86,17.621,17.789,131293.413466
1647781200000,17.791,17.824,17.614,17.697,93244.224415
1647784800000,17.697,17.814,17.466,17.629,109824.772687
1647788400000,17.631,17.709,17.561,17.631,53118.638129
1647792000000,17.632,17.743,17.512,17.601,63170.744376
1647795600000,17.595,17.68,17.23,17.409,119026.046089
1647799200000,17.409,17.511,17.342,17.471,43049.174313
1647802800000,17.475,17.65,17.441,17.639,27605.762602
1647806400000,17.644,17.74,17.552,17.58,32378.219858
1647810000000,17.573,17.743,17.542,17.685,28003.025001
1647813600000,17.683,17.74,17.601,17.74,34445.091564
1647817200000,17.742,17.742,17.601,17.64,25552.743104
1647820800000,17.638,17.749,17.62,17.728,36355.536531
1647824400000,17.728,17.786,17.618,17.653,44888.422458
1647828000000,17.655,17.75,17.336,17.485,104308.618249
1647831600000,17.491,17.573,17.441,17.551,42146.243686
1647835200000,17.546,17.613,17.506,17.595,33480.360324
1647838800000,17.595,17.696,17.589,17.636,47333.158684
1647842400000,17.639,17.669,17.541,17.6,41361.630345
1647846000000,17.602,17.706,17.57,17.702,36498.031873
1647849600000,17.701,17.789,17.666,17.674,58111.111699
1647853200000,17.676,17.791,17.615,17.788,48421.174146
1647856800000,17.787,17.85,17.743,17.796,66727.358195
1647860400000,17.795,17.88,17.709,17.751,74634.144038
1647864000000,17.751,17.808,17.6,17.735,80067.938488
1647867600000,17.736,17.917,17.718,17.725,107995.867168
1647871200000,17.731,17.792,17.657,17.762,80924.823715
1647874800000,17.768,17.867,17.691,17.845,60147.871621
1647878400000,17.842,17.9,17.657,17.687,76310.898664
1647882000000,17.688,17.8,17.626,17.799,80492.637577
1647885600000,17.799,17.829,17.744,17.775,33398.43895
1647889200000,17.776,17.839,17.744,17.828,27477.33706
1647892800000,17.817,17.936,17.773,17.819,35951.319936
1647896400000,17.818,17.971,17.731,17.837,45665.54938
1647900000000,17.843,17.949,17.814,17.855,51819.83639
1647903600000,17.859,17.901,17.753,17.83,47358.95299
1647907200000,17.83,17.932,17.75,17.897,62708.888093
1647910800000,17.899,17.936,17.78,17.868,62782.090848
1647914400000,17.864,18.137,17.842,18.044,200439.194153
1647918000000,18.058,18.231,18.058,18.166,130881.772258
1647921600000,18.166,18.488,18.166,18.352,188769.033063
1647925200000,18.352,18.412,18.243,18.38,78791.470267
1647928800000,18.378,18.4,18.038,18.113,156703.229534
1647932400000,18.118,18.217,18.1,18.154,48948.051638
1647936000000,18.148,18.297,18.115,18.267,62997.724409
1647939600000,18.266,18.277,18.148,18.241,62240.352031
1647943200000,18.242,18.45,18.203,18.351,76605.570705
1647946800000,18.35,18.621,18.313,18.547,151220.402528
1647950400000,18.547,18.555,18.366,18.501,149861.372334
1647954000000,18.501,18.577,18.398,18.485,98572.926552
1647957600000,18.485,18.686,18.447,18.486,145198.020289
1647961200000,18.482,18.533,18.4,18.413,60685.990537
1647964800000,18.412,18.498,18.242,18.319,88278.23145
1647968400000,18.32,18.395,18.3,18.389,30086.487233
1647972000000,18.393,18.446,18.295,18.375,27140.531423
1647975600000,18.37,18.417,18.184,18.224,47945.356294
1647979200000,18.223,18.411,18.216,18.402,33270.155999
1647982800000,18.407,18.5,18.391,18.464,34901.334444
1647986400000,18.465,18.465,18.28,18.335,66237.410519
1647990000000,18.335,18.345,18.216,18.293,56306.388511
1647993600000,18.293,18.582,18.288,18.582,180423.686594
1647997200000,18.582,19.377,18.275,19.306,468021.499008
1648000800000,19.304,19.6,19.131,19.318,361260.811918
1648004400000,19.314,19.405,19.03,19.036,138049.939584
1648008000000,19.034,19.09,18.709,18.925,187278.079465
1648011600000,18.925,18.943,18.782,18.902,69541.137197
1648015200000,18.904,19.105,18.818,19.064,128951.232299
1648018800000,19.063,19.119,18.927,18.981,84966.428107
1648022400000,18.974,19.073,18.823,18.95,80171.161538
1648026000000,18.955,18.995,18.828,18.936,58097.610192
1648029600000,18.935,19.215,18.931,19.11,102980.882748
1648033200000,19.112,19.131,18.872,19.09,76161.401155
1648036800000,19.089,19.126,18.898,19.05,85174.738996
1648040400000,19.056,19.138,18.923,19.044,108476.664159
1648044000000,19.045,19.317,19.002,19.289,149507.105361
1648047600000,19.292,19.389,19.183,19.221,149623.114006
1648051200000,19.222,19.433,19.011,19.188,158534.79182
1648054800000,19.192,19.231,18.733,18.876,149081.102076
1648058400000,18.885,18.981,18.771,18.818,68156.196988
1648062000000,18.818,19.041,18.806,18.993,53703.140263
1648065600000,18.985,19.127,18.972,19.074,32979.190324
1648069200000,19.075,19.16,18.96,19.15,33849.670852
1648072800000,19.148,19.37,19.077,19.291,77392.091538
1648076400000,19.293,19.46,19.164,19.344,91270.228273
1648080000000,19.335,19.459,19.046,19.374,174463.025161
1648083600000,19.383,19.406,19.033,19.198,132349.938888
1648087200000,19.206,19.296,19.053,19.279,91506.559181
1648090800000,19.28,19.283,19.1,19.122,60063.133496
1648094400000,19.132,19.35,19.129,19.276,72521.060436
1648098000000,19.276,19.312,19.173,19.267,61584.141092
1648101600000,19.275,19.35,19.191,19.249,95321.097892
1648105200000,19.246,19.408,19.191,19.323,98691.788931
1648108800000,19.322,19.688,19.25,19.563,199919.535083
1648112400000,19.559,19.81,19.346,19.484,161011.814145
1648116000000,19.485,19.53,19.389,19.516,69587.719927
1648119600000,19.514,19.574,19.366,19.378,68343.907155
1648123200000,19.384,19.424,19.11,19.162,125757.329966
1648126800000,19.171,19.3,18.914,19.239,198721.899217
1648130400000,19.242,19.488,19.151,19.417,113746.492993
1648134000000,19.418,19.56,19.297,19.457,163920.803895
1648137600000,19.458,19.614,19.328,19.499,102567.010569
1648141200000,19.501,19.574,19.257,19.276,73943.147076
1648144800000,19.26,19.374,19.26,19.373,35705.679166
1648148400000,19.372,19.502,19.302,19.405,41681.444575
1648152000000,19.414,19.488,19.335,19.417,27637.286668
1648155600000,19.419,19.581,19.363,19.545,37070.265065
1648159200000,19.546,19.616,19.475,19.533,52727.860625
1648162800000,19.531,19.638,19.452,19.599,61171.395678
1648166400000,19.609,19.688,19.387,19.484,96954.972512
1648170000000,19.482,19.672,19.454,19.5,95709.393233
1648173600000,19.507,19.517,19.351,19.476,94446.147238
1648177200000,19.465,19.532,19.362,19.387,67488.902038
1648180800000,19.395,19.51,19.357,19.496,58841.024111
1648184400000,19.5,19.537,19.432,19.435,45821.357389
1648188000000,19.439,19.569,19.4,19.459,101092.720643
1648191600000,19.461,19.5,19.195,19.232,137890.347961
1648195200000,19.231,19.325,19.031,19.31,178573.666479
1648198800000,19.311,19.4,19.215,19.366,72265.589822
1648202400000,19.366,19.432,19.307,19.404,57700.557698
1648206000000,19.404,19.55,19.342,19.487,90700.334559
1648209600000,19.49,19.547,19.395,19.492,125186.587833
1648213200000,19.495,19.528,19.412,19.475,74302.492729
1648216800000,19.479,19.532,19.336,19.473,91926.298538
1648220400000,19.476,19.478,19.175,19.255,131450.344109
1648224000000,19.256,19.342,19.044,19.044,102530.982051
1648227600000,19.046,19.119,18.4,18.725,303794.250669
1648231200000,18.719,18.916,18.707,18.891,41971.432805
1648234800000,18.89,18.926,18.699,18.854,40850.897241
1648238400000,18.847,18.95,18.814,18.936,41414.824261
1648242000000,18.935,18.968,18.802,18.96,30225.48982
1648245600000,18.96,18.96,18.79,18.802,39797.147686
1648249200000,18.804,18.888,18.747,18.846,65516.857825
1648252800000,18.847,18.973,18.709,18.722,73541.685593
1648256400000,18.72,18.812,18.629,18.753,66317.10763
1648260000000,18.752,18.849,18.662,18.742,48182.683278
1648263600000,18.743,18.824,18.632,18.747,56086.935417
1648267200000,18.75,18.822,18.707,18.8,29929.081217
1648270800000,18.8,18.93,18.759,18.916,56025.29812
1648274400000,18.917,18.94,18.827,18.915,53428.074141
1648278000000,18.916,19.006,18.848,18.962,45129.676389
1648281600000,18.958,19.019,18.858,18.909,59523.026827
1648285200000,18.91,19.015,18.883,18.924,34561.266888
1648288800000,18.925,18.937,18.799,18.888,42635.166871
1648292400000,18.903,18.98,18.825,18.857,34974.292463
1648296000000,18.852,18.915,18.716,18.87,53989.965905
1648299600000,18.863,18.883,18.735,18.803,40246.405571
1648303200000,18.804,18.83,18.733,18.789,49315.336119
1648306800000,18.79,18.914,18.769,18.847,43566.297892
1648310400000,18.849,19.14,18.787,19.087,83001.250391
1648314000000,19.103,19.183,19.051,19.107,74596.337649
1648317600000,19.12,19.288,19.112,19.166,68024.060856
1648321200000,19.161,19.218,19.054,19.137,26846.555698
1648324800000,19.137,19.26,19.065,19.126,62212.863746
1648328400000,19.127,19.25,19.072,19.249,32051.298715
1648332000000,19.249,19.279,19.133,19.145,29214.202721
1648335600000,19.146,19.445,19.142,19.415,70271.404276
1648339200000,19.413,19.5,19.323,19.404,93612.221672
1648342800000,19.407,19.58,19.305,19.536,109803.544684
1648346400000,19.536,19.548,19.418,19.481,77965.005941
1648350000000,19.483,19.544,19.367,19.408,63786.181055
1648353600000,19.4,19.449,19.258,19.385,90778.187102
1648357200000,19.385,19.52,19.367,19.469,68344.551184
1648360800000,19.472,19.53,19.412,19.43,45297.37414
1648364400000,19.437,19.497,19.4,19.484,35642.176509
1648368000000,19.483,19.535,19.373,19.383,51095.928083
1648371600000,19.382,19.444,19.335,19.336,40186.954009
1648375200000,19.335,19.407,19.311,19.346,47147.190312
1648378800000,19.345,19.387,19.306,19.328,35218.362757
1648382400000,19.332,19.352,19.023,19.083,117752.283604
1648386000000,19.077,19.333,18.92,19.278,102812.068027
1648389600000,19.286,19.516,19.255,19.366,108309.635939
1648393200000,19.366,20.28,19.254,20.087,497757.416237
1648396800000,20.088,21.932,20.086,21.734,1005731.45941
1648400400000,21.727,22.149,21.426,21.901,427745.525493
1648404000000,21.916,22.368,21.755,22.153,244376.392994
1648407600000,22.153,22.386,21.828,22.07,207897.808765
1648411200000,22.085,22.362,21.862,22.114,174082.223787
1648414800000,22.113,22.365,22.071,22.246,122584.630629
1648418400000,22.25,23.412,22.146,22.734,358021.377074
1648422000000,22.749,24.1,22.7,23.691,449402.010294
1648425600000,23.691,24.429,23.45,24.144,478461.913518
1648429200000,24.142,24.837,24.054,24.416,402038.874284
1648432800000,24.412,24.975,24.048,24.685,374534.27552
1648436400000,24.697,25.14,24.595,24.648,352558.224146
1648440000000,24.648,24.963,24.359,24.883,267487.452748
1648443600000,24.878,25.555,24.818,25.167,481892.062561
1648447200000,25.145,25.152,24.244,24.728,425844.453624
1648450800000,24.734,24.923,24.463,24.663,208475.838735
1648454400000,24.659,24.8,24.262,24.503,269065.55063
1648458000000,24.505,24.877,24.46,24.549,196027.744681
1648461600000,24.547,24.922,24.47,24.509,195032.621008
1648465200000,24.502,24.83,24.359,24.418,178454.72996
1648468800000,24.416,25.78,24.391,25.483,569018.195471
1648472400000,25.475,25.719,24.914,25.064,435053.904948
1648476000000,25.064,25.294,24.516,25.138,381767.332611
1648479600000,25.141,25.97,24.813,25.798,394927.941488
1648483200000,25.791,26.353,24.864,25.357,615535.634134
1648486800000,25.355,25.398,24.959,25.093,177965.254425
1648490400000,25.084,25.343,24.974,25.124,158686.484958
1648494000000,25.123,25.868,25.123,25.41,168469.060281
1648497600000,25.406,27.614,25.396,27.42,520195.152117
1648501200000,27.426,27.87,26.2,26.581,383843.995973
1648504800000,26.578,27.5,26.459,26.633,450916.070352
1648508400000,26.634,26.898,24.622,25.323,673896.3955
1648512000000,25.317,25.674,24.895,25.176,442355.351144
1648515600000,25.173,26.384,25.173,26.339,332458.465223
1648519200000,26.341,26.559,25.601,25.773,371481.923356
1648522800000,25.771,26.321,25.698,25.904,227176.406125
1648526400000,25.906,26.231,25.702,26.091,187873.040785
1648530000000,26.106,26.49,26.02,26.238,194834.374536
1648533600000,26.238,26.385,25.95,26.06,137183.530635
1648537200000,26.06,26.06,25.61,25.652,215369.574946
1648540800000,25.644,26.114,25.644,25.845,162702.929864
1648544400000,25.851,26.139,25.642,25.819,226104.592743
1648548000000,25.826,26,25.666,25.856,146769.485946
1648551600000,25.853,26.768,25.813,26.628,404946.486924
1648555200000,26.619,27.432,26.386,26.487,502766.864973
1648558800000,26.487,27.7,26.239,27.505,473901.547364
1648562400000,27.502,28.122,27.128,27.333,530153.25101
1648566000000,27.324,27.98,26.727,26.939,442191.692595
1648569600000,26.934,27.247,26.034,27.11,524398.510667
1648573200000,27.11,27.187,26.374,26.838,231460.287859
1648576800000,26.838,26.928,26.392,26.734,143745.372415
1648580400000,26.733,27.272,26.654,26.732,144874.180151
1648584000000,26.737,26.83,26,26.305,159084.695667
1648587600000,26.318,26.404,25.665,25.901,170115.332162
1648591200000,25.9,26.216,25.707,26.05,272479.181456
1648594800000,26.05,26.484,26,26.358,151633.437263
1648598400000,26.356,26.542,25.89,26.176,179922.863883
1648602000000,26.174,26.177,24.732,25.182,504909.783618
1648605600000,25.182,25.666,25.094,25.575,232985.382366
1648609200000,25.578,25.77,25.429,25.7,152244.98069
1648612800000,25.705,25.758,25.117,25.488,187447.367883
1648616400000,25.498,25.853,25.349,25.816,156134.973774
1648620000000,25.822,26.347,25.71,25.989,224528.357912
1648623600000,25.989,26.183,25.821,26.024,175282.478264
1648627200000,26.024,26.6,25.625,26.335,406924.368235
1648630800000,26.336,26.367,25.9,26.122,194989.961168
1648634400000,26.122,26.318,25.911,26.124,147941.3736
1648638000000,26.126,26.205,25.77,26.073,175422.931279
1648641600000,26.08,26.105,25.7,25.906,149010.91299
1648645200000,25.91,25.939,25.288,25.647,227658.265357
1648648800000,25.648,25.95,25.454,25.781,167488.788311
1648652400000,25.761,25.866,25.422,25.751,190637.94724
1648656000000,25.746,26.38,25.523,26.16,256160.835892
1648659600000,26.164,26.545,25.93,26.36,198964.526442
1648663200000,26.369,26.5,25.735,25.768,152224.65426
1648666800000,25.759,25.861,25.349,25.612,155230.07953
1648670400000,25.614,25.984,25.489,25.916,84238.726938
1648674000000,25.917,26.1,25.717,25.84,62517.135359
1648677600000,25.853,26.118,25.669,26.033,101373.789675
1648681200000,26.046,26.146,25.77,25.9,85140.329496
1648684800000,25.9,26.48,25.832,26.143,208466.265698
1648688400000,26.147,27.5,26.147,27.179,508368.259907
1648692000000,27.181,27.242,26.64,26.778,244397.030631
1648695600000,26.77,26.77,26.288,26.44,191811.645385
1648699200000,26.439,26.73,25.973,26.029,283216.07379
1648702800000,26.033,26.33,25.902,26.26,176125.596411
1648706400000,26.268,26.376,26.066,26.287,107069.491851
1648710000000,26.291,26.37,26.085,26.272,133799.949287
1648713600000,26.274,26.4,26.117,26.198,134594.514652
1648717200000,26.199,26.241,26.108,26.181,93393.345986
1648720800000,26.18,26.292,25.501,25.918,245600.723542
1648724400000,25.911,26.036,25.65,25.938,162217.387173
1648728000000,25.936,26.322,25.91,26.175,175972.085355
1648731600000,26.177,26.3,25.64,25.66,230088.543138
1648735200000,25.665,25.67,23.931,25.064,1035310.562836
1648738800000,25.059,25.23,24.631,24.725,306909.520396
1648742400000,24.72,24.879,24.07,24.206,506497.47324
1648746000000,24.223,24.58,24.157,24.486,141458.0799
1648749600000,24.478,24.617,24.107,24.617,94376.274121
1648753200000,24.62,24.76,24.41,24.562,97141.983564
1648756800000,24.567,24.765,24.547,24.68,44991.99663
1648760400000,24.685,24.78,24.562,24.567,37302.372196
1648764000000,24.568,24.642,24.35,24.488,99867.890299
1648767600000,24.469,24.483,24.063,24.453,166214.677533
1648771200000,24.453,24.695,24.346,24.62,142735.32274
1648774800000,24.608,24.816,24.2,24.255,151962.390728
1648778400000,24.25,24.426,23,23.198,624206.199228
1648782000000,23.198,23.382,22.94,23.354,303219.345613
1648785600000,23.358,23.48,23.203,23.324,162878.986967
1648789200000,23.325,23.42,23.146,23.209,125998.885637
1648792800000,23.221,23.56,23.122,23.451,188280.407436
1648796400000,23.452,23.78,23.429,23.753,169983.655411
1648800000000,23.757,23.925,23.638,23.712,173162.212251
1648803600000,23.719,23.878,23.542,23.647,142382.659691
1648807200000,23.62,23.739,23.531,23.689,120706.894086
1648810800000,23.687,23.785,23.563,23.599,109231.680365
1648814400000,23.598,23.707,23.175,23.624,219840.583272
1648818000000,23.628,24.168,23.6,23.945,220221.864233
1648821600000,23.953,24.597,23.953,24.54,283947.420794
1648825200000,24.542,24.983,24.5,24.85,298353.286765
1648828800000,24.853,24.915,24.4,24.454,172259.39383
1648832400000,24.45,24.85,24.38,24.782,119690.182214
1648836000000,24.778,24.915,24.656,24.764,88999.804904
1648839600000,24.759,24.803,24.503,24.791,68487.933146
1648843200000,24.795,25.144,24.754,24.977,100790.979015
1648846800000,24.968,25.84,24.915,25.671,116556.271188
1648850400000,25.668,26.171,25.523,25.697,249234.142289
1648854000000,25.697,25.739,25.233,25.521,179061.013327
1648857600000,25.515,26.016,25.13,25.838,218556.850432
1648861200000,25.83,26.71,25.83,26.021,444552.674719
1648864800000,26.005,26.186,25.623,25.789,201316.745568
1648868400000,25.79,25.988,25.746,25.894,110349.207197
1648872000000,25.894,25.986,25.668,25.831,97333.782725
1648875600000,25.845,25.94,25.691,25.754,88493.791366
1648879200000,25.755,25.789,25.507,25.596,120092.577103
1648882800000,25.597,25.776,25.525,25.636,102413.919484
1648886400000,25.643,25.65,25.303,25.572,135183.582883
1648890000000,25.57,25.888,25.529,25.717,124035.780026
1648893600000,25.725,25.891,25.637,25.882,56194.569244
1648897200000,25.886,25.9,25.509,25.57,86134.597115
1648900800000,25.571,25.701,24.873,25.39,264956.71017
1648904400000,25.381,25.589,25.277,25.422,96854.618834
1648908000000,25.421,25.521,25.015,25.173,138350.526984
1648911600000,25.174,25.174,24.373,24.582,388572.996608
1648915200000,24.582,25.038,24.452,25.004,171558.365815
1648918800000,25.001,25.106,24.875,24.923,83760.518483
1648922400000,24.93,24.951,24.144,24.327,216772.79191
1648926000000,24.319,24.613,24.285,24.461,74268.089192
1648929600000,24.46,24.626,24.3,24.53,62313.601977
1648933200000,24.519,24.654,24.3,24.646,39625.971099
1648936800000,24.637,24.767,24.414,24.512,61336.137154
1648940400000,24.497,24.52,23.75,23.929,200775.83258
1648944000000,23.935,24.404,23.928,24.381,86156.824183
1648947600000,24.38,24.38,23.605,23.863,183253.824684
1648951200000,23.858,24.126,23.81,23.898,106659.491449
1648954800000,23.896,24.241,23.834,24.236,101948.102829
1648958400000,24.239,24.662,24.2,24.604,132190.148611
1648962000000,24.604,24.738,24.453,24.466,88062.317117
1648965600000,24.472,24.833,24.41,24.803,102133.578698
1648969200000,24.809,24.87,24.507,24.581,78641.658754
1648972800000,24.586,24.681,24.373,24.458,88666.661439
1648976400000,24.46,24.666,24.304,24.521,111021.318332
1648980000000,24.518,24.859,24.513,24.706,103082.479298
1648983600000,24.708,24.748,24.519,24.66,63129.253914
1648987200000,24.662,25.542,24.598,25.307,313329.176301
1648990800000,25.313,25.564,25,25.194,194385.781852
1648994400000,25.182,25.74,25.077,25.556,238399.011871
1648998000000,25.556,25.826,25.28,25.439,194596.028459
1649001600000,25.445,25.522,25.028,25.106,155784.69478
1649005200000,25.111,25.23,24.827,25.01,116033.832921
1649008800000,25.025,25.156,24.847,25.037,60830.597706
1649012400000,25.041,25.178,24.979,25.091,56649.971699
1649016000000,25.098,25.255,25.035,25.049,31191.603862
1649019600000,25.052,25.488,25.021,25.427,46379.347828
1649023200000,25.427,25.891,25.365,25.576,193795.852499
1649026800000,25.585,25.585,25.27,25.43,140658.932621
1649030400000,25.433,25.443,24.62,24.895,234946.83893
1649034000000,24.911,25.16,24.864,24.974,85589.35257
1649037600000,24.962,25.132,24.835,25.107,88423.276651
1649041200000,25.102,25.763,25.098,25.241,266148.052624
1649044800000,25.228,25.486,25.142,25.213,92356.401711
1649048400000,25.214,25.496,25.186,25.427,81419.456878
1649052000000,25.43,25.631,25.229,25.361,116931.8181
1649055600000,25.387,25.481,25.277,25.364,80327.747638
1649059200000,25.367,25.705,25.18,25.444,256439.214485
1649062800000,25.431,25.461,25.023,25.107,137771.988914
1649066400000,25.095,25.236,24.752,25.095,212770.256886
1649070000000,25.089,25.4,24.972,25.4,118116.786211
1649073600000,25.4,25.679,25,25.226,274773.546694
1649077200000,25.226,25.308,24.768,25.201,217620.923446
1649080800000,25.199,25.331,24.73,24.787,173948.146951
1649084400000,24.795,24.898,24.18,24.257,320060.033503
1649088000000,24.272,24.559,24.161,24.46,164069.575926
1649091600000,24.446,24.529,23.662,23.964,272913.421746
1649095200000,23.942,24.113,23.72,24.055,154558.263252
1649098800000,24.062,24.297,24.049,24.273,75186.7034
1649102400000,24.281,24.546,24.156,24.534,76289.166018
1649106000000,24.547,24.85,24.51,24.77,65744.033321
1649109600000,24.778,24.89,24.524,24.805,152076.131818
1649113200000,24.845,25.49,24.751,25.244,286372.994138
1649116800000,25.251,25.559,24.839,25.044,370307.712047
1649120400000,25.047,25.8,24.985,25.671,507021.679694
1649124000000,25.67,26.11,25.42,25.725,411703.524826
1649127600000,25.719,26.288,25.719,26.088,351313.051596
1649131200000,26.088,26.4,25.84,26.22,234549.403288
1649134800000,26.229,26.273,25.936,25.991,176440.516359
1649138400000,25.991,26.083,25.702,25.847,158984.934197
1649142000000,25.867,26.035,25.74,25.89,143356.987331
1649145600000,25.887,26.014,25.666,25.878,112018.052095
1649149200000,25.889,25.998,25.719,25.743,107885.240057
1649152800000,25.742,25.841,25.49,25.762,145985.915068
1649156400000,25.768,26.224,25.762,26.044,185708.913684
1649160000000,26.028,26.55,25.856,25.976,448200.658606
1649163600000,25.972,26.108,25.56,25.73,414366.049816
1649167200000,25.715,25.791,25.25,25.467,383814.383195
1649170800000,25.438,26,25.373,25.558,257485.414214
1649174400000,25.535,25.748,25.096,25.514,308909.469308
1649178000000,25.514,25.623,25.26,25.421,161142.150039
1649181600000,25.416,25.466,24.888,25.055,174298.627221
1649185200000,25.056,25.099,24.529,24.915,217418.398905
1649188800000,24.921,25.007,24.562,24.814,110746.271549
1649192400000,24.814,25.223,24.702,25.176,67822.474581
1649196000000,25.173,25.621,25.031,25.296,127880.174672
1649199600000,25.309,25.338,24.732,24.9,166768.402515
1649203200000,24.904,24.914,23.469,24.383,806869.741545
1649206800000,24.381,24.78,24.344,24.467,187999.420193
1649210400000,24.457,24.749,24.39,24.477,109840.907817
1649214000000,24.459,24.711,24.317,24.547,121352.556861
1649217600000,24.548,24.82,24.405,24.809,89293.421007
1649221200000,24.808,24.822,24.605,24.775,103817.678024
1649224800000,24.773,24.773,24.52,24.687,74982.402541
1649228400000,24.692,24.768,24.446,24.507,81918.31218
1649232000000,24.508,24.601,24.34,24.497,80394.235121
1649235600000,24.494,24.524,24.122,24.336,116956.552051
1649239200000,24.344,24.43,23.939,24.168,192960.536375
1649242800000,24.18,24.257,23.855,24.056,248324.28964
1649246400000,24.051,24.316,23.944,24.031,161616.569017
1649250000000,24.024,24.29,23.366,23.467,302983.402299
1649253600000,23.462,23.699,23.008,23.461,320742.075779
1649257200000,23.47,23.583,23,23.342,225258.35682
1649260800000,23.346,23.432,22.31,22.619,375287.197584
1649264400000,22.616,22.772,22.13,22.713,182905.269674
1649268000000,22.718,22.977,22.05,22.608,223633.834118
1649271600000,22.619,22.698,22.232,22.51,82164.877916
1649275200000,22.51,22.62,22.323,22.453,61266.886367
1649278800000,22.453,22.539,22.275,22.411,43070.315415
1649282400000,22.414,22.56,21.89,21.996,151231.765943
1649286000000,21.996,22.308,21.541,21.749,256706.105772
1649289600000,21.748,22.22,21.43,21.656,300832.789517
1649293200000,21.648,22.02,21.591,21.976,196857.124711
1649296800000,21.989,22.037,21.742,21.982,124864.798924
1649300400000,21.992,22.093,21.809,21.9,151435.608377
1649304000000,21.908,22.3,21.897,22.201,141909.617038
1649307600000,22.204,22.28,21.988,22.189,83740.967614
1649311200000,22.198,22.436,22.077,22.286,99057.709204
1649314800000,22.299,22.478,22.266,22.406,75375.372687
1649318400000,22.403,22.478,22.195,22.285,78302.194312
1649322000000,22.294,22.313,21.937,22.075,117673.636839
1649325600000,22.075,22.28,22.017,22.253,76289.863422
1649329200000,22.252,22.7,22.067,22.556,203030.968625
1649332800000,22.553,22.676,22.3,22.313,175777.324651
1649336400000,22.313,22.475,22.133,22.436,121211.724797
1649340000000,22.44,22.532,22.039,22.13,152078.745366
1649343600000,22.132,22.223,21.793,22.114,170653.951682
1649347200000,22.113,22.255,21.923,22.24,96024.461048
1649350800000,22.229,22.449,22.188,22.33,114232.266507
1649354400000,22.328,22.498,22.3,22.468,57121.404324
1649358000000,22.468,22.499,22.133,22.156,70285.253696
1649361600000,22.163,22.35,22.149,22.327,38896.764747
1649365200000,22.325,22.351,22.021,22.201,33048.86321
1649368800000,22.199,22.464,22.157,22.441,53120.283911
1649372400000,22.443,22.524,22.35,22.467,99201.173045
1649376000000,22.463,22.641,22.293,22.293,101776.314026
1649379600000,22.292,22.48,22.25,22.432,92316.818993
1649383200000,22.435,22.614,22.395,22.52,101710.8923
1649386800000,22.519,22.796,22.5,22.766,90350.722748
1649390400000,22.761,22.835,22.599,22.732,75786.189704
1649394000000,22.732,22.852,22.67,22.755,94378.678386
1649397600000,22.759,22.849,22.64,22.714,83049.765391
1649401200000,22.715,22.779,22.398,22.734,99429.284352
1649404800000,22.729,22.928,22.68,22.76,105332.958966
1649408400000,22.755,22.814,22.561,22.614,66868.65709
1649412000000,22.611,22.665,22.496,22.571,60300.421886
1649415600000,22.563,22.578,22.16,22.291,181224.900553
1649419200000,22.288,22.418,22.032,22.073,93283.349219
1649422800000,22.076,22.146,21.52,21.775,258037.765437
1649426400000,21.764,22.595,21.761,22.495,223746.375666
1649430000000,22.485,22.775,22.475,22.536,179570.560662
1649433600000,22.528,22.742,22.178,22.259,119090.341559
1649437200000,22.265,22.319,21.725,21.945,244139.624055
1649440800000,21.939,21.987,21.538,21.795,183916.818306
1649444400000,21.801,21.895,21.564,21.696,60010.15661
1649448000000,21.69,21.873,21.6,21.863,42899.851989
1649451600000,21.846,21.888,21.568,21.57,35868.326762
1649455200000,21.57,21.627,21.007,21.143,204344.850105
1649458800000,21.153,21.343,21,21.319,147812.107522
1649462400000,21.32,21.751,21.298,21.683,179108.061682
1649466000000,21.68,21.712,21.434,21.603,67336.228723
1649469600000,21.602,21.632,21.175,21.229,85413.726651
1649473200000,21.226,21.554,21.168,21.515,73460.713723
1649476800000,21.511,21.637,21.418,21.435,54296.559456
1649480400000,21.432,21.664,21.423,21.626,57645.277751
1649484000000,21.636,21.64,21.48,21.58,48794.275226
1649487600000,21.564,21.688,21.523,21.618,55174.806876
1649491200000,21.617,21.654,21.528,21.604,38594.083951
1649494800000,21.605,21.63,21.438,21.519,51016.830058
1649498400000,21.528,21.552,21.312,21.548,57068.422871
1649502000000,21.547,21.61,21.493,21.545,50184.978217
1649505600000,21.547,21.627,21.44,21.61,62641.556684
1649509200000,21.612,21.631,21.516,21.533,43375.05284
1649512800000,21.53,21.576,21.385,21.527,72145.048249
1649516400000,21.521,21.542,21.208,21.309,98463.461246
1649520000000,21.309,21.629,21.286,21.477,109843.009274
1649523600000,21.476,21.698,21.422,21.615,51108.318594
1649527200000,21.615,21.674,21.45,21.533,23199.396857
1649530800000,21.536,21.621,21.514,21.539,25098.979029
1649534400000,21.525,21.609,21.415,21.425,25800.981492
1649538000000,21.424,21.579,21.393,21.537,22348.456056
1649541600000,21.544,21.607,21.526,21.558,33186.810279
1649545200000,21.552,21.742,21.489,21.711,62718.373918
1649548800000,21.712,21.794,21.58,21.613,65912.130329
1649552400000,21.613,21.768,21.565,21.71,49845.607366
1649556000000,21.707,21.76,21.648,21.732,46104.963318
1649559600000,21.73,21.841,21.672,21.751,73308.740556
1649563200000,21.75,21.778,21.651,21.66,46201.139702
1649566800000,21.663,21.688,21.554,21.571,56601.218893
1649570400000,21.57,21.677,21.554,21.653,34042.787597
1649574000000,21.651,21.671,21.516,21.588,34484.461597
1649577600000,21.589,21.599,21.501,21.529,39584.988785
1649581200000,21.529,21.542,21.376,21.401,44201.967778
1649584800000,21.401,21.446,21.183,21.379,93498.700476
1649588400000,21.377,21.479,21.309,21.469,50818.846339
1649592000000,21.478,21.589,21.312,21.386,110968.648472
1649595600000,21.393,21.44,21.236,21.297,58001.186409
1649599200000,21.293,21.425,21.263,21.377,47955.833033
1649602800000,21.378,21.43,21.33,21.373,57013.644824
1649606400000,21.371,21.543,21.299,21.48,103466.872594
1649610000000,21.493,21.7,21.488,21.644,191337.396189
1649613600000,21.658,21.78,21.617,21.661,71401.805047
1649617200000,21.663,21.798,21.631,21.741,27406.123866
1649620800000,21.758,21.84,21.582,21.614,53780.64318
1649624400000,21.618,21.659,21.34,21.359,37199.34452
1649628000000,21.358,21.381,20.83,21.049,326046.564352
1649631600000,21.047,21.19,20.914,21.033,112195.41703
1649635200000,21.031,21.078,20.451,20.799,217415.43572
1649638800000,20.809,20.921,20.68,20.703,87548.248642
1649642400000,20.702,20.759,20.327,20.416,260796.099483
1649646000000,20.417,20.543,20.314,20.539,87215.646137
1649649600000,20.539,20.596,20.489,20.581,83476.292006
1649653200000,20.582,20.671,20.535,20.662,58993.876776
1649656800000,20.668,20.668,20.456,20.566,53592.234262
1649660400000,20.569,20.65,20.499,20.624,42900.820357
1649664000000,20.624,20.669,20.358,20.388,78371.122904
1649667600000,20.383,20.426,19.024,19.024,494843.687812
1649671200000,19.024,19.606,19.02,19.491,312191.420401
1649674800000,19.489,19.489,19.001,19.267,258763.048947
1649678400000,19.268,19.367,19.166,19.261,106855.967234
1649682000000,19.262,19.293,18.88,19.188,219781.01242
1649685600000,19.188,19.27,18.933,19.007,154379.240148
1649689200000,18.999,19.157,18.897,18.897,111684.815685
1649692800000,18.903,19.116,18.727,19.023,218994.481413
1649696400000,19.024,19.128,18.811,19.028,104601.272622
1649700000000,19.029,19.029,18.731,19.007,81557.773038
1649703600000,19.009,19.029,18.357,18.427,365017.855845
1649707200000,18.419,18.511,18.129,18.319,224309.990073
1649710800000,18.318,18.436,18,18.068,138186.968335
1649714400000,18.066,18.43,18.005,18.386,166537.587679
1649718000000,18.375,18.48,18.19,18.316,112208.558195
1649721600000,18.316,18.575,18.271,18.424,138335.304803
1649725200000,18.434,18.7,18.336,18.531,125853.931425
1649728800000,18.524,18.579,18.313,18.364,129526.793244
1649732400000,18.361,18.52,18.332,18.516,82621.547977
1649736000000,18.517,18.719,18.48,18.717,150221.98715
1649739600000,18.718,19.022,18.685,18.933,169769.283005
1649743200000,18.933,18.982,18.768,18.85,102756.60652
1649746800000,18.844,19,18.826,18.944,80186.458696
1649750400000,18.958,19.138,18.918,19.069,107975.059331
1649754000000,19.072,19.121,18.903,19.032,112278.555723
1649757600000,19.037,19.072,18.905,18.993,63280.162679
1649761200000,18.994,19.313,18.934,19.262,143688.080186
1649764800000,19.274,19.6,19.07,19.582,274006.541686
1649768400000,19.576,19.588,19.309,19.373,194457.910218
1649772000000,19.377,19.389,18.954,19.124,215065.581653
1649775600000,19.122,19.314,19.101,19.121,97631.235517
1649779200000,19.128,19.26,19.029,19.117,89980.899188
1649782800000,19.13,19.205,18.935,19.008,49260.989423
1649786400000,18.999,19.066,18.613,18.654,117119.653812
1649790000000,18.654,18.694,18.437,18.565,146567.960391
1649793600000,18.564,19.5,18.533,19.318,122679.887948
1649797200000,19.319,19.338,19.126,19.257,74525.567365
1649800800000,19.262,19.274,19.077,19.237,89271.648805
1649804400000,19.24,19.708,19.212,19.443,126358.929311
1649808000000,19.451,19.5,19.16,19.212,118150.932381
1649811600000,19.213,19.441,19.075,19.44,100440.362497
1649815200000,19.439,19.51,19.165,19.412,105320.560921
1649818800000,19.4,19.503,19.348,19.379,66597.678141
1649822400000,19.379,19.428,19.28,19.366,85324.082276
1649826000000,19.368,19.38,19.22,19.369,60362.50534
1649829600000,19.369,19.4,19.201,19.239,75855.98302
1649833200000,19.239,19.325,19.134,19.256,67071.632683
1649836800000,19.268,19.322,19.142,19.254,42582.696484
1649840400000,19.255,19.286,19.1,19.12,39286.764951
1649844000000,19.119,19.172,18.74,18.948,157408.77809
1649847600000,18.956,19.157,18.889,18.918,89194.819356
1649851200000,18.909,19.02,18.842,18.857,74056.809805
1649854800000,18.861,19.37,18.77,19.333,155985.19521
1649858400000,19.346,19.446,19.116,19.262,145990.763449
1649862000000,19.262,19.564,19.248,19.418,159670.498348
1649865600000,19.419,19.579,19.217,19.249,92599.680644
1649869200000,19.25,19.321,19.18,19.285,49902.071515
1649872800000,19.276,19.411,19.231,19.352,30236.374195
1649876400000,19.351,19.439,19.215,19.241,35697.07532
1649880000000,19.234,19.372,19.21,19.371,28488.618423
1649883600000,19.374,19.476,19.324,19.429,25793.738232
1649887200000,19.429,19.547,19.385,19.49,43978.961663
1649890800000,19.494,19.524,19.387,19.394,44180.696162
1649894400000,19.4,19.51,19.314,19.483,48743.038603
1649898000000,19.485,19.78,19.463,19.772,113563.619003
1649901600000,19.769,19.786,19.569,19.598,60062.092356
1649905200000,19.599,19.632,19.495,19.583,55397.069799
1649908800000,19.58,19.648,19.464,19.5,48770.092074
1649912400000,19.5,19.543,19.444,19.534,42399.560791
1649916000000,19.531,19.565,19.333,19.391,76695.613583
1649919600000,19.388,19.48,19.326,19.408,70368.938708
1649923200000,19.429,19.516,19.342,19.38,64400.743742
1649926800000,19.369,19.411,19.098,19.299,74024.898441
1649930400000,19.284,19.324,19.1,19.115,74464.700279
1649934000000,19.111,19.309,19.091,19.309,76904.609959
1649937600000,19.307,19.557,19.282,19.502,94641.720381
1649941200000,19.502,19.565,19.044,19.123,163608.273662
1649944800000,19.112,19.278,18.95,19.195,141756.989699
1649948400000,19.169,19.227,18.68,18.711,175490.073393
1649952000000,18.711,18.817,18.451,18.615,173878.931153
1649955600000,18.611,18.811,18.564,18.782,52199.434974
1649959200000,18.782,18.809,18.48,18.533,46621.477812
1649962800000,18.541,18.669,18.486,18.61,32653.480347
1649966400000,18.601,18.724,18.505,18.722,32812.483099
1649970000000,18.724,18.811,18.707,18.775,20027.702736
1649973600000,18.78,18.863,18.69,18.71,35787.342991
1649977200000,18.712,18.742,18.638,18.689,38031.610413
1649980800000,18.69,18.93,18.659,18.766,68356.405514
1649984400000,18.769,19.05,18.742,18.967,84075.404584
1649988000000,18.966,19.072,18.935,18.965,54837.881475
1649991600000,18.982,19.153,18.958,19.105,56927.585076
1649995200000,19.109,19.193,18.931,18.986,69639.497586
1649998800000,18.988,19.05,18.932,18.964,37490.635335
1650002400000,18.963,19.032,18.727,18.894,68060.486882
1650006000000,18.877,19.093,18.76,19.009,92130.87801
1650009600000,19.009,19.086,18.86,18.926,46616.457563
1650013200000,18.937,18.991,18.88,18.934,44595.668413
1650016800000,18.932,19.096,18.9,19.013,51916.556182
1650020400000,19.018,19.06,18.9,18.979,55205.891771
1650024000000,18.977,19.028,18.81,18.844,44202.143328
1650027600000,18.844,19,18.756,18.8,104770.018102
1650031200000,18.8,19.167,18.73,19.007,114955.966126
1650034800000,19.012,19.12,18.979,19.015,61793.04875
1650038400000,19.009,19.077,18.887,19.032,81346.386275
1650042000000,19.036,19.115,18.928,18.983,37566.93157
1650045600000,18.968,19.001,18.9,18.908,16755.030057
1650049200000,18.906,18.931,18.828,18.892,19290.350741
1650052800000,18.888,19.02,18.861,19.012,15596.751648
1650056400000,19.012,19.045,18.966,18.994,16097.585173
1650060000000,18.997,19.065,18.925,19.04,25546.492512
1650063600000,19.038,19.13,19.003,19.048,44825.524053
1650067200000,19.048,19.259,18.986,19.175,64932.816615
1650070800000,19.175,19.237,19.125,19.167,56284.153801
1650074400000,19.169,19.226,19.086,19.117,42372.142117
1650078000000,19.115,19.124,19.003,19.026,52405.622807
1650081600000,19.025,19.151,19.018,19.122,33789.060783
1650085200000,19.12,19.139,19.038,19.077,21837.760043
1650088800000,19.074,19.074,19.003,19.072,25334.920647
1650092400000,19.073,19.086,19.016,19.054,22408.983259
1650096000000,19.049,19.15,19.015,19.079,39116.883124
1650099600000,19.079,19.119,19.018,19.047,39939.100029
1650103200000,19.044,19.117,19.032,19.09,31274.268257
1650106800000,19.089,19.14,19.037,19.064,37391.904285
1650110400000,19.063,19.117,19.048,19.102,49530.587043
1650114000000,19.102,19.13,19.01,19.063,53297.200386
1650117600000,19.066,19.112,19.01,19.085,34208.373741
1650121200000,19.092,19.137,18.866,18.991,139067.397566
1650124800000,18.99,19.98,18.976,19.796,387108.242525
1650128400000,19.788,20.25,19.778,20.129,236702.122563
1650132000000,20.134,20.313,20.06,20.21,87236.791638
1650135600000,20.212,20.45,20.188,20.376,105903.881405
1650139200000,20.392,20.55,20.323,20.382,80866.314538
1650142800000,20.397,22.142,20.383,21.477,386678.480947
1650146400000,21.487,21.859,21.429,21.698,189903.250634
1650150000000,21.711,21.988,21.6,21.659,216632.130408
1650153600000,21.66,21.788,21.411,21.586,201606.799732
1650157200000,21.587,21.635,21.312,21.372,131721.953056
1650160800000,21.381,21.385,20.757,21.017,429265.410742
1650164400000,21.013,21.145,20.9,20.918,96027.812406
1650168000000,20.912,20.992,20.79,20.875,148995.535541
1650171600000,20.874,20.996,20.818,20.969,75831.449632
1650175200000,20.97,21.146,20.95,21.115,115907.877779
1650178800000,21.115,21.2,20.929,21.038,236519.534356
1650182400000,21.033,21.168,20.972,21.045,74644.299924
1650186000000,21.041,21.197,21.036,21.082,59397.851339
1650189600000,21.088,21.39,21.071,21.29,116211.865529
1650193200000,21.287,21.43,21.025,21.086,115348.668626
1650196800000,21.086,21.185,20.925,21.008,75808.381725
1650200400000,21.009,21.271,20.947,21.036,95288.652319
1650204000000,21.031,21.196,20.943,21.088,74133.976868
1650207600000,21.094,21.218,21.027,21.177,66646.707084
1650211200000,21.174,21.263,20.387,20.529,226835.377842
1650214800000,20.529,20.612,20.222,20.376,148601.093787
1650218400000,20.346,20.482,20.226,20.402,83339.413406
1650222000000,20.405,20.511,20.319,20.402,44768.479256
1650225600000,20.41,20.471,20.321,20.363,32733.965942
1650229200000,20.349,20.4,20.287,20.368,52619.498255
1650232800000,20.361,20.37,19.815,20.013,362070.478995
1650236400000,20.013,20.02,19.575,19.7,388107.802365
1650240000000,19.7,19.943,19.614,19.801,117334.540406
1650243600000,19.803,19.859,19.72,19.8,147347.710595
1650247200000,19.794,19.849,19.76,19.802,57009.56315
1650250800000,19.804,19.85,19.731,19.808,64089.927399
1650254400000,19.806,19.853,18.426,18.78,439319.663114
1650258000000,18.783,18.911,18.487,18.87,315022.160023
1650261600000,18.87,19.066,18.828,18.996,120247.759519
1650265200000,18.992,19.03,18.684,18.875,122408.251278
1650268800000,18.874,18.955,18.76,18.81,78395.734741
1650272400000,18.811,19,18.727,18.973,79568.915888
1650276000000,18.977,18.987,18.826,18.85,83926.123591
1650279600000,18.86,19.006,18.848,18.922,56497.984693
1650283200000,18.918,19.29,18.91,19.24,142019.576024
1650286800000,19.247,19.308,19.09,19.144,121598.790029
1650290400000,19.141,19.345,19.126,19.259,95240.90621
1650294000000,19.259,19.28,18.881,18.956,107138.843246
1650297600000,18.955,19.323,18.649,19.132,158370.950834
1650301200000,19.134,19.726,19.089,19.607,158117.480461
1650304800000,19.616,19.884,19.553,19.672,116937.61047
1650308400000,19.675,19.715,19.442,19.566,64300.777373
1650312000000,19.568,19.678,19.504,19.531,42575.16758
1650315600000,19.525,19.761,19.525,19.648,39515.653874
1650319200000,19.643,19.742,19.51,19.736,48622.69543
1650322800000,19.736,19.742,19.55,19.631,64195.934558
1650326400000,19.631,19.947,19.609,19.722,125320.381346
1650330000000,19.723,19.788,19.462,19.514,115174.806926
1650333600000,19.516,19.627,19.388,19.411,85393.64588
1650337200000,19.416,19.68,19.416,19.57,62735.259428
1650340800000,19.572,19.726,19.481,19.725,52360.547279
1650344400000,19.724,19.732,19.53,19.548,44708.474867
1650348000000,19.549,19.691,19.5,19.53,46114.960376
1650351600000,19.53,19.591,19.412,19.5,72832.283608
1650355200000,19.5,19.652,19.442,19.553,70509.52227
1650358800000,19.553,19.599,19.463,19.53,59290.00691
1650362400000,19.529,19.71,19.521,19.698,85067.482097
1650366000000,19.703,19.738,19.517,19.539,99770.218921
1650369600000,19.539,19.733,19.518,19.7,56327.060363
1650373200000,19.7,19.995,19.579,19.916,167514.608525
1650376800000,19.912,20.205,19.886,20.115,195417.735133
1650380400000,20.117,20.298,19.872,19.969,150052.13942
1650384000000,19.964,21.18,19.964,20.665,738161.707455
1650387600000,20.664,20.728,20.322,20.417,172946.182862
1650391200000,20.428,20.533,20.4,20.468,40292.009792
1650394800000,20.461,20.641,20.446,20.571,61462.496473
1650398400000,20.552,20.562,20.09,20.205,89844.899772
1650402000000,20.202,20.26,20.05,20.253,39700.467796
1650405600000,20.251,20.268,20.103,20.166,47460.502343
1650409200000,20.169,20.469,20.169,20.417,72554.305183
1650412800000,20.416,20.432,19.898,20.052,136589.96414
1650416400000,20.056,20.177,19.914,20.15,74931.711397
1650420000000,20.141,20.251,20.024,20.233,70113.660303
1650423600000,20.232,20.272,20.092,20.156,64841.934521
1650427200000,20.156,20.24,20.047,20.18,69811.296617
1650430800000,20.18,20.323,20.138,20.304,79147.44352
1650434400000,20.31,20.346,20.241,20.306,57187.916439
1650438000000,20.314,20.356,20.107,20.194,82711.204736
1650441600000,20.193,20.325,20.17,20.323,66613.273134
1650445200000,20.323,20.399,20.241,20.277,74513.205836
1650448800000,20.281,20.481,20.18,20.435,110641.476767
1650452400000,20.439,20.716,20.286,20.5,171061.436594
1650456000000,20.501,20.597,20.34,20.494,90089.947179
1650459600000,20.487,20.496,19.8,19.971,253953.485084
1650463200000,19.968,20.075,19.556,19.739,214708.82548
1650466800000,19.741,19.797,19.551,19.712,228921.396361
1650470400000,19.709,19.887,19.536,19.859,155864.128071
1650474000000,19.85,19.933,19.751,19.895,56568.419429
1650477600000,19.883,19.888,19.385,19.57,156671.824606
1650481200000,19.567,19.762,19.535,19.659,68002.562269
1650484800000,19.658,19.793,19.382,19.712,77021.947322
1650488400000,19.716,19.773,19.602,19.737,41215.838107
1650492000000,19.739,19.808,19.67,19.726,60492.590387
1650495600000,19.721,19.757,19.551,19.62,66872.502751
1650499200000,19.619,19.9,19.575,19.789,84359.865348
1650502800000,19.795,19.981,19.72,19.944,84483.217825
1650506400000,19.943,20.026,19.816,19.9,81240.05056
1650510000000,19.898,20.024,19.8,20.016,87425.775447
1650513600000,20.016,20.025,19.874,19.913,65166.202878
1650517200000,19.906,20.012,19.65,19.692,99182.504606
1650520800000,19.692,19.809,19.591,19.706,73683.822343
1650524400000,19.709,19.909,19.62,19.856,63429.111623
1650528000000,19.866,19.926,19.764,19.908,60825.527558
1650531600000,19.91,19.964,19.657,19.76,69901.079999
1650535200000,19.755,20.02,19.72,19.932,138390.599059
1650538800000,19.941,20.032,19.848,19.936,100462.269846
1650542400000,19.937,20.058,19.82,20.006,223528.655723
1650546000000,20.007,20.271,19.935,20.068,202646.742401
1650549600000,20.075,20.187,19.858,19.998,136638.113657
1650553200000,20,20.07,19.782,19.801,104895.251655
1650556800000,19.8,19.983,19.732,19.733,116897.908234
1650560400000,19.731,19.838,19.626,19.724,100854.438074
1650564000000,19.704,19.788,19.562,19.683,65513.873701
1650567600000,19.665,19.665,19.011,19.049,227098.23846
1650571200000,19.045,19.096,18.63,18.833,245567.387803
1650574800000,18.837,19.007,18.793,18.887,59111.705908
1650578400000,18.883,18.94,18.5,18.838,189510.499194
1650582000000,18.826,18.896,18.754,18.861,97369.372245
1650585600000,18.857,19.06,18.734,18.987,116257.7316
1650589200000,18.994,19.039,18.832,18.961,62971.59926
1650592800000,18.966,19.119,18.951,19.032,76538.156034
1650596400000,19.032,19.098,18.985,19.001,49089.611656
1650600000000,19.001,19.132,18.993,19.12,42104.309442
1650603600000,19.128,19.188,19.08,19.158,52079.168391
1650607200000,19.151,19.193,19.05,19.07,64209.271046
1650610800000,19.075,19.138,18.843,19.027,91288.889844
1650614400000,19.028,19.093,18.932,18.971,61077.325457
1650618000000,18.971,19.005,18.757,18.814,80941.048072
1650621600000,18.806,18.987,18.7,18.957,61815.434877
1650625200000,18.959,19.035,18.879,19.027,55980.676892
1650628800000,19.017,19.067,18.879,18.969,57988.812605
1650632400000,18.968,19.097,18.797,18.889,120996.568461
1650636000000,18.894,18.985,18.778,18.906,129866.798649
1650639600000,18.91,19.353,18.797,19.239,193565.549813
1650643200000,19.235,19.536,19.101,19.212,237882.202693
1650646800000,19.198,19.415,19.131,19.366,89392.732828
1650650400000,19.356,19.498,19.263,19.31,84869.677743
1650654000000,19.309,19.344,18.961,18.999,77443.269588
1650657600000,19.019,19.245,18.977,19.244,43565.439998
1650661200000,19.246,19.294,19.135,19.165,31048.335451
1650664800000,19.165,19.197,19.001,19.123,45977.221297
1650668400000,19.119,19.305,19.099,19.301,33866.593996
1650672000000,19.302,19.314,19.016,19.042,81013.894038
1650675600000,19.042,19.25,19.031,19.162,49517.761831
1650679200000,19.174,19.226,19.116,19.135,68383.945855
1650682800000,19.138,19.156,19,19.142,62665.31779
1650686400000,19.135,19.172,18.872,19.029,85066.595268
1650690000000,19.028,19.072,18.969,19.004,34623.110708
1650693600000,19,19.065,18.969,19.012,33733.587914
1650697200000,19.003,19.099,18.989,19.082,30237.188101
1650700800000,19.081,19.3,19.06,19.199,91177.849922
1650704400000,19.199,19.217,19.089,19.116,51990.338064
1650708000000,19.108,19.195,19.108,19.167,25061.338387
1650711600000,19.17,19.233,19.117,19.133,29956.415809
1650715200000,19.129,19.191,19.019,19.108,42890.773392
1650718800000,19.11,19.284,19.082,19.241,65045.842768
1650722400000,19.246,19.571,19.241,19.38,234299.202629
1650726000000,19.38,19.434,19.28,19.339,122883.366862
1650729600000,19.338,19.419,19.158,19.187,86864.233498
1650733200000,19.188,19.198,19.088,19.196,37784.785521
1650736800000,19.199,19.203,19.055,19.11,50562.349438
1650740400000,19.103,19.164,19.071,19.141,19012.562357
1650744000000,19.146,19.188,19.111,19.164,15709.386153
1650747600000,19.18,19.203,19.129,19.167,14377.667934
1650751200000,19.172,19.263,19.144,19.151,24039.493069
1650754800000,19.159,19.176,18.789,18.918,154026.439436
1650758400000,18.925,19.058,18.909,18.971,39414.927939
1650762000000,18.962,19.04,18.92,18.928,35178.849184
1650765600000,18.923,19.002,18.891,18.953,35116.913429
1650769200000,18.953,19.083,18.921,19.036,57191.829205
1650772800000,19.033,19.087,19.008,19.02,28653.625482
1650776400000,19.009,19.044,18.961,18.994,65385.881409
1650780000000,18.976,19.085,18.976,19.035,78656.185694
1650783600000,19.043,19.087,19.015,19.068,45765.022694
1650787200000,19.069,19.091,18.978,18.987,31215.892676
1650790800000,18.987,19.061,18.974,18.996,30807.281405
1650794400000,18.997,19.04,18.972,19.036,26985.510715
1650798000000,19.034,19.141,18.927,18.978,64835.385586
1650801600000,18.97,19.377,18.927,19.2,124394.221207
1650805200000,19.2,19.219,18.958,19.125,102813.183063
1650808800000,19.127,19.191,18.946,19.136,75942.346876
1650812400000,19.135,19.249,19.08,19.156,74939.007077
1650816000000,19.156,19.197,18.821,18.99,115698.515434
1650819600000,18.99,19.002,18.654,18.771,88967.171556
1650823200000,18.77,18.953,18.757,18.933,40226.688216
1650826800000,18.933,19.042,18.933,18.95,33638.398267
1650830400000,18.963,18.991,18.866,18.927,20265.699941
1650834000000,18.929,19.031,18.891,19.008,23516.524412
1650837600000,19.012,19.081,18.941,18.969,30247.633594
1650841200000,18.965,19.013,18.861,18.917,40276.39867
1650844800000,18.919,18.945,18.2,18.37,292645.157382
1650848400000,18.372,18.539,18.314,18.507,108960.335657
1650852000000,18.514,18.557,18.422,18.485,59634.835412
1650855600000,18.484,18.573,18.472,18.498,63696.419196
1650859200000,18.495,18.584,18.473,18.579,88613.093086
1650862800000,18.579,18.595,18.333,18.364,64346.54264
1650866400000,18.364,18.397,17.941,18.001,206696.96349
1650870000000,18,18.186,17.43,17.67,364130.453112
1650873600000,17.676,17.799,17.632,17.689,114970.650507
1650877200000,17.688,17.854,17.54,17.854,116265.677832
1650880800000,17.845,17.853,17.738,17.772,49288.942198
1650884400000,17.771,17.956,17.65,17.932,156987.430434
1650888000000,17.933,18.15,17.909,18.032,134790.252325
1650891600000,18.031,18.223,17.922,17.98,148712.800864
1650895200000,17.981,18.333,17.868,18.093,158825.462974
1650898800000,18.095,18.245,18.063,18.119,81580.31526
1650902400000,18.118,18.407,18.082,18.314,76853.844827
1650906000000,18.321,18.499,18.3,18.343,78312.790935
1650909600000,18.339,18.597,18.285,18.495,61725.799129
1650913200000,18.499,18.592,18.419,18.571,83658.843795
1650916800000,18.58,18.62,18.455,18.487,61197.158585
1650920400000,18.488,18.5,18.436,18.5,37731.007296
1650924000000,18.5,18.583,18.426,18.519,62087.675902
1650927600000,18.52,18.667,18.5,18.646,82565.927901
1650931200000,18.649,18.774,18.546,18.639,79334.391429
1650934800000,18.64,18.653,18.518,18.521,67684.280052
1650938400000,18.524,18.611,18.484,18.531,51331.497184
1650942000000,18.531,18.6,18.519,18.548,37148.061912
1650945600000,18.549,18.641,18.505,18.617,44305.794669
1650949200000,18.615,18.709,18.598,18.633,58252.343841
1650952800000,18.632,18.649,18.473,18.52,102149.015832
1650956400000,18.524,18.638,18.42,18.591,48684.596468
1650960000000,18.592,18.695,18.535,18.57,58055.628424
1650963600000,18.564,18.571,18.445,18.512,42563.616546
1650967200000,18.512,18.538,18.457,18.461,40437.461727
1650970800000,18.46,18.582,18.322,18.543,81774.087541
1650974400000,18.549,18.555,18.266,18.34,76693.992299
1650978000000,18.333,18.39,18.016,18.034,118321.817265
1650981600000,18.019,18.056,17.766,17.801,177883.434894
1650985200000,17.811,18.04,17.672,17.769,147477.880237
1650988800000,17.769,18.091,17.657,18.045,171435.745709
1650992400000,18.045,18.045,17.753,17.925,125959.192154
1650996000000,17.927,17.935,17.798,17.885,55916.378894
1650999600000,17.884,17.931,17.476,17.649,149063.357688
1651003200000,17.653,17.699,17.266,17.51,138488.109129
1651006800000,17.512,17.58,17.467,17.545,33441.77464
1651010400000,17.546,17.624,17.469,17.487,39042.144021
1651014000000,17.478,17.518,17,17.306,173279.828468
1651017600000,17.307,17.51,17.227,17.429,110846.25739
1651021200000,17.429,17.695,17.413,17.687,73627.893328
1651024800000,17.691,17.76,17.62,17.759,63479.032121
1651028400000,17.759,17.782,17.618,17.631,68905.288608
1651032000000,17.634,17.693,17.57,17.684,56690.585432
1651035600000,17.691,17.86,17.686,17.755,52958.798822
1651039200000,17.756,17.939,17.755,17.902,46484.507241
1651042800000,17.903,17.955,17.85,17.936,78531.145179
1651046400000,17.936,18.021,17.593,17.737,151946.548849
1651050000000,17.737,17.798,17.681,17.778,45671.980486
1651053600000,17.78,17.797,17.69,17.769,46467.434322
1651057200000,17.774,17.776,17.456,17.669,105633.733581
1651060800000,17.679,17.75,17.536,17.56,67574.780915
1651064400000,17.561,17.91,17.559,17.803,108372.79632
1651068000000,17.808,17.825,17.499,17.552,168616.636231
1651071600000,17.559,18.3,17.511,17.698,122653.70363
1651075200000,17.693,17.8,17.619,17.65,71546.176577
1651078800000,17.645,17.679,17.537,17.589,79217.501349
1651082400000,17.584,17.651,17.491,17.518,49931.491513
1651086000000,17.514,17.532,17.387,17.467,37263.079315
1651089600000,17.462,17.638,17.448,17.587,30134.700291
1651093200000,17.597,17.727,17.572,17.704,24068.788062
1651096800000,17.706,17.741,17.6,17.6,29487.592042
1651100400000,17.6,17.748,17.597,17.71,23675.661372
1651104000000,17.71,18.29,17.584,17.806,126482.511859
1651107600000,17.807,18.53,17.769,17.8,152591.528849
1651111200000,17.805,17.941,17.758,17.895,47029.819201
1651114800000,17.895,17.929,17.754,17.764,52884.885501
1651118400000,17.768,17.81,17.733,17.782,46545.690228
1651122000000,17.778,17.807,17.641,17.732,51900.086854
1651125600000,17.732,17.824,17.719,17.799,37083.33893
1651129200000,17.8,17.9,17.76,17.767,79566.895369
1651132800000,17.764,17.95,17.72,17.892,75327.624834
1651136400000,17.895,18.016,17.895,17.93,32109.623124
1651140000000,17.929,17.941,17.836,17.864,61721.608506
1651143600000,17.865,17.92,17.847,17.906,41744.36162
1651147200000,17.906,17.962,17.736,17.801,64686.031855
1651150800000,17.795,17.828,17.599,17.648,123856.294782
1651154400000,17.645,17.683,17.502,17.646,112079.490447
1651158000000,17.647,17.999,17.613,17.732,174185.654039
1651161600000,17.729,17.965,17.693,17.925,88570.822126
1651165200000,17.93,18.38,17.864,18.353,132116.672623
1651168800000,18.353,18.5,18.236,18.262,130434.213901
1651172400000,18.265,18.45,18.115,18.158,76446.140672
1651176000000,18.152,18.174,18.008,18.078,61563.124248
1651179600000,18.071,18.105,17.777,17.878,59560.382606
1651183200000,17.88,17.99,17.832,17.973,60280.722975
1651186800000,17.975,18.366,17.938,18.086,89365.028527
1651190400000,18.083,18.207,17.956,18.062,49643.768264
1651194000000,18.06,18.1,17.94,17.97,41599.17076
1651197600000,17.971,17.972,17.7,17.771,96871.769432
1651201200000,17.77,17.886,17.729,17.87,59191.233053
1651204800000,17.87,17.893,17.727,17.888,46029.056894
1651208400000,17.886,17.955,17.829,17.841,52803.589901
1651212000000,17.842,17.942,17.782,17.892,37017.70569
1651215600000,17.89,17.95,17.854,17.946,29800.173451
1651219200000,17.947,17.951,17.769,17.799,69428.752307
1651222800000,17.797,17.797,17.534,17.589,97258.982509
1651226400000,17.577,17.675,17.183,17.339,151501.741198
1651230000000,17.333,17.42,17.28,17.352,86246.303358
1651233600000,17.358,17.636,17.294,17.491,64844.850132
1651237200000,17.492,17.672,17.418,17.621,67841.81767
1651240800000,17.618,17.652,17.43,17.523,53165.296318
1651244400000,17.519,17.564,17.38,17.473,50146.848065
1651248000000,17.473,17.63,17.209,17.317,113611.570106
1651251600000,17.319,17.41,17.14,17.249,64905.59099
1651255200000,17.252,17.288,17.004,17.136,97209.84578
1651258800000,17.132,17.356,17.021,17.221,105937.389422
1651262400000,17.216,17.416,17.197,17.242,55617.991938
1651266000000,17.242,17.269,17.158,17.238,31427.798184
1651269600000,17.231,17.305,17.087,17.273,41717.82402
1651273200000,17.272,17.376,17.225,17.318,66429.404887
1651276800000,17.317,17.413,17.265,17.387,45386.724761
1651280400000,17.389,17.401,17.262,17.345,32456.095206
1651284000000,17.347,17.394,17.227,17.279,39056.63456
1651287600000,17.282,17.294,17.189,17.28,33659.876768
1651291200000,17.281,17.328,17.2,17.26,36922.127258
1651294800000,17.262,17.371,17.231,17.329,27787.352924
1651298400000,17.332,17.351,17.252,17.35,30067.547393
1651302000000,17.354,17.395,17.257,17.3,49526.853377
1651305600000,17.303,17.359,17.2,17.278,68356.088918
1651309200000,17.278,17.398,17.259,17.335,61693.834811
1651312800000,17.338,17.44,17.287,17.378,40774.826441
1651316400000,17.377,18.025,17.377,17.636,314267.383325
1651320000000,17.63,17.999,17.625,17.717,126277.811604
1651323600000,17.718,17.9,17.621,17.64,96879.824918
1651327200000,17.646,17.73,17.3,17.332,149058.965177
1651330800000,17.34,17.7,17.262,17.62,123386.145202
1651334400000,17.621,17.707,17.414,17.421,91660.519135
1651338000000,17.419,17.485,17.22,17.295,81140.631341
1651341600000,17.288,17.443,17.272,17.387,82749.236702
1651345200000,17.385,17.57,17.327,17.499,39917.719107
1651348800000,17.496,17.547,17.444,17.466,33448.517692
1651352400000,17.466,17.524,17.283,17.299,25047.573327
1651356000000,17.299,17.299,17,17.022,163793.808638
1651359600000,17.022,17.124,11.574,14.235,3332561.803551
1651363200000,14.223,14.662,13.879,14.449,679997.839337
1651366800000,14.443,14.738,14.142,14.626,486876.868394
1651370400000,14.622,14.754,14.442,14.495,362218.384605
1651374000000,14.497,14.805,14.47,14.746,249237.090326
1651377600000,14.745,15.304,14.507,14.596,271489.839984
1651381200000,14.597,15.1,14.577,14.948,216861.317278
1651384800000,14.95,15.084,14.822,14.86,145321.879362
1651388400000,14.862,14.896,14.661,14.819,229670.461306
1651392000000,14.817,14.976,14.785,14.94,107968.397159
1651395600000,14.939,14.96,14.762,14.853,84519.145206
1651399200000,14.853,14.943,14.792,14.828,101564.744244
1651402800000,14.829,14.871,14.745,14.766,78035.553653
1651406400000,14.762,14.916,14.63,14.793,127660.550617
1651410000000,14.793,14.916,14.741,14.834,87697.442185
1651413600000,14.834,14.909,14.725,14.802,90876.881549
1651417200000,14.797,15.686,14.796,15.514,357644.603129
1651420800000,15.517,15.661,15.107,15.359,367216.034966
1651424400000,15.361,15.382,14.95,15.043,169752.878499
1651428000000,15.049,15.063,14.66,14.682,176407.251311
1651431600000,14.677,14.909,14.562,14.739,143484.066697
1651435200000,14.735,14.995,14.639,14.972,82356.638513
1651438800000,14.972,14.991,14.716,14.893,65670.885764
1651442400000,14.893,15.042,14.821,14.894,71701.51364
1651446000000,14.898,15.193,14.851,15.112,133090.128044
1651449600000,15.109,15.277,15.029,15.2,129265.548371
1651453200000,15.2,15.239,15.051,15.055,99798.742171
1651456800000,15.059,15.092,14.845,15.058,109486.390279
1651460400000,15.057,15.098,15.025,15.073,43941.383286
1651464000000,15.074,15.213,14.951,15.173,90138.730857
1651467600000,15.172,15.209,15.101,15.181,85464.985097
1651471200000,15.181,15.25,15.125,15.125,93881.705015
1651474800000,15.123,15.225,15.122,15.157,59905.235409
1651478400000,15.159,15.179,14.928,15.013,117521.405147
1651482000000,15.005,15.1,14.856,14.888,80952.073878
1651485600000,14.889,14.927,14.711,14.785,106777.644959
1651489200000,14.788,14.815,14.505,14.677,162954.237815
1651492800000,14.669,15.21,14.645,14.881,168536.917166
1651496400000,14.868,15.126,14.627,14.996,288455.089942
1651500000000,14.993,15.081,14.806,14.945,176691.628693
1651503600000,14.942,15.029,14.808,14.853,99837.592932
1651507200000,14.849,14.868,14.6,14.624,129615.993848
1651510800000,14.629,14.633,14.37,14.488,158824.782135
1651514400000,14.477,14.591,14.1,14.33,193664.254615
1651518000000,14.331,14.656,14.293,14.619,80176.811978
1651521600000,14.622,14.641,14.45,14.474,48042.262885
1651525200000,14.478,14.777,14.468,14.759,40270.808885
1651528800000,14.759,14.819,14.621,14.662,76543.052918
1651532400000,14.671,14.78,14.583,14.624,63164.910027
1651536000000,14.627,14.85,14.506,14.8,94420.639546
1651539600000,14.797,14.848,14.677,14.812,71654.62371
1651543200000,14.814,14.881,14.723,14.774,54611.447655
1651546800000,14.78,14.866,14.742,14.784,53185.095076
1651550400000,14.787,14.829,14.745,14.808,37369.827564
1651554000000,14.799,14.96,14.681,14.945,87668.65838
1651557600000,14.95,14.984,14.846,14.853,62002.449859
1651561200000,14.856,14.952,14.823,14.905,67379.231765
1651564800000,14.906,14.933,14.891,14.903,42211.306304
1651568400000,14.903,14.906,14.75,14.757,51754.429629
1651572000000,14.755,14.827,14.72,14.777,93887.283574
1651575600000,14.777,14.931,14.746,14.93,80322.698034
1651579200000,14.927,14.944,14.811,14.835,55608.649796
1651582800000,14.838,14.849,14.574,14.676,149918.159822
1651586400000,14.685,14.77,14.649,14.709,100483.724731
1651590000000,14.706,14.814,14.677,14.783,87948.2565
1651593600000,14.786,14.832,14.585,14.615,123509.920842
1651597200000,14.614,14.759,14.608,14.616,44970.182708
1651600800000,14.608,14.612,14.375,14.508,156520.361403
1651604400000,14.511,14.516,14.238,14.319,65918.963958
1651608000000,14.319,14.443,14.246,14.392,49774.203966
1651611600000,14.386,14.549,14.38,14.519,41202.750001
1651615200000,14.515,14.62,14.458,14.499,42440.692242
1651618800000,14.504,14.634,14.399,14.626,69236.929555
1651622400000,14.627,15.049,14.536,14.877,166826.74992
1651626000000,14.878,14.899,14.684,14.704,73362.376972
1651629600000,14.702,14.877,14.702,14.756,37365.808789
1651633200000,14.758,14.868,14.733,14.763,84306.597483
1651636800000,14.762,14.844,14.62,14.669,63289.185248
1651640400000,14.664,14.689,14.6,14.652,44860.653587
1651644000000,14.654,14.8,14.654,14.779,65877.000368
1651647600000,14.778,14.874,14.685,14.822,63009.146444
1651651200000,14.822,14.951,14.821,14.946,121442.464106
1651654800000,14.946,14.98,14.818,14.858,79474.622776
1651658400000,14.856,15.088,14.833,14.964,134290.257136
1651662000000,14.972,15.032,14.871,14.956,82453.076766
1651665600000,14.96,15.035,14.768,14.886,78874.651693
1651669200000,14.886,14.918,14.7,14.707,76019.823534
1651672800000,14.703,14.808,14.657,14.673,87069.790489
1651676400000,14.666,14.869,14.62,14.745,84008.610966
1651680000000,14.742,14.999,14.691,14.914,87427.438266
1651683600000,14.915,14.924,14.706,14.796,64603.303458
1651687200000,14.792,15.477,14.69,15.368,310955.970282
1651690800000,15.37,15.954,15.327,15.618,319174.567175
1651694400000,15.625,15.634,15.45,15.513,100679.24304
1651698000000,15.513,15.586,15.5,15.545,56352.879484
1651701600000,15.545,15.749,15.539,15.56,87695.896732
1651705200000,15.555,15.73,15.52,15.723,86709.59545
1651708800000,15.728,15.861,15.626,15.704,171543.023318
1651712400000,15.702,15.8,15.519,15.572,95053.627592
1651716000000,15.576,15.676,15.531,15.674,65618.308245
1651719600000,15.675,15.708,15.602,15.602,60365.871386
1651723200000,15.604,15.714,15.591,15.639,72926.356012
1651726800000,15.64,15.698,15.419,15.438,92839.109379
1651730400000,15.448,15.562,15.381,15.405,63806.335782
1651734000000,15.405,15.47,15.311,15.429,92865.527763
1651737600000,15.432,15.45,15.217,15.268,112686.425344
1651741200000,15.27,15.352,15.162,15.257,79209.284498
1651744800000,15.258,15.45,15.23,15.309,104255.585749
1651748400000,15.299,15.369,15.226,15.245,41970.254344
1651752000000,15.243,15.333,15.21,15.291,44359.314885
1651755600000,15.291,15.291,14.85,14.89,189985.523788
1651759200000,14.893,14.97,14.356,14.541,424600.065065
1651762800000,14.527,14.562,13.34,13.828,697392.012831
1651766400000,13.827,14.13,13.731,13.921,311383.911984
1651770000000,13.921,13.973,13.668,13.765,146555.259046
1651773600000,13.753,13.849,13.3,13.722,309500.355012
1651777200000,13.709,13.975,13.459,13.892,325839.794504
1651780800000,13.892,13.977,13.777,13.929,109400.06286
1651784400000,13.939,13.982,13.787,13.818,68563.986979
1651788000000,13.821,13.918,13.77,13.841,143371.194615
1651791600000,13.845,14.001,13.839,13.987,82000.682788
1651795200000,13.983,14.009,13.643,13.796,134701.55642
1651798800000,13.794,13.914,13.732,13.84,101471.836888
1651802400000,13.835,14.174,13.833,13.944,126766.184717
1651806000000,13.946,13.986,13.828,13.958,101004.424879
1651809600000,13.957,13.966,13.828,13.904,82863.318169
1651813200000,13.903,13.958,13.817,13.923,57108.446556
1651816800000,13.928,13.973,13.827,13.841,52287.921504
1651820400000,13.849,13.915,13.447,13.688,225935.829831
1651824000000,13.683,13.794,13.62,13.681,139899.231178
1651827600000,13.681,13.848,13.661,13.831,65269.576874
1651831200000,13.834,13.853,13.543,13.645,92072.288117
1651834800000,13.645,13.702,13.388,13.607,198510.970945
1651838400000,13.606,13.803,13.54,13.63,177847.128918
1651842000000,13.626,13.767,13.346,13.54,251718.21558
1651845600000,13.534,13.728,13.493,13.694,242204.943775
1651849200000,13.694,13.993,13.657,13.766,169495.87079
1651852800000,13.764,13.907,13.713,13.89,101795.799929
1651856400000,13.894,13.896,13.77,13.802,71075.760528
1651860000000,13.797,13.832,13.721,13.779,51564.089955
1651863600000,13.783,13.974,13.742,13.893,82418.920287
1651867200000,13.9,14.04,13.82,13.956,56051.39287
1651870800000,13.959,13.986,13.889,13.897,23185.79149
1651874400000,13.897,13.964,13.815,13.901,65047.677442
1651878000000,13.903,14.029,13.847,13.872,70074.29391
1651881600000,13.868,13.946,13.758,13.826,98718.782802
1651885200000,13.823,13.885,13.756,13.832,67943.65941
1651888800000,13.837,13.855,13.739,13.751,55433.508428
1651892400000,13.745,13.768,13.64,13.67,69192.529614
1651896000000,13.677,13.724,13.532,13.551,104942.226167
1651899600000,13.558,13.707,13.528,13.698,111369.141364
1651903200000,13.699,13.71,13.591,13.628,58617.161546
1651906800000,13.62,13.748,13.593,13.675,67179.877959
1651910400000,13.674,13.928,13.674,13.863,140182.814044
1651914000000,13.869,13.9,13.78,13.805,72575.587216
1651917600000,13.804,13.9,13.732,13.829,74447.499081
1651921200000,13.829,13.886,13.773,13.798,44145.296189
1651924800000,13.799,13.803,13.63,13.766,89066.119671
1651928400000,13.766,13.833,13.664,13.724,89532.100579
1651932000000,13.725,13.875,13.673,13.862,86512.662766
1651935600000,13.867,13.904,13.811,13.834,50612.537936
1651939200000,13.837,13.869,13.581,13.687,89700.809262
1651942800000,13.681,13.733,13.604,13.687,62551.832906
1651946400000,13.686,13.786,13.68,13.723,48219.875273
1651950000000,13.715,13.75,13.673,13.705,20572.583539
1651953600000,13.701,13.706,13.56,13.609,47501.763888
1651957200000,13.607,13.63,13.124,13.146,133098.621626
1651960800000,13.153,13.331,12.809,13.047,444633.301921
1651964400000,13.046,13.35,12.999,13.249,231169.686215
1651968000000,13.25,13.371,13.166,13.2,123314.531854
1651971600000,13.197,13.283,13.092,13.112,223857.733405
1651975200000,13.114,13.159,12.85,13.075,274625.259192
1651978800000,13.077,13.116,12.926,13.09,131000.580618
1651982400000,13.086,13.174,13.036,13.054,82024.355488
1651986000000,13.053,13.118,12.983,13.027,60586.175889
1651989600000,13.029,13.233,13.029,13.185,107496.054022
1651993200000,13.181,13.219,13.1,13.107,65477.810965
1651996800000,13.11,13.222,13.061,13.154,83277.033024
1652000400000,13.161,13.194,13.07,13.128,70058.440255
1652004000000,13.127,13.338,13.093,13.3,85247.460267
1652007600000,13.3,13.378,13.236,13.294,69838.157657
1652011200000,13.291,13.333,13.144,13.198,66765.785647
1652014800000,13.194,13.253,13.03,13.043,139442.680766
1652018400000,13.048,13.347,13.025,13.3,140427.712925
1652022000000,13.312,13.442,13.27,13.271,106753.802273
1652025600000,13.274,13.436,13.242,13.275,69808.052232
1652029200000,13.273,13.274,12.86,13.056,266236.963354
1652032800000,13.055,13.304,12.906,13.26,111202.308329
1652036400000,13.264,13.403,13.254,13.296,58038.68156
1652040000000,13.298,13.321,13.163,13.201,49974.034439
1652043600000,13.209,13.344,13.209,13.328,26631.897501
1652047200000,13.326,13.332,13.12,13.21,72752.868518
1652050800000,13.211,13.218,13.036,13.111,70219.625543
1652054400000,13.115,13.29,13.089,13.263,69578.953704
1652058000000,13.263,13.294,13.069,13.093,92960.842984
1652061600000,13.094,13.111,12.65,12.779,340054.758619
1652065200000,12.779,12.914,12.714,12.786,103185.965764
1652068800000,12.793,12.873,12.759,12.793,54708.871518
1652072400000,12.795,12.831,12.66,12.718,92688.291681
1652076000000,12.714,12.823,12.626,12.767,156292.482676
1652079600000,12.761,12.841,12.654,12.661,94206.552805
1652083200000,12.662,12.667,12.311,12.562,222002.680933
1652086800000,12.562,12.651,12.464,12.495,100342.719722
1652090400000,12.495,12.512,11.993,12.182,434796.805054
1652094000000,12.181,12.316,12.077,12.294,184369.727781
1652097600000,12.294,12.33,12.139,12.157,112262.251307
1652101200000,12.16,12.472,12.086,12.323,238371.304407
1652104800000,12.331,12.371,12.157,12.227,165861.01441
1652108400000,12.221,12.31,11.86,12.026,215059.905731
1652112000000,12.032,12.146,11.088,11.417,436359.825233
1652115600000,11.413,11.867,11.139,11.583,393145.830926
1652119200000,11.583,11.651,11.237,11.556,443666.066631
1652122800000,11.568,11.692,11.188,11.551,267252.050923
1652126400000,11.555,11.819,11.534,11.676,176571.830547
1652130000000,11.676,11.795,11.48,11.516,112591.977584
1652133600000,11.522,11.795,11.486,11.637,144371.279806
1652137200000,11.627,11.703,10.752,11.013,294356.887458
1652140800000,11.013,11.304,10.55,11.278,676188.970803
1652144400000,11.279,11.492,11.2,11.277,359684.249313
1652148000000,11.277,11.506,11.174,11.343,272406.2104
1652151600000,11.351,11.41,11.125,11.208,283649.716918
1652155200000,11.214,11.797,11.145,11.688,419185.635192
1652158800000,11.683,12.539,11.621,12.299,499247.603896
1652162400000,12.301,12.451,12.196,12.2,435286.582724
1652166000000,12.197,12.258,11.958,12.019,251543.477055
1652169600000,12.019,12.329,12.014,12.107,181887.652607
1652173200000,12.109,12.162,11.66,11.692,266574.139651
1652176800000,11.693,11.858,11.607,11.679,211628.586221
1652180400000,11.679,12.018,11.612,11.928,176408.208743
1652184000000,11.929,12.2,11.842,12.132,199938.782215
1652187600000,12.136,12.211,11.767,11.984,188462.811218
1652191200000,11.977,12.101,11.5,11.572,238875.655945
1652194800000,11.568,11.835,11.384,11.702,301195.42883
1652198400000,11.713,11.97,11.602,11.702,178927.359602
1652202000000,11.704,11.995,11.698,11.877,117932.646152
1652205600000,11.883,11.883,11.538,11.575,100238.08653
1652209200000,11.59,11.631,11.333,11.434,122927.013399
1652212800000,11.432,11.474,11.256,11.319,148804.665337
1652216400000,11.323,11.387,10.874,10.91,161768.638295
1652220000000,10.91,11.36,10.887,11.169,265409.859751
1652223600000,11.171,11.45,11.125,11.366,194760.230676
1652227200000,11.365,11.572,11.2,11.371,194610.650094
1652230800000,11.364,11.425,11.035,11.058,168761.618872
1652234400000,11.053,11.449,10.937,11.361,294603.608818
1652238000000,11.361,11.445,11.153,11.182,136158.266484
1652241600000,11.177,11.269,11.043,11.117,197692.080772
1652245200000,11.122,11.4,11.018,11.049,411422.794549
1652248800000,11.045,11.096,10.228,10.374,481482.392702
1652252400000,10.382,10.6,10.108,10.389,800294.434104
1652256000000,10.389,11,10.259,10.935,503027.474293
1652259600000,10.927,11.014,10.641,10.981,480041.02156
1652263200000,10.984,11.055,10.618,10.629,370917.198784
1652266800000,10.631,11.12,10.35,10.433,405805.587513
1652270400000,10.433,10.717,8.359,8.964,1261477.922857
1652274000000,8.963,10.229,8.844,9.772,1199994.983972
1652277600000,9.781,9.954,9.498,9.701,855582.445899
1652281200000,9.701,9.71,9.211,9.331,502296.324058
1652284800000,9.328,9.533,8.85,8.965,493677.27182
1652288400000,8.944,9.18,8.717,9.069,385963.645102
1652292000000,9.06,9.196,8.697,8.823,243137.561151
1652295600000,8.82,8.861,8.544,8.743,277027.330071
1652299200000,8.744,8.95,8.292,8.339,299003.770898
1652302800000,8.352,8.749,8.189,8.7,221884.380685
1652306400000,8.7,8.831,8.405,8.573,241258.457114
1652310000000,8.587,8.784,8.424,8.599,216026.1407
1652313600000,8.596,9.054,8.473,8.802,365291.641415
1652317200000,8.811,8.933,8.45,8.459,295218.519545
1652320800000,8.466,8.51,8.016,8.024,581937.100968
1652324400000,8.022,8.127,7.548,7.561,692626.682625
1652328000000,7.56,7.676,7.052,7.198,719062.525261
1652331600000,7.198,7.469,6.761,7.095,916037.536633
1652335200000,7.092,7.431,7.006,7.095,779399.851092
1652338800000,7.092,8.2,6.713,7.706,1256566.637895
1652342400000,7.699,7.935,7.499,7.537,521159.915321
1652346000000,7.539,7.97,7.448,7.794,457390.107468
1652349600000,7.8,8.63,7.667,8.299,508466.627155
1652353200000,8.3,8.647,8.02,8.065,435596.062859
1652356800000,8.058,8.135,7.741,8.081,362008.634262
1652360400000,8.076,8.23,7.767,7.787,333373.257983
1652364000000,7.793,8.228,7.729,8.212,438885.163026
1652367600000,8.22,8.478,8.014,8.017,425799.089914
1652371200000,8.012,8.761,8.005,8.512,438408.824805
1652374800000,8.514,8.557,8.192,8.218,303020.27399
1652378400000,8.21,8.299,7.814,7.864,205065.226843
1652382000000,7.861,8.198,7.85,8.093,196998.890694
1652385600000,8.096,8.16,7.95,7.995,102778.220232
1652389200000,7.988,8.035,7.782,7.805,120101.746283
1652392800000,7.802,7.874,7.643,7.849,133161.853532
1652396400000,7.85,8.33,7.843,8.128,245222.943092
1652400000000,8.126,8.318,7.89,8.241,271094.48176
1652403600000,8.24,8.418,8.05,8.213,278116.651632
1652407200000,8.217,8.441,8.155,8.422,327994.383094
1652410800000,8.428,8.88,8.386,8.734,409692.589907
1652414400000,8.737,8.784,8.542,8.695,256993.545374
1652418000000,8.69,9.079,8.589,8.802,406976.732875
1652421600000,8.806,8.905,8.621,8.65,222353.597944
1652425200000,8.651,8.916,8.542,8.568,288547.517465
1652428800000,8.564,8.84,8.563,8.761,192188.946392
1652432400000,8.761,8.97,8.733,8.774,174034.718178
1652436000000,8.77,8.969,8.639,8.907,183201.463626
1652439600000,8.898,9.18,8.721,9.18,218795.520543
1652443200000,9.18,9.311,8.97,9.093,248081.161169
1652446800000,9.09,9.342,8.954,9.286,290402.765561
1652450400000,9.293,9.488,9.25,9.327,194287.376754
1652454000000,9.322,9.344,9.02,9.157,191581.422371
1652457600000,9.157,9.251,8.902,8.993,290010.678985
1652461200000,8.992,9.119,8.837,8.845,133843.612139
1652464800000,8.855,9.023,8.77,8.98,133421.834767
1652468400000,8.983,8.996,8.841,8.967,50024.435354
1652472000000,8.968,9.066,8.827,8.886,40859.854693
1652475600000,8.886,9.106,8.852,9.086,47876.423263
1652479200000,9.085,9.116,8.86,8.902,69303.845225
1652482800000,8.905,9.019,8.626,8.737,146349.778761
1652486400000,8.735,9.01,8.679,8.937,158844.935074
1652490000000,8.93,9.122,8.82,9.084,150111.554917
1652493600000,9.089,9.093,8.9,8.922,102194.231183
1652497200000,8.917,9,8.875,8.902,110012.768224
1652500800000,8.901,8.901,8.638,8.678,191848.258695
1652504400000,8.678,8.794,8.643,8.752,97949.07302
1652508000000,8.748,8.851,8.656,8.803,103110.836231
1652511600000,8.803,8.837,8.718,8.756,79237.502672
1652515200000,8.756,8.806,8.67,8.761,91597.332031
1652518800000,8.765,8.865,8.662,8.705,113414.401272
1652522400000,8.705,8.705,8.32,8.376,220162.509989
1652526000000,8.378,8.432,8.2,8.308,203995.76941
1652529600000,8.311,8.44,8.245,8.395,129358.602919
1652533200000,8.398,8.466,8.27,8.28,129191.06255
1652536800000,8.272,8.323,8.138,8.18,145325.265914
1652540400000,8.183,8.266,8.085,8.124,110909.658441
1652544000000,8.125,8.593,8.042,8.44,236425.259963
1652547600000,8.443,8.565,8.406,8.554,81510.784568
1652551200000,8.561,8.62,8.506,8.526,96356.026716
1652554800000,8.531,8.568,8.43,8.487,64712.313663
1652558400000,8.477,8.556,8.407,8.445,56418.744363
1652562000000,8.444,8.662,8.414,8.558,47560.925046
1652565600000,8.558,8.756,8.514,8.685,98396.434801
1652569200000,8.705,8.861,8.615,8.819,96863.81417
1652572800000,8.812,8.91,8.741,8.764,101473.214052
1652576400000,8.764,8.776,8.585,8.687,114988.876826
1652580000000,8.687,8.72,8.537,8.577,77254.376344
1652583600000,8.582,8.603,8.476,8.581,92692.402721
1652587200000,8.583,8.654,8.505,8.538,70203.797306
1652590800000,8.541,8.689,8.49,8.657,90203.272402
1652594400000,8.66,8.752,8.613,8.741,65408.921907
1652598000000,8.735,8.812,8.626,8.652,104887.043419
1652601600000,8.643,8.754,8.613,8.665,83177.910926
1652605200000,8.663,8.78,8.644,8.762,74542.600808
1652608800000,8.764,8.881,8.66,8.879,99305.694873
1652612400000,8.878,8.95,8.75,8.916,163525.999176
1652616000000,8.924,8.976,8.814,8.838,128301.530075
1652619600000,8.844,8.85,8.73,8.762,98270.344149
1652623200000,8.76,8.785,8.64,8.732,121371.717654
1652626800000,8.734,8.845,8.615,8.667,102766.351559
1652630400000,8.665,8.871,8.647,8.826,80795.805428
1652634000000,8.828,8.899,8.788,8.809,60790.424996
1652637600000,8.809,8.954,8.781,8.882,49391.718627
1652641200000,8.877,9.012,8.843,8.998,93612.0415
1652644800000,9.008,9.085,8.934,9.068,75327.60768
1652648400000,9.078,9.091,8.973,9.076,58000.580694
1652652000000,9.075,9.244,9.06,9.093,136740.91285
1652655600000,9.095,9.199,9.043,9.161,86586.760668
1652659200000,9.162,9.162,8.976,9.011,86321.454085
1652662800000,9.009,9.051,8.902,8.964,82258.427254
1652666400000,8.969,8.971,8.881,8.948,88513.580768
1652670000000,8.955,8.962,8.82,8.85,75836.269788
1652673600000,8.852,8.855,8.674,8.774,269697.54743
1652677200000,8.77,8.859,8.749,8.784,76952.95987
1652680800000,8.782,8.782,8.324,8.379,315164.500086
1652684400000,8.375,8.441,8.261,8.41,193429.427258
1652688000000,8.405,8.585,8.402,8.56,132850.617475
1652691600000,8.556,8.556,8.33,8.374,125679.747162
1652695200000,8.377,8.58,8.267,8.568,132244.532447
1652698800000,8.564,8.564,8.447,8.456,113382.351907
1652702400000,8.454,8.593,8.38,8.473,135309.13866
1652706000000,8.468,8.525,8.351,8.367,93259.939626
1652709600000,8.374,8.48,8.3,8.3,97767.018221
1652713200000,8.3,8.413,8.22,8.383,160288.925552
1652716800000,8.381,8.406,8.202,8.244,98820.724086
1652720400000,8.238,8.435,8.238,8.401,87789.412624
1652724000000,8.401,8.469,8.375,8.421,73626.29699
1652727600000,8.423,8.457,8.285,8.324,54208.494622
1652731200000,8.32,8.379,8.316,8.362,45096.317502
1652734800000,8.364,8.436,8.339,8.412,46263.385642
1652738400000,8.411,8.449,8.313,8.331,74811.65115
1652742000000,8.329,8.343,8.228,8.303,79736.780986
1652745600000,8.303,8.47,8.285,8.461,84764.656946
1652749200000,8.46,8.484,8.373,8.452,61754.36022
1652752800000,8.455,8.486,8.413,8.445,41661.962371
1652756400000,8.444,8.653,8.44,8.613,104884.880238
1652760000000,8.607,8.679,8.542,8.623,82609.736003
1652763600000,8.627,8.685,8.573,8.649,59709.20407
1652767200000,8.649,8.719,8.602,8.719,66390.322335
1652770800000,8.715,8.739,8.564,8.578,98704.650927
1652774400000,8.576,8.695,8.563,8.624,86209.345737
1652778000000,8.621,8.716,8.621,8.681,80156.151205
1652781600000,8.685,8.716,8.652,8.664,44305.391569
1652785200000,8.658,8.696,8.6,8.622,45773.285232
1652788800000,8.618,8.9,8.592,8.802,147265.830241
1652792400000,8.798,8.86,8.694,8.762,108354.770327
1652796000000,8.763,8.763,8.547,8.566,145242.656988
1652799600000,8.565,8.6,8.5,8.555,96449.637221
1652803200000,8.557,8.567,8.432,8.531,127965.336455
1652806800000,8.531,8.573,8.43,8.43,74807.196205
1652810400000,8.431,8.479,8.2,8.27,207973.421377
1652814000000,8.274,8.437,8.256,8.366,79114.344013
1652817600000,8.364,8.436,8.35,8.407,48725.659392
1652821200000,8.4,8.571,8.396,8.547,55496.655901
1652824800000,8.55,8.621,8.515,8.541,79173.956465
1652828400000,8.54,8.646,8.54,8.574,110544.745797
1652832000000,8.574,8.733,8.563,8.586,113070.702913
1652835600000,8.588,8.592,8.429,8.459,108393.187832
1652839200000,8.455,8.532,8.436,8.525,68130.061031
1652842800000,8.524,8.524,8.297,8.326,148752.132489
1652846400000,8.329,8.374,8.307,8.32,98233.857731
1652850000000,8.316,8.422,8.3,8.396,84159.720298
1652853600000,8.397,8.418,8.239,8.259,111678.066913
1652857200000,8.257,8.329,8.252,8.324,74403.803976
1652860800000,8.324,8.333,8.267,8.3,77380.407242
1652864400000,8.298,8.313,8.217,8.302,95733.199393
1652868000000,8.3,8.358,8.288,8.329,66488.806851
1652871600000,8.329,8.337,8.222,8.274,91236.484413
1652875200000,8.274,8.293,8,8.032,235267.671257
1652878800000,8.024,8.069,7.88,7.981,233696.218215
1652882400000,7.973,8.044,7.83,7.898,134309.321715
1652886000000,7.9,7.909,7.653,7.779,272592.132337
1652889600000,7.78,8.19,7.684,7.996,238131.358513
1652893200000,7.997,7.997,7.77,7.821,112143.793909
1652896800000,7.824,7.87,7.787,7.833,73441.6478
1652900400000,7.835,7.915,7.814,7.868,58508.789858
1652904000000,7.868,7.874,7.693,7.779,70116.458212
1652907600000,7.777,7.812,7.73,7.756,42464.751052
1652911200000,7.762,7.804,7.657,7.697,82746.711581
1652914800000,7.691,7.782,7.5,7.61,220200.378465
1652918400000,7.611,7.711,7.555,7.624,144618.13448
1652922000000,7.625,7.7,7.38,7.443,174213.116284
1652925600000,7.445,8.039,7.43,7.684,346478.891914
1652929200000,7.671,7.795,7.659,7.754,168901.804067
1652932800000,7.753,7.843,7.701,7.715,115175.228977
1652936400000,7.714,7.767,7.613,7.634,59024.777568
1652940000000,7.633,7.86,7.631,7.842,75755.921323
1652943600000,7.845,7.854,7.705,7.748,59922.404779
1652947200000,7.746,7.78,7.67,7.71,99321.202686
1652950800000,7.704,7.759,7.591,7.68,67064.232162
1652954400000,7.686,7.9,7.677,7.818,154189.617531
1652958000000,7.818,8.066,7.76,8.017,155373.211017
1652961600000,8.017,8.1,7.949,7.983,180436.136247
1652965200000,7.983,8.173,7.945,8.051,143533.484305
1652968800000,8.054,8.188,7.999,8.055,127685.615619
1652972400000,8.068,8.225,8.015,8.164,144768.299489
1652976000000,8.164,8.2,8.052,8.102,150430.198738
1652979600000,8.104,8.145,8.02,8.114,57735.86169
1652983200000,8.121,8.144,8.022,8.071,37527.041733
1652986800000,8.072,8.104,7.966,7.966,33703.216657
1652990400000,7.966,8.055,7.956,8.036,17165.036028
1652994000000,8.042,8.095,8.008,8.033,20196.055622
1652997600000,8.034,8.035,7.86,7.99,54586.447822
1653001200000,7.99,8.305,7.99,8.208,133933.461968
1653004800000,8.21,8.225,8.069,8.172,105083.173094
1653008400000,8.168,8.339,8.108,8.249,150692.883259
1653012000000,8.246,8.263,8.145,8.193,69844.500149
1653015600000,8.193,8.209,8.098,8.133,62009.825069
1653019200000,8.135,8.191,8.06,8.124,65750.566286
1653022800000,8.126,8.223,8.072,8.197,60085.250582
1653026400000,8.197,8.202,7.993,8.085,96713.93752
1653030000000,8.085,8.195,8.039,8.154,97190.642974
1653033600000,8.144,8.226,8.123,8.151,64162.940925
1653037200000,8.15,8.247,8.119,8.197,50914.121614
1653040800000,8.197,8.253,8.19,8.244,33384.985265
1653044400000,8.244,8.298,8.155,8.266,60884.56605
1653048000000,8.275,8.28,8.076,8.159,88346.594233
1653051600000,8.155,8.234,8.093,8.182,69851.384086
1653055200000,8.182,8.185,7.934,7.975,126139.98803
1653058800000,7.979,7.979,7.83,7.859,123419.660355
1653062400000,7.852,7.871,7.687,7.76,161313.298982
1653066000000,7.744,7.82,7.719,7.805,70194.616971
1653069600000,7.805,7.827,7.74,7.806,48119.994594
1653073200000,7.806,7.929,7.789,7.91,54249.987943
1653076800000,7.91,7.945,7.821,7.865,29186.605963
1653080400000,7.87,7.901,7.844,7.845,11216.339583
1653084000000,7.852,7.99,7.825,7.928,51751.659742
1653087600000,7.932,8.018,7.9,7.927,64035.59066
1653091200000,7.929,7.978,7.81,7.877,57407.329544
1653094800000,7.882,7.89,7.755,7.849,75970.455177
1653098400000,7.857,7.974,7.828,7.938,63705.544174
1653102000000,7.938,7.988,7.879,7.963,47270.833828
1653105600000,7.97,7.987,7.904,7.918,45933.889983
1653109200000,7.917,7.953,7.848,7.949,51180.399103
1653112800000,7.945,7.99,7.933,7.966,42376.767585
1653116400000,7.97,8.05,7.918,8.006,77459.326145
1653120000000,8.004,8.035,7.963,7.982,51623.202839
1653123600000,7.982,8.012,7.964,7.986,29234.6704
1653127200000,7.989,8.056,7.989,8.015,42809.255548
1653130800000,8.014,8.014,7.922,8.002,38277.025441
1653134400000,7.998,8.03,7.938,8.006,34750.300313
1653138000000,8.007,8.04,7.961,7.988,52523.509173
1653141600000,7.986,8.048,7.937,8.041,59619.530099
1653145200000,8.043,8.19,8.008,8.155,108480.813069
1653148800000,8.154,8.34,8.154,8.29,163406.245854
1653152400000,8.29,8.316,8.153,8.169,61529.009618
1653156000000,8.174,8.218,8.158,8.191,27466.338947
1653159600000,8.19,8.228,8.1,8.159,40879.348118
1653163200000,8.161,8.165,8.097,8.125,21149.48995
1653166800000,8.121,8.157,8.08,8.087,22302.017967
1653170400000,8.087,8.148,8.054,8.142,29909.742325
1653174000000,8.146,8.238,8.127,8.18,33996.693779
1653177600000,8.18,8.273,8.154,8.201,55745.832762
1653181200000,8.206,8.236,8.141,8.188,42855.034058
1653184800000,8.182,8.183,8.088,8.114,64837.856474
1653188400000,8.11,8.17,8.084,8.123,36841.488991
1653192000000,8.119,8.119,8.019,8.032,54015.335881
1653195600000,8.032,8.131,8.029,8.099,25292.361265
1653199200000,8.099,8.159,8.08,8.135,32742.417148
1653202800000,8.136,8.187,8.103,8.166,35115.98086
1653206400000,8.163,8.214,8.158,8.207,40975.607351
1653210000000,8.21,8.4,8.186,8.37,168563.344227
1653213600000,8.369,8.533,8.366,8.387,139896.705353
1653217200000,8.387,8.476,8.312,8.338,84782.854848
1653220800000,8.338,8.436,8.327,8.392,55192.746469
1653224400000,8.398,8.403,8.319,8.361,37843.816929
1653228000000,8.361,8.453,8.339,8.371,61594.365726
1653231600000,8.371,8.396,8.23,8.29,62467.722655
1653235200000,8.293,8.331,8.176,8.323,55242.434305
1653238800000,8.323,8.44,8.306,8.364,50647.248678
1653242400000,8.364,8.417,8.339,8.391,19856.973023
1653246000000,8.391,8.417,8.354,8.354,15342.234675
1653249600000,8.357,8.41,8.336,8.344,20223.913156
1653253200000,8.338,8.379,8.31,8.314,19183.306378
1653256800000,8.321,8.495,8.321,8.432,141698.414419
1653260400000,8.435,8.507,8.435,8.453,56411.404595
1653264000000,8.449,8.53,8.401,8.463,65883.281326
1653267600000,8.458,8.467,8.319,8.346,57188.74783
1653271200000,8.346,8.351,8.257,8.286,67282.706131
1653274800000,8.288,8.365,8.288,8.352,33148.018521
1653278400000,8.352,8.458,8.335,8.417,69361.816854
1653282000000,8.418,8.467,8.394,8.44,52215.453355
1653285600000,8.44,8.529,8.428,8.497,75413.42728
1653289200000,8.502,8.587,8.471,8.502,82670.202522
1653292800000,8.502,8.541,8.431,8.45,53316.059061
1653296400000,8.454,8.521,8.422,8.502,51141.363834
1653300000000,8.5,8.535,8.47,8.526,50291.380082
1653303600000,8.527,8.582,8.492,8.533,47820.765419
1653307200000,8.536,8.575,8.451,8.468,75852.642766
1653310800000,8.471,8.536,8.324,8.408,188710.956489
1653314400000,8.407,8.442,8.295,8.4,156922.103863
1653318000000,8.396,9.499,8.383,9.257,1441449.297792
1653321600000,9.255,9.274,8.99,9.035,340501.225073
1653325200000,9.035,9.045,8.84,8.933,172601.393103
1653328800000,8.934,8.942,8.6,8.666,294723.623806
1653332400000,8.666,8.675,8.44,8.446,272514.62573
1653336000000,8.441,8.585,8.418,8.582,96425.793307
1653339600000,8.581,8.644,8.53,8.539,57872.560593
1653343200000,8.538,8.538,8.11,8.168,263852.709138
1653346800000,8.165,8.191,8.028,8.18,217930.812485
1653350400000,8.181,8.333,8.163,8.288,151835.852944
1653354000000,8.296,8.403,8.264,8.388,90584.410039
1653357600000,8.389,8.455,8.366,8.393,58044.667595
1653361200000,8.39,8.433,8.363,8.399,38109.673662
1653364800000,8.399,8.45,8.3,8.386,93702.561698
1653368400000,8.386,8.418,8.323,8.35,53519.759103
1653372000000,8.342,8.385,8.255,8.341,78899.183045
1653375600000,8.343,8.6,8.33,8.479,205497.355117
1653379200000,8.475,8.492,8.329,8.369,79100.025433
1653382800000,8.37,8.497,8.321,8.429,187335.471661
1653386400000,8.43,8.479,8.404,8.462,255394.60551
1653390000000,8.461,8.494,8.35,8.381,57218.344305
1653393600000,8.377,8.42,8.254,8.293,143908.205064
1653397200000,8.297,8.321,8.026,8.094,197251.040412
1653400800000,8.097,8.316,8.042,8.3,203519.457635
1653404400000,8.301,8.5,8.286,8.408,141908.106855
1653408000000,8.411,8.464,8.26,8.321,130205.094971
1653411600000,8.323,8.323,8.112,8.262,89102.483399
1653415200000,8.259,8.352,8.214,8.241,48874.005655
1653418800000,8.24,8.333,8.214,8.296,34788.68119
1653422400000,8.307,8.414,8.243,8.407,23589.174163
1653426000000,8.407,8.44,8.362,8.403,21796.370056
1653429600000,8.414,8.478,8.392,8.437,71931.707575
1653433200000,8.439,8.493,8.387,8.418,71047.462887
1653436800000,8.416,8.449,8.329,8.356,63438.003665
1653440400000,8.35,8.418,8.281,8.415,62316.602451
1653444000000,8.412,8.599,8.379,8.554,237106.568056
1653447600000,8.552,8.574,8.443,8.552,143909.316415
1653451200000,8.555,8.555,8.39,8.407,179884.39886
1653454800000,8.407,8.457,8.27,8.319,119007.869693
1653458400000,8.314,8.37,8.23,8.349,77963.295469
1653462000000,8.348,8.391,8.29,8.308,41115.498781
1653465600000,8.315,8.346,8.22,8.313,42567.798281
1653469200000,8.312,8.336,8.25,8.318,30550.700151
1653472800000,8.319,8.324,8.19,8.192,72037.055807
1653476400000,8.19,8.228,8.08,8.142,132655.615357
1653480000000,8.14,8.215,8.116,8.194,61572.724369
1653483600000,8.192,8.315,8.146,8.293,85836.463295
1653487200000,8.283,8.347,8.211,8.231,74264.24443
1653490800000,8.233,8.259,8.128,8.239,89219.989618
1653494400000,8.235,8.281,8.173,8.198,69650.851179
1653498000000,8.19,8.25,8.114,8.132,43524.695095
1653501600000,8.133,8.271,8.08,8.246,73795.724065
1653505200000,8.248,8.33,8.237,8.243,21011.214443
1653508800000,8.243,8.288,8.187,8.274,14525.021211
1653512400000,8.275,8.291,8.246,8.279,14362.037372
1653516000000,8.277,8.286,8.184,8.255,20373.399737
1653519600000,8.255,8.262,8.151,8.175,33167.453008
1653523200000,8.178,8.298,8.163,8.25,61248.497841
1653526800000,8.253,8.27,8.17,8.182,60957.17165
1653530400000,8.182,8.243,8.182,8.207,31259.287535
1653534000000,8.209,8.217,8.1,8.122,160776.395795
1653537600000,8.119,8.15,8.069,8.081,62200.652357
1653541200000,8.078,8.131,7.818,7.904,265843.622743
1653544800000,7.896,7.915,7.8,7.902,137069.343002
1653548400000,7.901,7.941,7.793,7.924,109041.383304
1653552000000,7.92,7.972,7.628,7.673,216739.28718
1653555600000,7.676,7.713,7.615,7.68,62191.33717
1653559200000,7.68,7.734,7.678,7.694,65748.307676
1653562800000,7.694,7.704,7.51,7.615,196797.758902
1653566400000,7.61,7.704,7.602,7.65,98548.754114
1653570000000,7.646,7.673,7.318,7.624,304100.987877
1653573600000,7.63,7.839,7.626,7.81,190636.955144
1653577200000,7.809,7.875,7.723,7.798,83968.456244
1653580800000,7.801,8.002,7.785,7.85,177992.95752
1653584400000,7.862,7.918,7.829,7.903,45070.582971
1653588000000,7.901,7.914,7.735,7.746,69268.695031
1653591600000,7.747,7.76,7.651,7.66,53948.798716
1653595200000,7.658,7.724,7.637,7.694,36150.846973
1653598800000,7.687,7.763,7.687,7.725,22341.165914
1653602400000,7.726,7.786,7.636,7.659,31336.286198
1653606000000,7.658,7.772,7.616,7.64,71650.904086
1653609600000,7.635,7.736,7.578,7.6,86767.106387
1653613200000,7.602,7.629,7.4,7.427,127047.380861
1653616800000,7.428,7.516,7.352,7.415,179303.821491
1653620400000,7.414,7.627,7.398,7.563,71355.83468
1653624000000,7.562,7.611,7.421,7.43,60823.819707
1653627600000,7.43,7.481,7.303,7.374,99840.033424
1653631200000,7.375,7.509,7.291,7.497,106550.714538
1653634800000,7.494,7.603,7.462,7.488,81712.604501
1653638400000,7.488,7.542,7.2,7.391,245143.241968
1653642000000,7.391,7.516,7.377,7.508,82423.211973
1653645600000,7.508,7.566,7.439,7.468,91955.348472
1653649200000,7.465,7.645,7.45,7.568,126115.526536
1653652800000,7.566,7.7,7.52,7.679,104241.98366
1653656400000,7.678,7.719,7.6,7.684,104870.984621
1653660000000,7.689,7.7,7.47,7.521,120345.091808
1653663600000,7.522,7.563,7.439,7.468,89378.580055
1653667200000,7.465,7.496,7.373,7.402,101966.825038
1653670800000,7.403,7.453,7.253,7.278,98552.785152
1653674400000,7.279,7.325,7.16,7.223,103988.521974
1653678000000,7.224,7.367,7.145,7.301,61500.528807
1653681600000,7.296,7.371,7.267,7.304,41847.322807
1653685200000,7.303,7.371,7.275,7.292,37309.905175
1653688800000,7.283,7.339,7.253,7.289,28855.555079
1653692400000,7.284,7.296,7.153,7.23,58454.055141
1653696000000,7.232,7.408,7.209,7.406,57485.79614
1653699600000,7.407,7.459,7.267,7.29,69835.913496
1653703200000,7.293,7.32,7.172,7.211,58615.970069
1653706800000,7.203,7.33,7.165,7.321,60046.721721
1653710400000,7.322,7.387,7.271,7.347,118830.236481
1653714000000,7.351,7.473,7.307,7.418,83920.063345
1653717600000,7.415,7.432,7.375,7.39,50640.571951
1653721200000,7.39,7.407,7.32,7.344,43981.751588
1653724800000,7.346,7.379,7.298,7.309,55684.376711
1653728400000,7.311,7.366,7.288,7.341,36272.680783
1653732000000,7.338,7.39,7.306,7.348,38933.716074
1653735600000,7.346,7.436,7.324,7.365,78132.404002
1653739200000,7.36,7.48,7.332,7.438,62130.698526
1653742800000,7.433,7.493,7.405,7.423,98445.656672
1653746400000,7.428,7.444,7.376,7.396,42178.290492
1653750000000,7.4,7.548,7.379,7.511,160856.179475
1653753600000,7.511,7.532,7.465,7.471,54174.235125
1653757200000,7.468,7.492,7.427,7.47,55864.511188
1653760800000,7.473,7.529,7.465,7.518,18392.67735
1653764400000,7.523,7.536,7.483,7.509,14539.551649
1653768000000,7.512,7.755,7.509,7.559,78468.065872
1653771600000,7.557,7.588,7.514,7.514,8261.772444
1653775200000,7.516,7.517,7.443,7.465,21772.021093
1653778800000,7.462,7.6,7.46,7.537,40149.226241
1653782400000,7.537,7.58,7.477,7.498,32124.025205
1653786000000,7.496,7.502,7.375,7.392,84017.662061
1653789600000,7.392,7.397,7.333,7.371,59518.906374
1653793200000,7.371,7.389,7.346,7.379,30411.677911
1653796800000,7.382,7.408,7.35,7.371,27054.381486
1653800400000,7.369,7.416,7.364,7.408,28607.159124
1653804000000,7.409,7.448,7.394,7.411,30031.850086
1653807600000,7.411,7.464,7.401,7.464,23119.043926
1653811200000,7.465,7.496,7.448,7.451,33961.868435
1653814800000,7.454,7.474,7.39,7.4,35612.38994
1653818400000,7.397,7.49,7.397,7.473,34941.128696
1653822000000,7.476,7.518,7.468,7.498,66964.950874
1653825600000,7.505,7.8,7.503,7.719,210357.350243
1653829200000,7.718,7.744,7.639,7.643,70411.206226
1653832800000,7.649,7.654,7.58,7.586,37538.184484
1653836400000,7.582,7.585,7.464,7.52,60387.207111
1653840000000,7.521,7.626,7.521,7.584,63299.990051
1653843600000,7.585,7.6,7.508,7.536,23249.076079
1653847200000,7.535,7.543,7.493,7.528,14884.020398
1653850800000,7.533,7.558,7.508,7.558,15966.675878
1653854400000,7.558,7.584,7.535,7.549,16288.63117
1653858000000,7.555,7.577,7.521,7.567,8881.993396
1653861600000,7.568,7.651,7.518,7.626,52555.355516
1653865200000,7.626,7.66,7.606,7.625,34351.691017
1653868800000,7.622,7.628,7.55,7.565,29798.683401
1653872400000,7.563,7.792,7.563,7.78,102735.102149
1653876000000,7.78,7.888,7.763,7.85,233607.183425
1653879600000,7.85,7.9,7.771,7.82,101075.897059
1653883200000,7.825,7.852,7.743,7.788,94620.062108
1653886800000,7.787,7.899,7.784,7.893,59533.38731
1653890400000,7.893,8.163,7.877,8.064,244229.605752
1653894000000,8.066,8.114,8.029,8.07,88304.316327
1653897600000,8.07,8.082,8.002,8.02,93337.481592
1653901200000,8.02,8.023,7.9,7.949,140206.829506
1653904800000,7.946,7.967,7.857,7.903,91684.397947
1653908400000,7.903,7.981,7.883,7.969,58487.131317
1653912000000,7.971,8.022,7.828,7.915,106456.222611
1653915600000,7.915,7.949,7.865,7.914,49531.212713
1653919200000,7.915,8.022,7.897,7.913,89547.468164
1653922800000,7.908,7.98,7.9,7.908,35775.837249
1653926400000,7.911,8.025,7.878,7.947,116106.281742
1653930000000,7.945,8,7.93,7.967,29848.596659
1653933600000,7.973,7.987,7.924,7.964,20229.860463
1653937200000,7.96,8.023,7.913,7.931,36632.203112
1653940800000,7.93,8.133,7.908,8.133,66743.753638
1653944400000,8.133,8.256,8.084,8.148,89252.136798
1653948000000,8.149,8.251,8.149,8.232,120408.848781
1653951600000,8.235,8.3,8.161,8.216,163212.277506
1653955200000,8.211,8.273,8.117,8.144,117576.981712
1653958800000,8.146,8.168,8.08,8.168,77660.05286
1653962400000,8.168,8.35,8.165,8.278,127239.428204
1653966000000,8.287,8.359,8.193,8.24,125520.514499
1653969600000,8.24,8.255,8.173,8.185,54480.983584
1653973200000,8.185,8.212,8.104,8.13,107802.390116
1653976800000,8.128,8.141,7.98,8.082,152221.090777
1653980400000,8.085,8.25,8.051,8.227,92265.393188
1653984000000,8.225,8.232,8.144,8.153,62879.325135
1653987600000,8.15,8.158,8.033,8.075,68889.919908
1653991200000,8.071,8.152,8.057,8.131,61116.901963
1653994800000,8.137,8.2,8.125,8.187,85837.338658
1653998400000,8.191,8.2,8.026,8.083,89832.347714
1654002000000,8.085,8.191,7.805,7.921,429501.169788
1654005600000,7.918,8.016,7.815,7.996,143667.49106
1654009200000,7.997,8.149,7.934,8.104,104838.018727
1654012800000,8.102,8.179,7.994,8.064,105287.261103
1654016400000,8.06,8.112,7.991,8.102,49380.32784
1654020000000,8.095,8.119,7.943,7.981,55864.544176
1654023600000,7.98,8.018,7.94,8.006,28815.756066
1654027200000,8.001,8.064,7.978,8.058,29503.64718
1654030800000,8.063,8.064,7.998,8.023,19411.264626
1654034400000,8.023,8.2,8.008,8.183,44392.316015
1654038000000,8.184,8.194,8.047,8.09,58884.082084
1654041600000,8.089,8.14,7.988,8.108,69815.222879
1654045200000,8.108,8.178,8.041,8.11,74730.950196
1654048800000,8.115,8.128,7.978,8.04,91146.065024
1654052400000,8.04,8.043,7.905,7.925,83795.918176
1654056000000,7.931,8.028,7.9,7.962,88209.773996
1654059600000,7.958,7.979,7.848,7.918,79336.02587
1654063200000,7.919,7.977,7.903,7.93,36232.758725
1654066800000,7.938,8.014,7.901,7.914,73639.254575
1654070400000,7.914,7.995,7.882,7.97,65840.402878
1654074000000,7.967,8.026,7.958,8.016,31635.705196
1654077600000,8.009,8.016,7.953,7.999,61712.015449
1654081200000,7.998,8.037,7.915,7.982,67529.467662
1654084800000,7.985,8.055,7.912,8.022,55860.524451
1654088400000,8.018,8.144,7.998,8.048,114415.350053
1654092000000,8.053,8.09,7.666,7.83,198663.873782
1654095600000,7.829,7.859,7.71,7.723,97683.812586
1654099200000,7.719,7.726,7.565,7.605,161704.102405
1654102800000,7.605,7.605,7.605,7.605,0
1654106400000,7.605,7.629,7.55,7.574,60918.172885
1654110000000,7.573,7.589,7.509,7.549,58840.175248
1654113600000,7.545,7.554,7.315,7.375,206842.007876
1654117200000,7.368,7.45,7.365,7.41,59034.291894
1654120800000,7.41,7.466,7.373,7.463,91723.55736
1654124400000,7.454,7.527,7.429,7.441,84466.501184
1654128000000,7.44,7.481,7.401,7.426,154467.244365
1654131600000,7.432,7.474,7.408,7.412,46242.322486
1654135200000,7.41,7.448,7.367,7.404,58353.587232
1654138800000,7.404,7.42,7.309,7.331,67595.435782
1654142400000,7.335,7.368,7.314,7.359,35534.794854
1654146000000,7.363,7.42,7.333,7.394,52624.462835
1654149600000,7.396,7.453,7.375,7.45,54270.952345
1654153200000,7.449,7.497,7.43,7.449,59407.14329
1654156800000,7.446,7.48,7.428,7.448,34899.811437
1654160400000,7.452,7.46,7.412,7.455,23396.798078
1654164000000,7.45,7.517,7.42,7.475,33914.854106
1654167600000,7.476,7.547,7.437,7.529,50482.260183
1654171200000,7.532,7.569,7.488,7.499,46072.563765
1654174800000,7.502,7.511,7.356,7.441,112298.775488
1654178400000,7.437,7.502,7.419,7.482,58187.745118
1654182000000,7.485,7.606,7.48,7.558,84516.117641
1654185600000,7.563,7.6,7.526,7.559,68955.466089
1654189200000,7.563,7.626,7.529,7.594,48561.564321
1654192800000,7.595,7.769,7.584,7.664,98189.169114
1654196400000,7.667,7.703,7.633,7.671,22429.763039
1654200000000,7.674,7.722,7.661,7.673,24741.156711
1654203600000,7.671,7.759,7.668,7.75,38152.699713
1654207200000,7.749,7.812,7.733,7.733,68557.653144
1654210800000,7.736,7.792,7.731,7.737,48401.696847
1654214400000,7.737,7.756,7.685,7.69,40600.371089
1654218000000,7.692,7.76,7.689,7.755,33562.862486
1654221600000,7.75,7.754,7.691,7.705,34458.220203
1654225200000,7.705,7.708,7.668,7.674,36052.164419
1654228800000,7.675,7.684,7.59,7.596,42906.630235
1654232400000,7.589,7.641,7.589,7.617,22152.632367
1654236000000,7.622,7.648,7.545,7.559,33894.125345
1654239600000,7.564,7.585,7.539,7.552,38187.658451
1654243200000,7.552,7.589,7.526,7.564,29884.012186
1654246800000,7.563,7.587,7.47,7.532,58842.316735
1654250400000,7.529,7.542,7.37,7.397,104940.291604
1654254000000,7.391,7.418,7.25,7.383,168757.72727
1654257600000,7.386,7.444,7.312,7.339,91774.553799
1654261200000,7.336,7.417,7.327,7.414,77890.486985
1654264800000,7.418,7.439,7.292,7.354,69240.094485
1654268400000,7.351,7.364,7.3,7.333,48921.82502
1654272000000,7.333,7.358,7.309,7.352,44896.82327
1654275600000,7.352,7.394,7.3,7.367,71397.230077
1654279200000,7.363,7.375,7.326,7.353,16398.648023
1654282800000,7.355,7.376,7.332,7.335,9605.825558
1654286400000,7.336,7.408,7.334,7.39,20419.641233
1654290000000,7.39,7.473,7.39,7.465,10370.028203
1654293600000,7.471,7.484,7.39,7.423,32693.259647
1654297200000,7.419,7.432,7.361,7.388,34329.555256
1654300800000,7.387,7.438,7.385,7.399,17475.529717
1654304400000,7.401,7.415,7.319,7.324,33278.239704
1654308000000,7.327,7.346,7.218,7.266,96029.626926
1654311600000,7.265,7.313,7.252,7.28,43795.385794
1654315200000,7.279,7.416,7.271,7.389,39300.868498
1654318800000,7.39,7.396,7.368,7.386,20104.485762
1654322400000,7.385,7.436,7.385,7.427,38852.653638
1654326000000,7.432,7.432,7.382,7.399,20586.091377
1654329600000,7.396,7.423,7.361,7.416,30291.062555
1654333200000,7.417,7.428,7.363,7.38,47795.347593
1654336800000,7.382,7.402,7.346,7.367,22114.514483
1654340400000,7.374,7.407,7.35,7.378,26897.982208
1654344000000,7.377,7.378,7.307,7.319,39086.30018
1654347600000,7.319,7.379,7.31,7.374,24629.397972
1654351200000,7.377,7.453,7.328,7.422,44843.764362
1654354800000,7.424,7.452,7.396,7.405,52726.328388
1654358400000,7.409,7.413,7.375,7.382,25645.230029
1654362000000,7.384,7.413,7.354,7.395,11490.627824
1654365600000,7.4,7.428,7.378,7.389,23656.364151
1654369200000,7.386,7.392,7.357,7.368,12467.716114
1654372800000,7.366,7.42,7.361,7.401,6373.482615
1654376400000,7.401,7.435,7.398,7.435,13682.311929
1654380000000,7.433,7.52,7.425,7.428,71627.860684
1654383600000,7.43,7.475,7.42,7.469,14947.691039
1654387200000,7.468,7.507,7.441,7.444,57559.474869
1654390800000,7.44,7.44,7.337,7.349,59555.607947
1654394400000,7.347,7.405,7.341,7.397,26639.13821
1654398000000,7.394,7.4,7.362,7.387,32936.035936
1654401600000,7.386,7.386,7.337,7.356,25500.763956
1654405200000,7.356,7.408,7.352,7.384,16495.003193
1654408800000,7.393,7.394,7.372,7.38,11842.776694
1654412400000,7.377,7.412,7.369,7.37,21349.745888
1654416000000,7.368,7.403,7.36,7.376,23681.304882
1654419600000,7.376,7.377,7.268,7.317,77519.919678
1654423200000,7.312,7.351,7.299,7.316,26205.49671
1654426800000,7.317,7.359,7.3,7.354,25440.694346
1654430400000,7.35,7.376,7.332,7.355,18828.369826
1654434000000,7.357,7.403,7.322,7.388,31478.306948
1654437600000,7.387,7.401,7.353,7.387,29781.626911
1654441200000,7.391,7.45,7.391,7.45,42482.507826
1654444800000,7.449,7.563,7.404,7.407,116455.095831
1654448400000,7.415,7.5,7.404,7.493,24070.26821
1654452000000,7.492,7.507,7.456,7.479,25547.27041
1654455600000,7.483,7.495,7.448,7.471,12552.149942
1654459200000,7.471,7.512,7.46,7.46,18230.381026
1654462800000,7.463,7.472,7.418,7.468,20830.519846
1654466400000,7.47,7.499,7.41,7.432,37212.71327
1654470000000,7.431,7.44,7.356,7.372,39743.758616
1654473600000,7.369,7.526,7.356,7.521,57978.348692
1654477200000,7.523,7.65,7.51,7.62,157158.311127
1654480800000,7.624,7.645,7.57,7.581,77145.286877
1654484400000,7.58,7.679,7.579,7.667,108943.211976
1654488000000,7.668,7.715,7.639,7.645,59013.653578
1654491600000,7.646,7.677,7.626,7.656,48463.093171
1654495200000,7.66,7.798,7.653,7.771,78520.356614
1654498800000,7.772,7.783,7.717,7.746,89692.108075
1654502400000,7.744,7.878,7.741,7.84,112184.860061
1654506000000,7.841,7.858,7.814,7.84,59216.54188
1654509600000,7.839,7.856,7.811,7.813,42458.083769
1654513200000,7.813,7.835,7.702,7.718,111706.983501
1654516800000,7.72,7.752,7.707,7.724,48687.223062
1654520400000,7.722,7.722,7.605,7.649,178650.587299
1654524000000,7.654,7.716,7.626,7.635,77948.790689
1654527600000,7.644,7.662,7.533,7.62,117224.586811
1654531200000,7.619,7.623,7.512,7.529,71610.907717
1654534800000,7.529,7.552,7.44,7.483,93589.153471
1654538400000,7.485,7.512,7.454,7.477,33369.744049
1654542000000,7.476,7.51,7.446,7.506,33429.478909
1654545600000,7.505,7.506,7.42,7.476,67882.239113
1654549200000,7.477,7.571,7.477,7.571,34114.095433
1654552800000,7.569,7.607,7.515,7.528,31750.768499
1654556400000,7.525,7.593,7.517,7.57,31072.816316
1654560000000,7.569,7.579,7.285,7.32,360337.957523
1654563600000,7.314,7.339,7.006,7.113,387562.89432
1654567200000,7.111,7.18,7.064,7.155,147323.021746
1654570800000,7.149,7.296,7.149,7.233,86139.134847
1654574400000,7.233,7.256,7.2,7.226,44513.877427
1654578000000,7.22,7.24,7.176,7.191,39996.000521
1654581600000,7.191,7.215,7.164,7.21,54305.332005
1654585200000,7.21,7.27,7.189,7.257,38465.406917
1654588800000,7.254,7.28,7.233,7.246,46150.893584
1654592400000,7.246,7.25,7.215,7.228,25927.609861
1654596000000,7.23,7.271,7.222,7.233,20443.91775
1654599600000,7.229,7.236,7.116,7.165,71082.492823
1654603200000,7.163,7.211,7.124,7.174,36864.100498
1654606800000,7.172,7.292,7.159,7.268,55332.359228
1654610400000,7.266,7.343,7.237,7.301,62657.591248
1654614000000,7.302,7.308,7.219,7.251,50376.963228
1654617600000,7.247,7.3,7.215,7.28,29291.993596
1654621200000,7.276,7.297,7.243,7.268,10950.394014
1654624800000,7.271,7.337,7.244,7.328,26279.407551
1654628400000,7.322,7.599,7.32,7.537,101293.417738
1654632000000,7.537,7.661,7.463,7.484,192102.890446
1654635600000,7.485,7.516,7.463,7.506,45134.61916
1654639200000,7.504,7.516,7.17,7.3,117362.811461
1654642800000,7.307,7.386,7.26,7.324,81867.1472
1654646400000,7.326,7.441,7.312,7.395,74246.595497
1654650000000,7.398,7.419,7.312,7.392,65399.357731
1654653600000,7.391,7.458,7.358,7.36,48511.577407
1654657200000,7.36,7.379,7.14,7.187,174439.391373
1654660800000,7.184,7.251,7.143,7.236,83470.805015
1654664400000,7.234,7.351,7.223,7.32,66469.205996
1654668000000,7.321,7.364,7.258,7.301,89135.194741
1654671600000,7.299,7.331,7.22,7.314,41660.897132
1654675200000,7.314,7.353,7.286,7.322,61829.180161
1654678800000,7.329,7.351,7.291,7.351,34308.161241
1654682400000,7.344,7.358,7.288,7.303,36179.125818
1654686000000,7.3,7.324,7.271,7.298,35456.223565
1654689600000,7.298,7.318,7.191,7.214,72385.383346
1654693200000,7.212,7.405,7.204,7.36,112182.054223
1654696800000,7.362,7.374,7.28,7.307,63906.037311
1654700400000,7.305,7.34,7.288,7.315,35120.563217
1654704000000,7.314,7.337,7.245,7.265,41612.921581
1654707600000,7.265,7.282,7.24,7.271,19142.237388
1654711200000,7.271,7.28,7.15,7.224,61799.549656
1654714800000,7.224,7.241,7.164,7.214,25922.499725
1654718400000,7.213,7.258,7.206,7.21,29007.534189
1654722000000,7.209,7.276,7.209,7.269,13536.743611
1654725600000,7.275,7.277,7.209,7.226,19806.845744
1654729200000,7.226,7.23,7.158,7.186,47041.756818
1654732800000,7.187,7.193,7.083,7.15,108707.659869
1654736400000,7.152,7.205,7.14,7.142,43249.285919
1654740000000,7.146,7.204,7.139,7.19,35626.294793
1654743600000,7.192,7.223,7.188,7.206,28231.608583
1654747200000,7.207,7.208,7.162,7.186,21252.161983
1654750800000,7.183,7.218,7.175,7.195,22965.025766
1654754400000,7.194,7.214,7.193,7.206,25994.268164
1654758000000,7.208,7.25,7.206,7.24,29002.981878
1654761600000,7.239,7.261,7.218,7.249,43011.769457
1654765200000,7.25,7.288,7.236,7.274,38475.159921
1654768800000,7.277,7.33,7.27,7.29,52034.146788
1654772400000,7.29,7.29,7.227,7.235,61096.588533
1654776000000,7.231,7.246,7.168,7.203,77040.381861
1654779600000,7.204,7.23,7.151,7.223,68629.694366
1654783200000,7.226,7.255,7.188,7.222,51587.446794
1654786800000,7.216,7.24,7.175,7.229,29002.495695
1654790400000,7.225,7.285,7.195,7.282,26561.372017
1654794000000,7.282,7.305,7.222,7.265,38744.292022
1654797600000,7.264,7.275,7.247,7.253,77544.758473
1654801200000,7.251,7.251,7.17,7.18,42202.319094
1654804800000,7.18,7.244,7.16,7.217,55197.845453
1654808400000,7.22,7.253,7.219,7.229,13567.592453
1654812000000,7.232,7.244,7.168,7.192,28234.313115
1654815600000,7.193,7.23,7.165,7.221,15582.746849
1654819200000,7.225,7.25,7.06,7.146,113261.044642
1654822800000,7.143,7.202,7.123,7.151,40972.742453
1654826400000,7.151,7.2,7.145,7.185,26622.638868
1654830000000,7.188,7.245,7.186,7.196,44224.118656
1654833600000,7.195,7.206,7.164,7.192,16101.605454
1654837200000,7.194,7.23,7.184,7.189,24551.134778
1654840800000,7.194,7.215,7.149,7.153,31590.187917
1654844400000,7.153,7.176,7.15,7.15,31005.792541
1654848000000,7.151,7.164,7.102,7.127,49261.797518
1654851600000,7.134,7.14,7.08,7.103,68346.707084
1654855200000,7.105,7.133,7.085,7.118,37637.004472
1654858800000,7.117,7.165,7.106,7.14,29702.941365
1654862400000,7.14,7.168,6.988,7.011,308667.09572
1654866000000,7.013,7.041,6.86,6.944,195806.00014
1654869600000,6.945,7.063,6.908,7.023,110880.017435
1654873200000,7.024,7.038,6.932,6.949,79571.758547
1654876800000,6.947,6.953,6.733,6.828,169847.963249
1654880400000,6.815,6.859,6.8,6.831,51955.849411
1654884000000,6.83,6.842,6.753,6.777,50553.256325
1654887600000,6.774,6.827,6.754,6.77,23968.964546
1654891200000,6.768,6.83,6.767,6.814,15112.063179
1654894800000,6.812,6.915,6.806,6.89,16280.976859
1654898400000,6.89,6.926,6.828,6.851,26695.419383
1654902000000,6.852,6.864,6.759,6.827,39811.976924
1654905600000,6.826,6.867,6.81,6.855,26138.041436
1654909200000,6.858,6.86,6.836,6.847,25722.93286
1654912800000,6.85,6.879,6.81,6.879,33764.849544
1654916400000,6.879,6.891,6.861,6.861,27835.670395
1654920000000,6.867,6.908,6.867,6.903,25583.670227
1654923600000,6.904,6.912,6.835,6.863,56573.074638
1654927200000,6.86,6.874,6.847,6.871,17538.05068
1654930800000,6.871,6.909,6.866,6.898,29116.523733
1654934400000,6.898,6.901,6.739,6.739,77367.698052
1654938000000,6.74,6.777,6.659,6.745,179428.431231
1654941600000,6.74,6.763,6.666,6.685,42389.09574
1654945200000,6.685,6.685,6.4,6.49,317275.456854
1654948800000,6.488,6.542,6.343,6.373,123024.141553
1654952400000,6.371,6.493,6.3,6.467,160784.820782
1654956000000,6.463,6.465,6.219,6.264,116190.666367
1654959600000,6.262,6.3,6.076,6.158,321117.69805
1654963200000,6.159,6.273,6.139,6.23,154343.638489
1654966800000,6.226,6.241,6.155,6.176,77825.394117
1654970400000,6.174,6.29,6.148,6.283,63535.389547
1654974000000,6.282,6.295,6.233,6.246,24121.602574
1654977600000,6.244,6.249,6.141,6.162,29441.922012
1654981200000,6.161,6.222,6.152,6.196,26972.597256
1654984800000,6.196,6.244,6.182,6.231,30852.292647
1654988400000,6.23,6.234,6.06,6.107,110315.700448
1654992000000,6.11,6.184,6.09,6.154,64365.272337
1654995600000,6.158,6.158,6,6.018,126079.611749
1654999200000,6.02,6.042,5.65,5.715,426148.804691
1655002800000,5.716,5.847,5.697,5.774,158313.029827
1655006400000,5.775,5.836,5.693,5.704,113687.450871
1655010000000,5.702,5.738,5.589,5.701,243798.101899
1655013600000,5.698,5.83,5.695,5.77,109109.435901
1655017200000,5.773,5.89,5.757,5.88,91534.019451
1655020800000,5.881,5.935,5.826,5.876,113612.6592
1655024400000,5.875,5.896,5.8,5.816,87568.673819
1655028000000,5.816,5.859,5.76,5.808,91848.473945
1655031600000,5.805,5.896,5.778,5.883,89571.44961
1655035200000,5.883,5.95,5.879,5.885,83158.789558
1655038800000,5.885,5.904,5.77,5.819,97883.188335
1655042400000,5.819,6.161,5.763,6.091,260137.176723
1655046000000,6.095,6.18,6.071,6.093,131206.900669
1655049600000,6.09,6.131,5.985,6.019,100844.031809
1655053200000,6.015,6.092,6.005,6.034,52639.122371
1655056800000,6.038,6.041,5.987,6.001,22913.228336
1655060400000,6.002,6.05,5.932,6.001,71876.921572
1655064000000,6.005,6.032,5.964,5.981,20362.79746
1655067600000,5.976,6.01,5.941,5.941,15938.132708
1655071200000,5.941,5.965,5.82,5.835,80934.053286
1655074800000,5.832,5.879,5.672,5.681,146675.288656
1655078400000,5.68,5.833,5.549,5.553,209756.90632
1655082000000,5.557,5.608,5.416,5.531,347617.580432
1655085600000,5.534,5.546,5.442,5.466,188491.395116
1655089200000,5.467,5.556,5.344,5.499,273214.644582
1655092800000,5.495,5.641,5.48,5.514,152112.957494
1655096400000,5.518,5.573,5.423,5.442,119074.871917
1655100000000,5.44,5.522,5.387,5.474,188462.49961
1655103600000,5.474,5.526,5.266,5.359,251641.77321
1655107200000,5.362,5.4,5.168,5.172,411333.505731
1655110800000,5.171,5.384,5.115,5.293,522317.973234
1655114400000,5.29,5.373,5.257,5.292,199710.913138
1655118000000,5.288,5.323,5.163,5.276,218417.157425
1655121600000,5.276,5.407,5.233,5.246,226720.834385
1655125200000,5.247,5.355,5.212,5.301,180117.786234
1655128800000,5.298,5.345,5.13,5.226,251214.303617
1655132400000,5.227,5.362,5.202,5.325,248673.467976
1655136000000,5.323,5.49,5.291,5.391,299650.614841
1655139600000,5.39,5.397,5.28,5.371,69804.362205
1655143200000,5.371,5.438,5.361,5.373,50460.963242
1655146800000,5.372,5.423,5.343,5.405,61144.246943
1655150400000,5.405,5.56,5.404,5.451,112500.680727
1655154000000,5.453,5.495,5.365,5.375,56826.833219
1655157600000,5.373,5.4,5.2,5.214,135860.755814
1655161200000,5.213,5.348,5.2,5.337,144440.722809
1655164800000,5.334,5.395,5.221,5.228,160520.552329
1655168400000,5.228,5.24,5.012,5.022,304945.200982
1655172000000,5.021,5.248,5.002,5.248,299289.956716
1655175600000,5.249,5.458,5.209,5.456,312474.408726
1655179200000,5.457,5.52,5.355,5.399,296394.244916
1655182800000,5.4,5.693,5.387,5.593,350722.890941
1655186400000,5.595,5.672,5.534,5.661,188908.99439
1655190000000,5.659,5.72,5.493,5.64,244261.486113
1655193600000,5.641,5.655,5.486,5.509,147648.971792
1655197200000,5.513,5.528,5.435,5.436,90689.383599
1655200800000,5.438,5.499,5.402,5.442,85374.473759
1655204400000,5.442,5.458,5.32,5.387,112136.580704
1655208000000,5.391,5.512,5.327,5.446,76143.096028
1655211600000,5.446,5.566,5.432,5.532,81505.504098
1655215200000,5.532,5.558,5.421,5.541,80874.466143
1655218800000,5.542,5.649,5.522,5.603,84287.334841
1655222400000,5.603,5.642,5.506,5.523,112723.878484
1655226000000,5.52,5.565,5.454,5.457,42543.739166
1655229600000,5.458,5.507,5.414,5.426,29737.616194
1655233200000,5.425,5.455,5.394,5.434,26875.617683
1655236800000,5.438,5.446,5.341,5.382,36079.22459
1655240400000,5.383,5.4,5.302,5.319,60483.003693
1655244000000,5.318,5.422,5.311,5.414,64965.068324
1655247600000,5.413,5.526,5.402,5.474,117963.180677
1655251200000,5.474,5.52,5.42,5.442,81668.073539
1655254800000,5.442,5.542,5.436,5.508,73246.872451
1655258400000,5.511,5.512,5.356,5.407,165257.334083
1655262000000,5.406,5.422,5.315,5.328,135012.860292
1655265600000,5.332,5.338,5.2,5.236,258962.943198
1655269200000,5.236,5.26,5.099,5.172,264885.050082
1655272800000,5.171,5.267,5.143,5.251,117376.071014
1655276400000,5.248,5.265,5.125,5.155,116136.353045
1655280000000,5.153,5.165,5.073,5.094,303680.164983
1655283600000,5.091,5.167,5.085,5.146,192027.697011
1655287200000,5.146,5.247,5.124,5.23,144856.001631
1655290800000,5.229,5.362,5.189,5.313,157739.605277
1655294400000,5.312,5.399,5.271,5.295,91399.622039
1655298000000,5.297,5.44,5.287,5.403,159531.523378
1655301600000,5.402,5.456,5.305,5.333,110497.116854
1655305200000,5.332,5.375,5.292,5.37,66390.878971
1655308800000,5.369,5.403,5.229,5.257,137629.468954
1655312400000,5.253,5.412,5.2,5.385,107210.755721
1655316000000,5.392,5.67,5.178,5.563,629324.30196
1655319600000,5.562,5.727,5.548,5.623,237503.830297
1655323200000,5.625,5.655,5.569,5.622,68566.425672
1655326800000,5.622,5.78,5.619,5.735,97818.664782
1655330400000,5.737,5.872,5.737,5.77,191444.209352
1655334000000,5.772,5.88,5.738,5.88,170600.268076
1655337600000,5.874,5.944,5.784,5.807,147104.986286
1655341200000,5.808,5.885,5.794,5.795,159600.07117
1655344800000,5.794,5.817,5.742,5.796,110926.544737
1655348400000,5.796,5.809,5.754,5.758,73690.022396
1655352000000,5.758,5.821,5.721,5.734,82359.022748
1655355600000,5.737,5.76,5.65,5.669,91148.112939
1655359200000,5.665,5.679,5.589,5.605,107542.619382
1655362800000,5.605,5.647,5.534,5.565,155160.650622
1655366400000,5.566,5.67,5.538,5.643,113856.933367
1655370000000,5.643,5.679,5.4,5.455,257052.881259
1655373600000,5.455,5.473,5.3,5.404,314797.883362
1655377200000,5.404,5.417,5.354,5.403,110672.29859
1655380800000,5.402,5.53,5.384,5.443,123787.054726
1655384400000,5.443,5.516,5.314,5.36,189872.353985
1655388000000,5.36,5.417,5.288,5.355,144487.010729
1655391600000,5.354,5.473,5.354,5.449,98593.293394
1655395200000,5.448,5.542,5.391,5.511,99437.38357
1655398800000,5.511,5.537,5.407,5.414,47414.682047
1655402400000,5.408,5.431,5.374,5.414,40910.708685
1655406000000,5.411,5.443,5.295,5.306,58074.404164
1655409600000,5.306,5.401,5.29,5.391,54624.303297
1655413200000,5.395,5.444,5.355,5.362,17000.902859
1655416800000,5.364,5.368,5.253,5.258,81455.751651
1655420400000,5.258,5.309,5.211,5.307,97628.145506
1655424000000,5.308,5.447,5.284,5.346,102725.394376
1655427600000,5.347,5.463,5.34,5.444,100880.624751
1655431200000,5.446,5.472,5.358,5.378,78823.989874
1655434800000,5.378,5.414,5.33,5.338,69921.23165
1655438400000,5.337,5.416,5.326,5.388,42378.250196
1655442000000,5.384,5.447,5.373,5.404,65317.896991
1655445600000,5.405,5.442,5.352,5.437,69097.133186
1655449200000,5.438,5.476,5.408,5.426,92553.62024
1655452800000,5.425,5.464,5.389,5.394,48164.616407
1655456400000,5.393,5.418,5.36,5.38,54283.016593
1655460000000,5.379,5.436,5.353,5.43,60288.493383
1655463600000,5.431,5.461,5.37,5.378,96829.683788
1655467200000,5.379,5.403,5.322,5.35,115495.100484
1655470800000,5.348,5.461,5.312,5.436,107840.950326
1655474400000,5.436,5.438,5.33,5.374,87301.158955
1655478000000,5.375,5.413,5.36,5.398,46217.539436
1655481600000,5.392,5.415,5.312,5.321,42649.501113
1655485200000,5.32,5.367,5.296,5.345,43376.892019
1655488800000,5.347,5.373,5.321,5.341,13801.348028
1655492400000,5.341,5.351,5.298,5.318,19267.070337
1655496000000,5.315,5.384,5.315,5.365,37954.869325
1655499600000,5.37,5.376,5.342,5.348,14666.312643
1655503200000,5.348,5.381,5.312,5.342,39805.744817
1655506800000,5.339,5.38,5.329,5.342,26610.079896
1655510400000,5.343,5.418,5.334,5.374,71205.300188
1655514000000,5.38,5.385,5.272,5.29,126692.645022
1655517600000,5.29,5.304,5.257,5.301,61293.891191
1655521200000,5.301,5.317,5.274,5.292,38927.380697
1655524800000,5.293,5.321,5.288,5.321,21331.317876
1655528400000,5.319,5.334,5.29,5.299,25453.051386
1655532000000,5.3,5.312,5.12,5.153,219647.860148
1655535600000,5.154,5.159,5.03,5.057,350234.255277
1655539200000,5.058,5.2,5,5.133,351174.529756
1655542800000,5.133,5.157,5.102,5.154,110776.459212
1655546400000,5.154,5.242,5.144,5.192,113242.50527
1655550000000,5.193,5.225,5.142,5.143,77329.537035
1655553600000,5.143,5.159,5.122,5.13,54210.520112
1655557200000,5.131,5.155,5.093,5.119,93715.88903
1655560800000,5.119,5.15,5.094,5.104,51749.151871
1655564400000,5.106,5.119,5.077,5.088,72343.198268
1655568000000,5.088,5.165,5.066,5.088,87559.562301
1655571600000,5.089,5.124,5.02,5.069,107792.328787
1655575200000,5.068,5.134,5.034,5.086,85427.218938
1655578800000,5.083,5.12,4.968,4.979,226202.095251
1655582400000,4.977,4.997,4.8,4.864,344823.900709
1655586000000,4.862,5.1,4.857,5.04,157214.123255
1655589600000,5.038,5.19,5.014,5.158,162111.596523
1655593200000,5.159,5.185,5.073,5.113,131454.509917
1655596800000,5.112,5.17,5.081,5.091,105619.480274
1655600400000,5.095,5.104,5.023,5.054,107643.350113
1655604000000,5.053,5.071,4.986,5.046,97022.696497
1655607600000,5.046,5.12,5.03,5.044,73459.51094
1655611200000,5.045,5.104,5.034,5.097,32982.302462
1655614800000,5.098,5.162,5,5.04,154612.350312
1655618400000,5.04,5.129,5.007,5.07,104170.858452
1655622000000,5.072,5.158,5.059,5.074,119011.406216
1655625600000,5.073,5.143,5.056,5.138,63236.201187
1655629200000,5.136,5.205,5.114,5.16,168015.229442
1655632800000,5.16,5.368,5.146,5.346,428479.356711
1655636400000,5.346,5.36,5.309,5.341,117392.386713
1655640000000,5.342,5.398,5.27,5.275,171045.437615
1655643600000,5.275,5.31,5.205,5.222,220469.186612
1655647200000,5.222,5.303,5.195,5.291,92641.875105
1655650800000,5.291,5.348,5.243,5.34,110649.836246
1655654400000,5.341,5.344,5.231,5.264,63703.329715
1655658000000,5.262,5.275,5.22,5.25,113524.916009
1655661600000,5.25,5.392,5.246,5.39,44505.06176
1655665200000,5.389,5.418,5.339,5.367,101213.088435
1655668800000,5.365,5.538,5.357,5.508,171772.567978
1655672400000,5.508,5.518,5.47,5.493,51817.987626
1655676000000,5.494,5.559,5.435,5.465,117367.640593
1655679600000,5.464,5.488,5.418,5.487,109057.692793
1655683200000,5.487,5.511,5.39,5.395,139246.376993
1655686800000,5.395,5.411,5.301,5.335,110501.255521
1655690400000,5.335,5.39,5.289,5.331,83706.392952
1655694000000,5.331,5.398,5.313,5.355,57161.865966
1655697600000,5.356,5.4,5.301,5.309,63142.19931
1655701200000,5.309,5.378,5.295,5.378,59428.59843
1655704800000,5.376,5.4,5.332,5.397,41216.964466
1655708400000,5.398,5.399,5.348,5.395,59708.967082
1655712000000,5.395,5.507,5.387,5.488,122013.218626
1655715600000,5.488,5.515,5.46,5.505,78194.016062
1655719200000,5.504,5.63,5.476,5.618,192608.66627
1655722800000,5.619,5.685,5.539,5.643,216947.350495
1655726400000,5.643,5.645,5.509,5.567,96189.778303
1655730000000,5.566,5.601,5.478,5.495,143445.671985
1655733600000,5.497,5.608,5.493,5.602,58329.03917
1655737200000,5.602,5.622,5.494,5.568,91684.398301
1655740800000,5.569,5.583,5.473,5.507,112060.521924
1655744400000,5.508,5.577,5.46,5.487,104027.703953
1655748000000,5.486,5.492,5.414,5.462,56609.733004
1655751600000,5.463,5.485,5.419,5.467,37285.933724
1655755200000,5.468,5.539,5.433,5.523,47515.383799
1655758800000,5.523,5.523,5.35,5.381,68284.724899
1655762400000,5.382,5.43,5.324,5.416,87537.369216
1655766000000,5.417,5.501,5.378,5.459,70113.157452
1655769600000,5.458,5.512,5.399,5.497,71733.508808
1655773200000,5.497,5.56,5.451,5.515,105649.076263
1655776800000,5.515,5.518,5.44,5.486,48532.386615
1655780400000,5.485,5.547,5.47,5.541,62591.257654
1655784000000,5.543,5.574,5.509,5.565,103666.946064
1655787600000,5.567,5.786,5.566,5.752,254619.679573
1655791200000,5.751,5.782,5.691,5.704,214909.669225
1655794800000,5.703,5.713,5.59,5.616,123129.670775
1655798400000,5.615,5.762,5.607,5.748,128790.891734
1655802000000,5.75,5.766,5.681,5.686,89621.740876
1655805600000,5.685,5.808,5.665,5.803,134686.318541
1655809200000,5.802,5.81,5.637,5.647,121293.393923
1655812800000,5.645,5.699,5.637,5.686,81102.860607
1655816400000,5.685,5.81,5.638,5.799,163496.93933
1655820000000,5.799,5.85,5.762,5.812,226998.614718
1655823600000,5.813,5.817,5.731,5.802,98648.362751
1655827200000,5.797,6.28,5.795,6.124,806050.718856
1655830800000,6.125,6.395,6.075,6.25,362824.783401
1655834400000,6.25,6.379,6.214,6.309,143477.378853
1655838000000,6.31,6.352,6.131,6.14,117121.994698
1655841600000,6.14,6.177,6.1,6.141,128103.683279
1655845200000,6.139,6.206,6.105,6.133,94336.127727
1655848800000,6.14,6.144,6.01,6.112,141680.474751
1655852400000,6.112,6.114,5.87,5.965,256299.765271
1655856000000,5.966,5.975,5.819,5.845,183021.291047
1655859600000,5.843,5.9,5.658,5.66,229872.294609
1655863200000,5.661,5.708,5.61,5.666,212546.773002
1655866800000,5.664,5.725,5.535,5.585,138437.730383
1655870400000,5.583,5.647,5.565,5.641,93213.166631
1655874000000,5.641,5.69,5.631,5.636,72598.468481
1655877600000,5.634,5.668,5.531,5.584,100709.838288
1655881200000,5.583,5.617,5.461,5.495,125558.050482
1655884800000,5.495,5.568,5.452,5.548,84897.444053
1655888400000,5.548,5.613,5.547,5.611,89372.794466
1655892000000,5.608,5.622,5.564,5.598,65552.837793
1655895600000,5.598,5.669,5.594,5.609,70046.352807
1655899200000,5.608,5.646,5.548,5.626,76242.901669
1655902800000,5.625,5.748,5.599,5.743,101493.689692
1655906400000,5.744,5.796,5.702,5.735,185191.51912
1655910000000,5.735,5.736,5.568,5.58,89164.376664
1655913600000,5.58,5.741,5.505,5.731,171557.106694
1655917200000,5.73,5.768,5.668,5.686,80080.550163
1655920800000,5.686,5.735,5.67,5.676,46658.203261
1655924400000,5.676,5.694,5.568,5.633,36218.806986
1655928000000,5.633,5.651,5.515,5.54,37617.17152
1655931600000,5.54,5.64,5.535,5.628,44636.234378
1655935200000,5.629,5.662,5.584,5.643,48710.108072
1655938800000,5.642,5.649,5.511,5.525,60102.128568
1655942400000,5.525,5.732,5.51,5.706,104429.375506
1655946000000,5.708,5.746,5.654,5.658,88735.810171
1655949600000,5.656,5.717,5.647,5.681,61448.634403
1655953200000,5.684,5.693,5.631,5.66,70532.652216
1655956800000,5.66,5.779,5.647,5.76,97580.08734
1655960400000,5.76,5.833,5.714,5.778,125715.951907
1655964000000,5.778,5.921,5.767,5.837,134829.342418
1655967600000,5.838,5.863,5.76,5.764,75427.486163
1655971200000,5.762,5.834,5.683,5.753,133324.030758
1655974800000,5.753,5.795,5.721,5.78,30325.455134
1655978400000,5.781,5.831,5.762,5.818,68848.72991
1655982000000,5.818,5.834,5.755,5.779,52900.018642
1655985600000,5.78,5.833,5.687,5.722,169624.989892
1655989200000,5.723,5.77,5.657,5.68,121419.000044
1655992800000,5.68,5.715,5.621,5.713,109165.929985
1655996400000,5.713,5.722,5.591,5.651,73500.541216
1656000000000,5.651,5.687,5.628,5.653,43747.629387
1656003600000,5.652,5.716,5.6,5.691,50885.502357
1656007200000,5.69,5.727,5.66,5.689,21854.777142
1656010800000,5.687,5.79,5.666,5.788,59925.841447
1656014400000,5.787,5.82,5.758,5.773,33642.963016
1656018000000,5.772,5.783,5.727,5.745,29027.710722
1656021600000,5.746,5.863,5.746,5.796,101086.622266
1656025200000,5.795,5.843,5.788,5.795,53425.308269
1656028800000,5.794,5.88,5.793,5.819,93050.136062
1656032400000,5.818,5.9,5.812,5.828,117016.473614
1656036000000,5.83,5.95,5.82,5.877,113403.351418
1656039600000,5.877,5.918,5.849,5.851,77469.496304
1656043200000,5.855,5.886,5.8,5.809,94708.484105
1656046800000,5.81,5.866,5.757,5.774,68736.624187
1656050400000,5.772,5.801,5.752,5.778,61836.452848
1656054000000,5.778,5.868,5.755,5.846,100245.286521
1656057600000,5.848,5.896,5.818,5.877,72398.265351
1656061200000,5.878,5.88,5.805,5.818,81517.202248
1656064800000,5.819,5.893,5.802,5.888,54993.729907
1656068400000,5.887,5.996,5.884,5.938,202708.955548
1656072000000,5.939,6.088,5.916,5.999,167004.61728
1656075600000,6.002,6.082,5.989,6.02,122730.903121
1656079200000,6.02,6.073,5.964,5.98,148948.903369
1656082800000,5.981,5.981,5.907,5.947,171926.891371
1656086400000,5.947,6.048,5.94,6.042,155338.234001
1656090000000,6.042,6.297,6.034,6.097,292502.568258
1656093600000,6.098,6.177,6.067,6.174,90836.738052
1656097200000,6.173,6.192,6.123,6.145,51941.674089
1656100800000,6.145,6.207,6.106,6.171,84512.320885
1656104400000,6.169,6.195,6.152,6.165,73162.359349
1656108000000,6.165,6.229,6.138,6.14,86351.168046
1656111600000,6.142,6.194,6.097,6.118,83284.242006
1656115200000,6.118,6.164,6.041,6.13,108189.424002
1656118800000,6.129,6.21,6.104,6.186,124818.812363
1656122400000,6.188,6.2,6.063,6.074,130330.030378
1656126000000,6.074,6.16,6.065,6.145,63307.698821
1656129600000,6.144,6.16,6.084,6.13,41102.148794
1656133200000,6.13,6.22,6.12,6.173,84044.987299
1656136800000,6.162,6.202,6.135,6.199,58878.628073
1656140400000,6.199,6.294,6.194,6.236,115997.507557
1656144000000,6.236,6.268,6.169,6.197,94922.363729
1656147600000,6.197,6.25,6.192,6.224,72522.705675
1656151200000,6.224,6.248,6.199,6.205,43097.076353
1656154800000,6.204,6.229,6.1,6.118,91952.109252
1656158400000,6.118,6.153,5.852,5.944,324098.21205
1656162000000,5.943,5.975,5.9,5.919,167934.450508
1656165600000,5.919,5.948,5.878,5.925,108711.171933
1656169200000,5.927,5.996,5.865,5.888,99037.673389
1656172800000,5.887,5.962,5.869,5.953,88905.009952
1656176400000,5.952,6.013,5.924,5.983,34322.155669
1656180000000,5.983,6.076,5.964,6.071,44055.334184
1656183600000,6.075,6.08,5.999,6.014,41907.361795
1656187200000,6.016,6.025,5.986,6.015,18931.750935
1656190800000,6.017,6.131,6.016,6.123,33632.278355
1656194400000,6.124,6.143,6.066,6.083,39764.382912
1656198000000,6.083,6.112,6.06,6.075,42739.967452
1656201600000,6.076,6.134,6.063,6.126,54919.236104
1656205200000,6.126,6.2,6.011,6.044,98629.016864
1656208800000,6.045,6.095,6.023,6.063,50451.466776
1656212400000,6.062,6.096,6.04,6.07,55757.588416
1656216000000,6.072,6.128,6.068,6.079,68167.462084
1656219600000,6.079,6.111,6.037,6.077,60374.276032
1656223200000,6.076,6.171,6.049,6.152,94049.313391
1656226800000,6.15,6.156,6.109,6.123,61901.795284
1656230400000,6.123,6.157,6.116,6.14,39441.429485
1656234000000,6.139,6.15,6.077,6.106,68906.288989
1656237600000,6.106,6.22,6.082,6.209,120652.189284
1656241200000,6.21,6.284,6.187,6.268,192864.955822
1656244800000,6.268,6.339,6.119,6.133,217330.772002
1656248400000,6.132,6.195,6.08,6.184,134170.215972
1656252000000,6.184,6.2,6.144,6.152,63133.251308
1656255600000,6.155,6.157,6.035,6.124,138681.112824
1656259200000,6.125,6.141,6.059,6.095,75259.805195
1656262800000,6.095,6.105,5.981,6.027,98928.916444
1656266400000,6.027,6.03,5.929,5.952,87743.736652
1656270000000,5.951,6.017,5.942,5.986,41475.013414
1656273600000,5.985,6.092,5.977,6.086,30349.632314
1656277200000,6.086,6.102,6.047,6.057,19962.290364
1656280800000,6.059,6.064,5.822,5.877,186973.685186
1656284400000,5.876,5.903,5.807,5.827,132055.411009
1656288000000,5.827,5.913,5.82,5.894,97104.857655
1656291600000,5.893,5.923,5.852,5.915,49268.858222
1656295200000,5.915,5.975,5.91,5.963,52946.999557
1656298800000,5.963,5.983,5.936,5.965,29928.594023
1656302400000,5.965,5.999,5.927,5.98,35029.146489
1656306000000,5.98,5.988,5.906,5.933,51420.775874
1656309600000,5.932,5.977,5.918,5.974,35376.196186
1656313200000,5.973,6.057,5.971,6.033,64661.830998
1656316800000,6.033,6.111,6.032,6.091,68748.729011
1656320400000,6.09,6.099,6.054,6.063,37655.267224
1656324000000,6.064,6.078,6.044,6.063,53178.010286
1656327600000,6.063,6.066,5.98,5.988,69474.935655
1656331200000,5.989,6.051,5.977,6.006,50364.758192
1656334800000,6.006,6.048,5.83,5.838,181661.608219
1656338400000,5.838,5.842,5.7,5.807,236363.962705
1656342000000,5.807,5.834,5.762,5.798,96783.077582
1656345600000,5.798,5.803,5.71,5.763,81258.849169
1656349200000,5.762,5.78,5.729,5.747,39119.475109
1656352800000,5.746,5.83,5.666,5.766,70263.679479
1656356400000,5.765,5.765,5.69,5.735,31742.836406
1656360000000,5.735,5.787,5.733,5.766,24007.98894
1656363600000,5.765,5.811,5.753,5.803,19254.511441
1656367200000,5.803,5.89,5.789,5.833,43820.832479
1656370800000,5.834,5.855,5.751,5.788,41395.69398
1656374400000,5.785,5.853,5.739,5.785,46833.834422
1656378000000,5.784,5.8,5.666,5.687,91174.938485
1656381600000,5.687,5.708,5.607,5.661,144322.199232
1656385200000,5.66,5.699,5.646,5.689,35316.136739
1656388800000,5.689,5.717,5.665,5.71,23670.816305
1656392400000,5.711,5.797,5.704,5.721,95029.996967
1656396000000,5.721,5.786,5.716,5.774,28531.261534
1656399600000,5.774,5.84,5.772,5.799,73190.072306
1656403200000,5.8,5.88,5.795,5.868,92197.308398
1656406800000,5.869,5.912,5.781,5.795,107223.456937
1656410400000,5.795,5.806,5.734,5.771,49476.375115
1656414000000,5.77,5.842,5.747,5.808,37612.371612
1656417600000,5.807,5.96,5.806,5.849,122431.013685
1656421200000,5.849,5.915,5.824,5.858,64454.87551
1656424800000,5.859,5.868,5.751,5.802,89128.159945
1656428400000,5.8,5.802,5.635,5.648,217137.158702
1656432000000,5.648,5.703,5.62,5.653,135352.952783
1656435600000,5.653,5.663,5.616,5.631,50223.993518
1656439200000,5.629,5.631,5.55,5.58,135635.188085
1656442800000,5.58,5.589,5.541,5.568,31467.555818
1656446400000,5.568,5.595,5.536,5.584,52853.499917
1656450000000,5.583,5.623,5.579,5.615,30329.144917
1656453600000,5.613,5.613,5.481,5.483,155579.231817
1656457200000,5.483,5.535,5.44,5.524,76411.288256
1656460800000,5.525,5.582,5.5,5.549,50309.686739
1656464400000,5.549,5.592,5.53,5.58,41238.337877
1656468000000,5.579,5.603,5.525,5.589,44259.311694
1656471600000,5.589,5.6,5.53,5.541,37769.230953
1656475200000,5.541,5.571,5.514,5.531,50423.611508
1656478800000,5.53,5.557,5.45,5.502,97494.649484
1656482400000,5.502,5.545,5.4,5.44,169742.837406
1656486000000,5.44,5.522,5.418,5.509,58144.188597
1656489600000,5.509,5.536,5.468,5.475,51929.069076
1656493200000,5.474,5.569,5.462,5.507,66437.661302
1656496800000,5.51,5.526,5.468,5.495,54452.701812
1656500400000,5.494,5.505,5.408,5.471,74779.767161
1656504000000,5.471,5.508,5.368,5.419,85365.123769
1656507600000,5.42,5.51,5.381,5.47,88475.045552
1656511200000,5.471,5.517,5.46,5.48,59184.228009
1656514800000,5.482,5.503,5.437,5.477,27089.052774
1656518400000,5.476,5.487,5.38,5.402,69261.272466
1656522000000,5.401,5.447,5.373,5.442,51395.373585
1656525600000,5.441,5.509,5.434,5.439,28657.084429
1656529200000,5.438,5.539,5.427,5.525,25165.218607
1656532800000,5.522,5.569,5.482,5.5,70760.733942
1656536400000,5.5,5.525,5.477,5.484,14054.636952
1656540000000,5.484,5.511,5.434,5.485,28998.622232
1656543600000,5.487,5.5,5.402,5.458,36979.707864
1656547200000,5.459,5.505,5.372,5.383,60502.413586
1656550800000,5.38,5.406,5.276,5.344,141168.69157
1656554400000,5.343,5.426,5.334,5.391,41505.014666
1656558000000,5.393,5.398,5.337,5.38,46805.147195
1656561600000,5.38,5.407,5.319,5.348,39200.904208
1656565200000,5.348,5.378,5.32,5.371,37728.612126
1656568800000,5.371,5.39,5.213,5.229,158281.061487
1656572400000,5.231,5.245,5.188,5.21,174839.666991
1656576000000,5.209,5.209,5.14,5.162,112246.605715
1656579600000,5.161,5.192,5.106,5.171,159248.249681
1656583200000,5.17,5.188,5.11,5.165,71029.281175
1656586800000,5.164,5.407,5.118,5.231,87399.246935
1656590400000,5.231,5.277,5.167,5.25,112233.469343
1656594000000,5.25,5.26,5.1,5.123,128036.365099
1656597600000,5.121,5.241,5.12,5.232,52162.04183
1656601200000,5.231,5.28,5.206,5.231,61703.016356
1656604800000,5.231,5.315,5.21,5.242,57432.695129
1656608400000,5.24,5.307,5.225,5.251,26185.732029
1656612000000,5.251,5.261,5.175,5.219,34272.191669
1656615600000,5.218,5.293,5.194,5.293,41907.789358
1656619200000,5.293,5.306,5.113,5.201,115989.369316
1656622800000,5.2,5.263,5.199,5.212,36898.791337
1656626400000,5.212,5.308,5.179,5.25,60751.471492
1656630000000,5.25,5.428,5.184,5.397,172628.338307
1656633600000,5.396,5.548,5.38,5.474,221592.766742
1656637200000,5.476,5.526,5.438,5.455,103485.752157
1656640800000,5.457,5.491,5.444,5.479,43974.400282
1656644400000,5.477,5.48,5.326,5.331,81384.215213
1656648000000,5.329,5.347,5.251,5.278,97553.720775
1656651600000,5.278,5.29,5.236,5.273,67724.698431
1656655200000,5.272,5.358,5.251,5.311,75439.660869
1656658800000,5.31,5.401,5.291,5.397,71881.859259
1656662400000,5.397,5.408,5.276,5.326,143443.768898
1656666000000,5.326,5.487,5.325,5.4,72169.568856
1656669600000,5.4,5.454,5.266,5.294,114966.873619
1656673200000,5.294,5.341,5.268,5.328,40861.726973
1656676800000,5.327,5.349,5.288,5.307,29978.135397
1656680400000,5.306,5.392,5.296,5.36,59584.988456
1656684000000,5.36,5.367,5.263,5.323,78115.688429
1656687600000,5.323,5.351,5.271,5.307,58693.777528
1656691200000,5.306,5.363,5.291,5.317,40884.511854
1656694800000,5.317,5.367,5.297,5.349,25936.587041
1656698400000,5.348,5.353,5.319,5.341,18541.316628
1656702000000,5.341,5.5,5.336,5.383,91711.988753
1656705600000,5.383,5.45,5.369,5.372,24852.675342
1656709200000,5.372,5.396,5.312,5.35,30316.259583
1656712800000,5.35,5.379,5.321,5.336,25190.35229
1656716400000,5.337,5.389,5.304,5.355,45000.549219
1656720000000,5.353,5.398,5.303,5.305,90662.324171
1656723600000,5.306,5.362,5.281,5.309,51704.173229
1656727200000,5.309,5.335,5.23,5.263,66700.558885
1656730800000,5.263,5.271,5.229,5.248,52024.320544
1656734400000,5.248,5.288,5.238,5.271,23052.688567
1656738000000,5.272,5.3,5.264,5.273,38250.660641
1656741600000,5.273,5.309,5.264,5.28,28130.174618
1656745200000,5.28,5.315,5.263,5.274,42649.02549
1656748800000,5.275,5.295,5.253,5.259,17226.554411
1656752400000,5.26,5.278,5.216,5.271,44399.69433
1656756000000,5.271,5.308,5.262,5.297,42810.132986
1656759600000,5.298,5.301,5.268,5.279,31040.260226
1656763200000,5.28,5.354,5.278,5.325,63638.495864
1656766800000,5.325,5.328,5.303,5.311,22518.864269
1656770400000,5.311,5.354,5.311,5.334,43731.940951
1656774000000,5.334,5.342,5.284,5.324,42860.593121
1656777600000,5.325,5.375,5.309,5.35,39840.036846
1656781200000,5.351,5.366,5.328,5.344,22931.358536
1656784800000,5.343,5.4,5.331,5.385,14661.598193
1656788400000,5.386,5.4,5.346,5.357,16737.804057
1656792000000,5.358,5.363,5.335,5.342,12413.486298
1656795600000,5.342,5.38,5.34,5.377,13974.954506
1656799200000,5.376,5.382,5.359,5.359,13782.929701
1656802800000,5.359,5.369,5.32,5.34,23968.928773
1656806400000,5.341,5.358,5.296,5.318,43386.538991
1656810000000,5.318,5.32,5.258,5.277,38183.20587
1656813600000,5.276,5.31,5.27,5.297,26873.061845
1656817200000,5.298,5.316,5.279,5.304,27676.592839
1656820800000,5.305,5.329,5.2,5.305,91182.990644
1656824400000,5.305,5.354,5.24,5.248,101542.354678
1656828000000,5.247,5.276,5.232,5.264,28130.336104
1656831600000,5.264,5.272,5.245,5.257,28482.924118
1656835200000,5.256,5.267,5.224,5.247,26786.116667
1656838800000,5.246,5.26,5.224,5.254,20158.140257
1656842400000,5.254,5.283,5.253,5.275,17966.323255
1656846000000,5.276,5.288,5.268,5.279,11207.95929
1656849600000,5.278,5.285,5.22,5.25,25500.235933
1656853200000,5.25,5.255,5.201,5.207,61170.805567
1656856800000,5.207,5.256,5.2,5.251,25993.859542
1656860400000,5.25,5.252,5.217,5.227,22227.17353
1656864000000,5.227,5.271,5.223,5.265,28216.422863
1656867600000,5.265,5.281,5.249,5.272,12531.205446
1656871200000,5.272,5.278,5.25,5.271,10125.512843
1656874800000,5.271,5.357,5.271,5.337,44243.357667
1656878400000,5.337,5.389,5.337,5.382,40946.078796
1656882000000,5.382,5.387,5.32,5.325,32286.451184
1656885600000,5.327,5.369,5.305,5.315,27466.882724
1656889200000,5.314,5.345,5.293,5.307,44893.634493
1656892800000,5.307,5.332,5.281,5.301,50596.647234
1656896400000,5.301,5.301,5.26,5.289,39758.192477
1656900000000,5.29,5.304,5.221,5.239,90600.355752
1656903600000,5.239,5.249,5.221,5.242,36016.824522
1656907200000,5.24,5.277,5.237,5.268,30206.524252
1656910800000,5.268,5.276,5.247,5.272,29272.418586
1656914400000,5.271,5.29,5.222,5.238,48682.925513
1656918000000,5.237,5.264,5.23,5.252,29672.738003
1656921600000,5.251,5.28,5.24,5.268,33383.092261
1656925200000,5.269,5.326,5.261,5.322,78532.595951
1656928800000,5.324,5.37,5.322,5.35,109837.553839
1656932400000,5.352,5.48,5.335,5.47,143424.187925
1656936000000,5.477,5.598,5.437,5.467,305900.801437
1656939600000,5.467,5.479,5.408,5.42,95585.414406
1656943200000,5.42,5.448,5.413,5.438,42880.377302
1656946800000,5.439,5.547,5.439,5.463,95989.688413
1656950400000,5.462,5.484,5.43,5.443,41998.409178
1656954000000,5.443,5.513,5.442,5.477,65732.485317
1656957600000,5.478,5.51,5.467,5.498,23471.631435
1656961200000,5.499,5.507,5.453,5.478,18481.071302
1656964800000,5.479,5.491,5.445,5.473,19204.892173
1656968400000,5.474,5.525,5.462,5.513,27584.778965
1656972000000,5.515,5.557,5.492,5.519,54686.868551
1656975600000,5.52,5.576,5.517,5.554,69805.776886
1656979200000,5.554,5.6,5.543,5.568,116786.050565
1656982800000,5.568,5.575,5.523,5.538,84286.623955
1656986400000,5.538,5.544,5.453,5.49,105660.210397
1656990000000,5.49,5.53,5.49,5.53,41416.340103
1656993600000,5.53,5.571,5.5,5.56,59271.940366
1656997200000,5.56,5.616,5.547,5.609,108487.678083
1657000800000,5.609,5.628,5.572,5.614,85386.59388
1657004400000,5.614,5.619,5.548,5.566,100104.228483
1657008000000,5.567,5.567,5.445,5.487,145055.676084
1657011600000,5.485,5.505,5.385,5.42,138943.809512
1657015200000,5.419,5.457,5.35,5.436,104320.504799
1657018800000,5.434,5.476,5.396,5.415,75412.433113
1657022400000,5.416,5.417,5.32,5.326,150910.670206
1657026000000,5.326,5.38,5.32,5.346,152343.054283
1657029600000,5.346,5.402,5.341,5.37,41419.693853
1657033200000,5.37,5.4,5.33,5.392,66978.769742
1657036800000,5.393,5.433,5.358,5.368,62328.084019
1657040400000,5.367,5.415,5.355,5.385,25300.50514
1657044000000,5.386,5.458,5.363,5.457,38838.396983
1657047600000,5.457,5.53,5.442,5.508,66370.185964
1657051200000,5.509,5.578,5.494,5.541,77299.172523
1657054800000,5.541,5.562,5.497,5.551,51777.949709
1657058400000,5.552,5.564,5.497,5.54,33676.865411
1657062000000,5.539,5.541,5.456,5.482,59652.564199
1657065600000,5.484,5.543,5.443,5.495,62816.617143
1657069200000,5.495,5.512,5.424,5.46,73990.054438
1657072800000,5.459,5.5,5.446,5.463,77657.684541
1657076400000,5.462,5.525,5.44,5.517,53661.897342
1657080000000,5.517,5.55,5.503,5.532,99234.330065
1657083600000,5.531,5.57,5.513,5.532,124346.069477
1657087200000,5.53,5.533,5.484,5.525,52242.266457
1657090800000,5.526,5.55,5.514,5.536,38423.931305
1657094400000,5.535,5.588,5.502,5.531,79704.393361
1657098000000,5.53,5.579,5.519,5.545,66567.280069
1657101600000,5.547,5.556,5.503,5.519,53907.696387
1657105200000,5.514,5.521,5.483,5.503,52401.53993
1657108800000,5.502,5.511,5.46,5.498,47813.808586
1657112400000,5.496,5.534,5.479,5.513,57736.652755
1657116000000,5.513,5.522,5.479,5.496,35010.473781
1657119600000,5.496,5.5,5.465,5.485,45182.433236
1657123200000,5.486,5.539,5.485,5.533,41499.127436
1657126800000,5.534,5.545,5.498,5.513,27670.281761
1657130400000,5.512,5.571,5.495,5.552,40728.847406
1657134000000,5.553,5.571,5.515,5.535,27079.126048
1657137600000,5.536,5.565,5.517,5.554,32432.957854
1657141200000,5.553,5.6,5.526,5.565,94997.191875
1657144800000,5.566,5.67,5.556,5.599,177484.213089
1657148400000,5.599,5.641,5.564,5.567,54874.554061
1657152000000,5.566,5.619,5.555,5.596,58753.051427
1657155600000,5.596,5.664,5.571,5.634,95995.273812
1657159200000,5.634,5.644,5.586,5.59,91724.502812
1657162800000,5.591,5.607,5.571,5.598,40520.655385
1657166400000,5.598,5.634,5.57,5.6,46537.203913
1657170000000,5.601,5.609,5.55,5.558,35393.540412
1657173600000,5.558,5.581,5.527,5.557,39468.302008
1657177200000,5.557,5.608,5.553,5.604,82736.653323
1657180800000,5.605,5.647,5.601,5.633,69420.18157
1657184400000,5.632,5.675,5.63,5.659,47282.764734
1657188000000,5.662,5.664,5.625,5.646,23158.401576
1657191600000,5.646,5.675,5.627,5.673,55604.10805
1657195200000,5.673,5.68,5.621,5.653,64657.768192
1657198800000,5.653,5.716,5.628,5.705,80709.29497
1657202400000,5.705,5.792,5.675,5.756,214480.815654
1657206000000,5.756,5.79,5.729,5.74,97502.334103
1657209600000,5.741,5.86,5.741,5.841,176010.529618
1657213200000,5.842,5.842,5.762,5.778,58590.359277
1657216800000,5.778,5.815,5.771,5.799,46483.494867
1657220400000,5.8,5.849,5.79,5.829,57245.065236
1657224000000,5.829,5.846,5.785,5.8,61464.765983
1657227600000,5.8,5.808,5.775,5.806,33699.981826
1657231200000,5.807,5.839,5.781,5.805,30816.266232
1657234800000,5.805,5.828,5.794,5.795,45953.826201
1657238400000,5.796,5.82,5.759,5.814,96437.976493
1657242000000,5.814,5.928,5.803,5.893,182477.246416
1657245600000,5.893,5.895,5.837,5.86,97113.437203
1657249200000,5.859,5.873,5.833,5.854,82195.120385
1657252800000,5.853,5.861,5.8,5.807,82997.721507
1657256400000,5.807,5.848,5.71,5.762,101773.109426
1657260000000,5.763,5.785,5.733,5.767,100798.658486
1657263600000,5.767,5.779,5.726,5.75,47678.798324
1657267200000,5.749,5.768,5.639,5.643,111624.835621
1657270800000,5.642,5.67,5.618,5.658,103861.715931
1657274400000,5.658,5.707,5.637,5.642,51245.726348
1657278000000,5.641,5.682,5.635,5.663,37394.663198
1657281600000,5.664,5.716,5.571,5.628,93618.06963
1657285200000,5.627,5.663,5.599,5.617,66856.312536
1657288800000,5.616,5.713,5.605,5.7,51344.847566
1657292400000,5.701,5.734,5.672,5.701,61959.479599
1657296000000,5.701,5.702,5.624,5.647,37025.220994
1657299600000,5.647,5.673,5.627,5.656,21775.962872
1657303200000,5.657,5.704,5.649,5.675,27644.084599
1657306800000,5.675,5.728,5.664,5.706,37219.913078
1657310400000,5.706,5.772,5.693,5.724,32091.851146
1657314000000,5.724,5.777,5.681,5.685,57101.089519
1657317600000,5.684,5.767,5.681,5.752,148234.23301
1657321200000,5.753,5.806,5.709,5.732,66762.698009
1657324800000,5.731,5.829,5.728,5.746,108900.581894
1657328400000,5.746,5.795,5.725,5.741,103365.912729
1657332000000,5.741,5.776,5.734,5.752,113475.85894
1657335600000,5.753,5.757,5.681,5.735,63599.015339
1657339200000,5.735,5.755,5.721,5.75,39209.62256
1657342800000,5.75,5.888,5.736,5.79,116144.696451
1657346400000,5.79,5.858,5.772,5.819,145825.75661
1657350000000,5.819,5.856,5.812,5.832,50689.149231
1657353600000,5.834,5.839,5.801,5.827,67402.87361
1657357200000,5.826,5.842,5.805,5.818,31887.449761
1657360800000,5.818,5.823,5.8,5.822,32296.105891
1657364400000,5.821,5.822,5.733,5.742,64662.644854
1657368000000,5.741,5.781,5.703,5.776,61118.35457
1657371600000,5.776,5.815,5.757,5.782,38417.908187
1657375200000,5.781,5.827,5.775,5.804,34150.081389
1657378800000,5.803,5.82,5.79,5.8,26794.031142
1657382400000,5.8,5.863,5.79,5.858,51622.57147
1657386000000,5.858,5.9,5.849,5.868,67403.296999
1657389600000,5.869,5.876,5.821,5.849,29413.673059
1657393200000,5.849,5.855,5.791,5.836,18891.208057
1657396800000,5.837,5.844,5.816,5.838,18670.965513
1657400400000,5.837,5.849,5.831,5.84,13353.071947
1657404000000,5.84,5.861,5.803,5.811,18007.719952
1657407600000,5.808,5.838,5.8,5.802,30575.373373
1657411200000,5.802,5.804,5.71,5.717,89817.991529
1657414800000,5.717,5.761,5.706,5.725,30495.439203
1657418400000,5.726,5.748,5.603,5.643,158861.283331
1657422000000,5.643,5.649,5.61,5.637,60746.950679
1657425600000,5.637,5.664,5.612,5.658,38245.795978
1657429200000,5.657,5.675,5.648,5.666,39203.979119
1657432800000,5.667,5.667,5.623,5.642,28836.038511
1657436400000,5.642,5.664,5.62,5.659,29307.986747
1657440000000,5.658,5.68,5.632,5.648,44197.224457
1657443600000,5.648,5.662,5.638,5.654,30210.387986
1657447200000,5.654,5.655,5.579,5.634,102857.142512
1657450800000,5.634,5.65,5.603,5.65,36117.030706
1657454400000,5.649,5.656,5.634,5.648,31218.295124
1657458000000,5.649,5.65,5.547,5.577,124480.931829
1657461600000,5.578,5.578,5.481,5.49,157381.699071
1657465200000,5.489,5.532,5.48,5.51,46513.454949
1657468800000,5.509,5.55,5.44,5.528,83152.598626
1657472400000,5.527,5.527,5.484,5.501,59135.686688
1657476000000,5.502,5.505,5.45,5.479,35823.840759
1657479600000,5.479,5.511,5.442,5.511,20785.577596
1657483200000,5.51,5.514,5.473,5.487,12119.126799
1657486800000,5.488,5.519,5.482,5.51,21889.68819
1657490400000,5.509,5.511,5.44,5.49,41183.971157
1657494000000,5.492,5.495,5.455,5.492,30350.006869
1657497600000,5.492,5.492,5.38,5.446,83919.723284
1657501200000,5.445,5.447,5.336,5.367,110711.581259
1657504800000,5.367,5.393,5.355,5.37,60499.303721
1657508400000,5.37,5.406,5.336,5.399,75575.331184
1657512000000,5.398,5.406,5.35,5.373,46600.482784
1657515600000,5.373,5.386,5.3,5.327,68933.081068
1657519200000,5.327,5.347,5.288,5.304,96860.734162
1657522800000,5.303,5.378,5.296,5.341,61782.534791
1657526400000,5.34,5.361,5.327,5.348,48092.032957
1657530000000,5.348,5.375,5.344,5.375,43856.467475
1657533600000,5.375,5.393,5.362,5.366,32859.71521
1657537200000,5.367,5.382,5.332,5.338,32115.763224
1657540800000,5.338,5.394,5.32,5.383,49924.80268
1657544400000,5.383,5.39,5.264,5.305,119430.458365
1657548000000,5.305,5.356,5.281,5.33,57898.8896
1657551600000,5.33,5.356,5.318,5.343,42258.59444
1657555200000,5.343,5.38,5.33,5.345,38804.778211
1657558800000,5.345,5.417,5.342,5.413,39678.637211
1657562400000,5.413,5.413,5.369,5.373,19496.196986
1657566000000,5.373,5.38,5.345,5.363,10234.280454
1657569600000,5.363,5.375,5.323,5.34,15741.14218
1657573200000,5.34,5.345,5.241,5.275,55468.633642
1657576800000,5.275,5.275,5.211,5.222,102588.481892
1657580400000,5.221,5.227,5.162,5.199,137488.177212
1657584000000,5.204,5.273,5.17,5.226,60239.894912
1657587600000,5.226,5.245,5.214,5.233,36269.922698
1657591200000,5.232,5.255,5.218,5.243,41858.37174
1657594800000,5.246,5.251,5.2,5.224,31853.494632
1657598400000,5.224,5.255,5.22,5.249,19144.941614
1657602000000,5.249,5.284,5.241,5.243,32110.504843
1657605600000,5.242,5.245,5.189,5.21,44971.575055
1657609200000,5.21,5.213,5.178,5.202,66421.483959
1657612800000,5.202,5.223,5.184,5.19,69245.387391
1657616400000,5.189,5.205,5.135,5.157,67429.525454
1657620000000,5.158,5.214,5.157,5.188,45900.052182
1657623600000,5.187,5.247,5.186,5.225,34675.20005
1657627200000,5.225,5.271,5.216,5.235,76040.480646
1657630800000,5.236,5.254,5.202,5.213,53328.097562
1657634400000,5.211,5.24,5.196,5.236,41648.222608
1657638000000,5.237,5.27,5.232,5.242,38100.706101
1657641600000,5.241,5.279,5.235,5.241,47195.057054
1657645200000,5.242,5.246,5.2,5.219,32536.725327
1657648800000,5.22,5.224,5.151,5.159,30718.638147
1657652400000,5.158,5.162,5.067,5.096,122968.7166
1657656000000,5.095,5.133,5.078,5.126,40548.450241
1657659600000,5.127,5.141,5.116,5.129,31233.939475
1657663200000,5.129,5.15,5.106,5.124,38550.295046
1657666800000,5.125,5.152,5.065,5.087,65502.262589
1657670400000,5.088,5.118,5.03,5.116,78864.920923
1657674000000,5.117,5.134,5.097,5.108,70202.009207
1657677600000,5.108,5.15,5.108,5.142,43008.266727
1657681200000,5.142,5.15,5.112,5.119,36445.662105
1657684800000,5.119,5.164,5.113,5.137,48184.821494
1657688400000,5.138,5.177,5.117,5.15,44201.91559
1657692000000,5.157,5.181,5.149,5.171,36843.639137
1657695600000,5.17,5.238,5.162,5.228,82291.933318
1657699200000,5.229,5.3,5.218,5.26,129449.641182
1657702800000,5.26,5.308,5.25,5.257,89483.595433
1657706400000,5.256,5.261,5.232,5.248,43685.317958
1657710000000,5.248,5.269,5.234,5.262,17057.078208
1657713600000,5.261,5.318,5.01,5.087,411818.71933
1657717200000,5.086,5.117,5.04,5.106,158342.711012
1657720800000,5.105,5.21,5.077,5.209,182544.686746
1657724400000,5.209,5.228,5.144,5.155,69296.491734
1657728000000,5.153,5.196,5.118,5.191,44246.987002
1657731600000,5.191,5.262,5.186,5.223,82301.499369
1657735200000,5.224,5.226,5.177,5.204,18212.294086
1657738800000,5.204,5.213,5.158,5.16,15048.617261
1657742400000,5.161,5.189,5.157,5.17,21187.828065
1657746000000,5.169,5.216,5.166,5.211,13501.503761
1657749600000,5.21,5.246,5.194,5.218,43550.547398
1657753200000,5.218,5.31,5.218,5.295,128936.766752
1657756800000,5.294,5.338,5.255,5.265,79504.567774
1657760400000,5.265,5.301,5.255,5.285,50165.311019
1657764000000,5.286,5.288,5.26,5.268,30143.881363
1657767600000,5.269,5.317,5.268,5.275,68610.465688
1657771200000,5.276,5.294,5.24,5.243,42301.939112
1657774800000,5.245,5.278,5.237,5.255,42267.053339
1657778400000,5.254,5.269,5.21,5.242,64877.225645
1657782000000,5.241,5.249,5.223,5.233,43317.570212
1657785600000,5.233,5.245,5.18,5.189,71167.614942
1657789200000,5.188,5.215,5.178,5.215,31070.497343
1657792800000,5.214,5.224,5.187,5.199,18323.680706
1657796400000,5.198,5.204,5.163,5.188,32451.250418
1657800000000,5.19,5.233,5.164,5.213,46790.883327
1657803600000,5.212,5.226,5.162,5.183,35751.093165
1657807200000,5.184,5.246,5.173,5.239,55150.305202
1657810800000,5.24,5.32,5.24,5.309,129712.494157
1657814400000,5.31,5.366,5.277,5.289,140296.808423
1657818000000,5.288,5.395,5.279,5.385,78144.614153
1657821600000,5.385,5.413,5.381,5.396,85533.686495
1657825200000,5.396,5.411,5.356,5.359,28547.736302
1657828800000,5.359,5.383,5.341,5.372,24060.620921
1657832400000,5.372,5.389,5.338,5.34,51461.313456
1657836000000,5.34,5.359,5.322,5.351,41772.064274
1657839600000,5.352,5.387,5.342,5.361,41888.762741
1657843200000,5.36,5.378,5.316,5.335,57931.435683
1657846800000,5.336,5.399,5.326,5.397,42566.812301
1657850400000,5.397,5.417,5.346,5.362,76024.611232
1657854000000,5.362,5.399,5.36,5.394,45224.374899
1657857600000,5.394,5.409,5.353,5.373,57837.788165
1657861200000,5.373,5.394,5.355,5.394,34428.24699
1657864800000,5.392,5.41,5.367,5.374,99020.365221
1657868400000,5.373,5.436,5.361,5.421,85582.859094
1657872000000,5.422,5.444,5.397,5.399,82794.509674
1657875600000,5.399,5.458,5.39,5.412,71684.599173
1657879200000,5.412,5.421,5.403,5.413,41883.675903
1657882800000,5.413,5.424,5.367,5.368,75741.545623
1657886400000,5.368,5.435,5.365,5.422,76900.146064
1657890000000,5.422,5.435,5.375,5.396,63688.99682
1657893600000,5.396,5.445,5.395,5.41,60112.577041
1657897200000,5.409,5.423,5.368,5.372,68431.600522
1657900800000,5.372,5.375,5.29,5.322,156673.539478
1657904400000,5.323,5.37,5.302,5.307,52853.654226
1657908000000,5.307,5.365,5.302,5.357,60212.830786
1657911600000,5.357,5.36,5.31,5.345,53297.180567
1657915200000,5.346,5.377,5.258,5.277,84870.711956
1657918800000,5.277,5.292,5.225,5.29,60382.064998
1657922400000,5.289,5.295,5.236,5.258,42091.08962
1657926000000,5.26,5.263,5.208,5.23,72034.949406
1657929600000,5.23,5.261,5.209,5.224,51167.043317
1657933200000,5.223,5.271,5.219,5.249,59439.587604
1657936800000,5.248,5.248,5.207,5.234,56299.151749
1657940400000,5.234,5.254,5.231,5.243,59604.537595
1657944000000,5.242,5.259,5.216,5.249,43244.630204
1657947600000,5.249,5.26,5.211,5.215,56927.011945
1657951200000,5.214,5.215,5.168,5.191,96808.431506
1657954800000,5.19,5.21,5.171,5.192,37210.226055
1657958400000,5.191,5.227,5.182,5.217,31535.437477
1657962000000,5.216,5.219,5.199,5.2,27563.427473
1657965600000,5.202,5.224,5.197,5.213,24521.511889
1657969200000,5.213,5.235,5.204,5.212,29228.669023
1657972800000,5.211,5.254,5.206,5.239,22599.122438
1657976400000,5.239,5.278,5.238,5.274,49976.783278
1657980000000,5.274,5.284,5.251,5.274,36207.548653
1657983600000,5.274,5.325,5.272,5.31,76981.481398
1657987200000,5.309,5.436,5.302,5.425,265609.643435
1657990800000,5.425,5.451,5.365,5.365,139235.253845
1657994400000,5.366,5.4,5.351,5.369,70704.429592
1657998000000,5.369,5.4,5.339,5.349,45558.957173
1658001600000,5.35,5.372,5.316,5.372,34387.322046
1658005200000,5.371,5.381,5.354,5.365,19198.668481
1658008800000,5.366,5.425,5.355,5.418,52863.896288
1658012400000,5.418,5.421,5.377,5.397,99004.935458
1658016000000,5.397,5.481,5.397,5.455,190404.625976
1658019600000,5.456,5.465,5.389,5.4,70088.344502
1658023200000,5.401,5.41,5.37,5.386,59957.115682
1658026800000,5.385,5.447,5.385,5.431,71080.304845
1658030400000,5.43,5.467,5.418,5.422,77377.614901
1658034000000,5.422,5.48,5.422,5.462,83865.530774
1658037600000,5.463,5.549,5.463,5.539,145964.078554
1658041200000,5.542,5.547,5.47,5.473,130328.74101
1658044800000,5.472,5.494,5.437,5.483,95853.882149
1658048400000,5.482,5.499,5.408,5.452,102819.393427
1658052000000,5.451,5.461,5.416,5.454,83583.672327
1658055600000,5.453,5.467,5.425,5.457,74155.788406
1658059200000,5.456,5.5,5.436,5.45,115581.003371
1658062800000,5.449,5.452,5.38,5.391,260765.770115
1658066400000,5.392,5.471,5.388,5.436,103344.626233
1658070000000,5.436,5.474,5.432,5.443,98039.034011
1658073600000,5.444,5.977,5.384,5.884,676082.472552
1658077200000,5.88,5.9,5.683,5.728,666205.089762
1658080800000,5.727,5.801,5.659,5.733,240052.38786
1658084400000,5.732,5.929,5.716,5.863,220928.115696
1658088000000,5.862,5.881,5.798,5.824,131254.627068
1658091600000,5.824,5.868,5.81,5.838,111627.958718
1658095200000,5.838,5.858,5.76,5.819,178032.232044
1658098800000,5.819,5.823,5.663,5.686,228896.491865
1658102400000,5.687,5.74,5.616,5.713,170038.642523
1658106000000,5.713,5.777,5.705,5.757,115983.793722
1658109600000,5.758,5.79,5.699,5.77,153532.65305
1658113200000,5.771,5.809,5.73,5.803,133768.172379
1658116800000,5.803,5.806,5.712,5.73,154971.73848
1658120400000,5.729,5.82,5.729,5.796,179824.101726
1658124000000,5.795,5.869,5.757,5.829,245230.793806
1658127600000,5.828,5.922,5.811,5.901,158540.733373
1658131200000,5.901,5.95,5.797,5.824,301609.179896
1658134800000,5.825,5.98,5.818,5.944,171428.266077
1658138400000,5.942,6.15,5.881,6.015,416748.191125
1658142000000,6.014,6.045,5.85,5.898,186189.071487
1658145600000,5.898,5.922,5.76,5.907,167973.623159
1658149200000,5.908,5.942,5.891,5.911,134638.589583
1658152800000,5.912,5.929,5.826,5.928,128044.550663
1658156400000,5.928,6.009,5.906,5.975,186687.054123
1658160000000,5.974,6.152,5.905,6.045,424495.024095
1658163600000,6.044,6.075,5.822,5.837,210869.136338
1658167200000,5.837,5.855,5.779,5.783,139008.796758
1658170800000,5.782,5.807,5.716,5.753,149001.350398
1658174400000,5.753,5.791,5.727,5.761,62259.018738
1658178000000,5.761,5.807,5.742,5.775,56052.700069
1658181600000,5.775,5.87,5.758,5.866,97413.49732
1658185200000,5.866,5.999,5.85,5.942,177781.772542
1658188800000,5.941,6.056,5.888,5.932,351078.129155
1658192400000,5.933,5.962,5.808,5.823,154965.095457
1658196000000,5.823,5.86,5.8,5.826,151902.992264
1658199600000,5.824,5.933,5.8,5.805,180770.365165
1658203200000,5.804,5.812,5.651,5.793,230449.158612
1658206800000,5.793,5.829,5.734,5.793,91082.215035
1658210400000,5.793,5.839,5.703,5.759,114124.746719
1658214000000,5.759,5.785,5.708,5.744,100473.690317
1658217600000,5.743,5.781,5.715,5.777,74963.187091
1658221200000,5.777,5.8,5.748,5.797,61992.553466
1658224800000,5.797,5.9,5.778,5.882,126506.791155
1658228400000,5.883,5.922,5.853,5.877,156427.654048
1658232000000,5.877,5.943,5.858,5.942,110771.706284
1658235600000,5.942,6.013,5.871,5.958,235912.316517
1658239200000,5.958,5.992,5.871,5.978,133624.360285
1658242800000,5.979,5.993,5.833,5.946,237675.671624
1658246400000,5.947,6.077,5.924,5.985,260942.671126
1658250000000,5.985,6.034,5.932,6.011,87507.822409
1658253600000,6.011,6.071,6.004,6.027,77211.14635
1658257200000,6.027,6.266,6.008,6.183,335764.381552
1658260800000,6.185,6.193,6.115,6.14,66372.411282
1658264400000,6.139,6.151,6.099,6.139,77306.291751
1658268000000,6.14,6.16,6.052,6.115,79451.532051
1658271600000,6.117,6.203,5.976,6.048,224099.178496
1658275200000,6.047,6.062,5.9,5.922,331276.685706
1658278800000,5.921,6.017,5.884,6.005,144523.266718
1658282400000,6.005,6.072,5.987,6.02,94828.800978
1658286000000,6.02,6.067,5.992,6.037,82518.94018
1658289600000,6.039,6.131,6.03,6.11,205608.737479
1658293200000,6.111,6.151,6.087,6.15,141703.4741
1658296800000,6.149,6.182,6.103,6.154,175544.444486
1658300400000,6.153,6.153,6.014,6.022,127961.174743
1658304000000,6.021,6.065,5.912,5.941,172064.978679
1658307600000,5.94,6.035,5.917,6.013,124390.847595
1658311200000,6.012,6.109,6.002,6.057,125853.316109
1658314800000,6.057,6.08,5.962,6.014,94296.348356
1658318400000,6.014,6.06,5.946,6.018,127352.204895
1658322000000,6.018,6.087,5.98,5.984,124768.52281
1658325600000,5.984,6.1,5.968,6.089,148267.730622
1658329200000,6.09,6.092,6.025,6.05,115336.880007
1658332800000,6.05,6.068,5.85,5.897,256718.854467
1658336400000,5.897,5.912,5.815,5.834,138665.010906
1658340000000,5.835,5.902,5.829,5.88,33853.243511
1658343600000,5.88,5.914,5.799,5.843,116036.647293
1658347200000,5.844,5.861,5.484,5.619,461913.343707
1658350800000,5.618,5.7,5.602,5.692,122175.937872
1658354400000,5.692,5.693,5.582,5.59,97288.331549
1658358000000,5.59,5.633,5.537,5.592,177239.573065
1658361600000,5.591,5.653,5.579,5.644,158798.709873
1658365200000,5.644,5.671,5.585,5.611,79306.925802
1658368800000,5.61,5.642,5.447,5.462,220965.420506
1658372400000,5.463,5.535,5.45,5.463,185886.35121
1658376000000,5.463,5.51,5.399,5.484,193744.286427
1658379600000,5.483,5.516,5.472,5.494,68908.27144
1658383200000,5.495,5.508,5.455,5.463,120154.015484
1658386800000,5.463,5.54,5.459,5.512,95368.6942
1658390400000,5.513,5.538,5.477,5.526,83592.798921
1658394000000,5.525,5.55,5.521,5.546,72588.670059
1658397600000,5.546,5.55,5.497,5.503,58052.830133
1658401200000,5.503,5.522,5.456,5.5,67635.009646
1658404800000,5.501,5.563,5.483,5.538,75638.711049
1658408400000,5.539,5.546,5.474,5.523,71233.065386
1658412000000,5.523,5.545,5.42,5.499,137770.308131
1658415600000,5.499,5.521,5.489,5.518,64938.205849
1658419200000,5.518,5.626,5.501,5.612,197665.618601
1658422800000,5.613,5.621,5.525,5.54,69605.700687
1658426400000,5.541,5.606,5.538,5.577,47845.049669
1658430000000,5.578,5.738,5.574,5.684,129650.235803
1658433600000,5.682,5.693,5.645,5.647,116822.983847
1658437200000,5.647,5.66,5.629,5.643,42353.109007
1658440800000,5.644,5.65,5.57,5.621,82977.410262
1658444400000,5.622,5.672,5.607,5.625,72403.022341
1658448000000,5.624,5.72,5.61,5.695,144161.749795
1658451600000,5.696,5.707,5.647,5.661,85536.721323
1658455200000,5.662,5.673,5.606,5.644,106377.550862
1658458800000,5.645,5.657,5.601,5.625,79271.445979
1658462400000,5.626,5.652,5.592,5.641,39106.940761
1658466000000,5.641,5.688,5.609,5.677,69996.817603
1658469600000,5.677,5.716,5.666,5.711,115148.131203
1658473200000,5.712,5.75,5.65,5.7,155934.256451
1658476800000,5.7,5.737,5.682,5.728,102071.45055
1658480400000,5.728,5.79,5.725,5.751,153406.621066
1658484000000,5.752,5.77,5.722,5.723,72204.044405
1658487600000,5.724,5.777,5.7,5.774,121886.73864
1658491200000,5.774,5.797,5.735,5.743,116397.139315
1658494800000,5.744,5.756,5.678,5.679,174949.273498
1658498400000,5.679,5.727,5.655,5.718,176749.030682
1658502000000,5.717,5.733,5.601,5.629,175063.020913
1658505600000,5.629,5.658,5.605,5.641,98628.85056
1658509200000,5.64,5.701,5.567,5.612,108423.882054
1658512800000,5.612,5.624,5.589,5.618,25094.938812
1658516400000,5.619,5.638,5.432,5.453,153475.566292
1658520000000,5.452,5.484,5.437,5.47,80254.393392
1658523600000,5.468,5.504,5.458,5.485,35266.35985
1658527200000,5.485,5.515,5.457,5.511,52064.175981
1658530800000,5.51,5.515,5.466,5.495,79902.291848
1658534400000,5.492,5.553,5.42,5.55,101802.052302
1658538000000,5.548,5.584,5.53,5.568,81295.892869
1658541600000,5.568,5.603,5.562,5.574,79972.384335
1658545200000,5.575,5.589,5.558,5.56,45437.797253
1658548800000,5.56,5.642,5.553,5.615,85343.388149
1658552400000,5.616,5.66,5.603,5.615,78089.692227
1658556000000,5.613,5.632,5.587,5.61,54830.794207
1658559600000,5.612,5.625,5.572,5.606,58873.505132
1658563200000,5.606,5.63,5.534,5.542,96082.090644
1658566800000,5.541,5.578,5.538,5.563,56506.383534
1658570400000,5.562,5.575,5.498,5.516,86864.146408
1658574000000,5.516,5.52,5.438,5.447,106215.056608
1658577600000,5.447,5.485,5.402,5.468,150283.865167
1658581200000,5.468,5.526,5.459,5.517,47446.539035
1658584800000,5.517,5.525,5.44,5.469,83258.213349
1658588400000,5.467,5.514,5.463,5.512,44871.204177
1658592000000,5.512,5.547,5.492,5.515,80524.013234
1658595600000,5.514,5.535,5.444,5.468,84128.80441
1658599200000,5.47,5.494,5.441,5.448,28220.782329
1658602800000,5.448,5.54,5.43,5.528,59324.225588
1658606400000,5.528,5.58,5.526,5.574,69309.850609
1658610000000,5.571,5.582,5.524,5.526,34213.001305
1658613600000,5.526,5.612,5.525,5.59,55728.488777
1658617200000,5.589,5.618,5.573,5.576,63563.427245
1658620800000,5.576,5.623,5.56,5.564,82573.164684
1658624400000,5.564,5.622,5.546,5.614,148430.052424
1658628000000,5.614,5.915,5.604,5.728,462246.639061
1658631600000,5.728,5.793,5.68,5.739,247661.291514
1658635200000,5.738,5.79,5.719,5.773,82236.528495
1658638800000,5.774,5.827,5.751,5.753,127531.362162
1658642400000,5.755,5.808,5.75,5.763,100222.063862
1658646000000,5.763,5.808,5.742,5.749,100030.406481
1658649600000,5.75,5.757,5.688,5.719,202901.132503
1658653200000,5.72,5.779,5.715,5.744,75718.758781
1658656800000,5.743,5.758,5.699,5.706,99966.366828
1658660400000,5.707,5.781,5.706,5.71,100488.801435
1658664000000,5.713,5.745,5.63,5.652,72265.195162
1658667600000,5.654,5.691,5.641,5.68,83827.087398
1658671200000,5.68,5.735,5.666,5.724,72870.437132
1658674800000,5.726,5.744,5.705,5.729,56249.138171
1658678400000,5.729,5.74,5.666,5.687,67748.757744
1658682000000,5.685,5.724,5.683,5.7,38807.996284
1658685600000,5.701,5.705,5.657,5.674,40076.653725
1658689200000,5.674,5.695,5.656,5.664,27883.1196
1658692800000,5.663,5.707,5.662,5.68,16504.683604
1658696400000,5.68,5.74,5.677,5.732,24297.65238
1658700000000,5.733,5.774,5.656,5.677,145426.554047
1658703600000,5.677,5.693,5.616,5.646,98652.551433
1658707200000,5.645,5.69,5.502,5.523,183666.576666
1658710800000,5.522,5.535,5.49,5.514,138365.114304
1658714400000,5.514,5.517,5.452,5.499,149524.190083
1658718000000,5.497,5.504,5.464,5.489,91759.729522
1658721600000,5.489,5.522,5.47,5.517,74679.234702
1658725200000,5.518,5.535,5.5,5.533,62036.202247
1658728800000,5.533,5.537,5.501,5.518,61870.671763
1658732400000,5.518,5.541,5.505,5.529,82410.877962
1658736000000,5.529,5.555,5.497,5.542,86005.096804
1658739600000,5.543,5.56,5.527,5.542,38926.457248
1658743200000,5.541,5.55,5.52,5.542,51590.199366
1658746800000,5.541,5.553,5.504,5.505,38209.153845
1658750400000,5.506,5.517,5.461,5.511,64652.622308
1658754000000,5.511,5.523,5.469,5.507,69200.518796
1658757600000,5.507,5.512,5.447,5.501,95277.643124
1658761200000,5.501,5.518,5.472,5.511,55595.58513
1658764800000,5.511,5.525,5.473,5.51,52209.329383
1658768400000,5.51,5.535,5.475,5.483,22877.013316
1658772000000,5.482,5.499,5.457,5.473,23840.743307
1658775600000,5.474,5.488,5.278,5.36,247639.394376
1658779200000,5.361,5.436,5.358,5.42,79092.783379
1658782800000,5.419,5.432,5.392,5.396,29124.317716
1658786400000,5.396,5.4,5.333,5.387,103301.563916
1658790000000,5.387,5.394,5.22,5.247,143827.63551
1658793600000,5.248,5.276,5.158,5.165,374442.33167
1658797200000,5.166,5.217,5.16,5.201,135967.324527
1658800800000,5.202,5.219,5.197,5.21,70166.025468
1658804400000,5.211,5.229,5.139,5.224,183415.669223
1658808000000,5.223,5.238,5.204,5.218,67499.311552
1658811600000,5.217,5.234,5.19,5.222,49554.711705
1658815200000,5.223,5.229,5.18,5.189,68543.117597
1658818800000,5.191,5.214,5.18,5.188,35533.937079
1658822400000,5.189,5.31,5.173,5.251,105098.813288
1658826000000,5.251,5.274,5.23,5.257,72621.714886
1658829600000,5.256,5.266,5.228,5.235,27241.454619
1658833200000,5.234,5.241,5.16,5.212,73514.003041
1658836800000,5.213,5.24,5.149,5.171,93026.13033
1658840400000,5.17,5.185,5.111,5.156,159888.492885
1658844000000,5.156,5.204,5.143,5.198,67535.293831
1658847600000,5.198,5.202,5.15,5.167,65141.739073
1658851200000,5.167,5.226,5.158,5.226,71664.931781
1658854800000,5.227,5.255,5.199,5.205,48562.244003
1658858400000,5.206,5.229,5.164,5.178,26853.622162
1658862000000,5.18,5.19,5.135,5.177,29343.451675
1658865600000,5.178,5.23,5.16,5.229,48765.096653
1658869200000,5.229,5.274,5.207,5.213,52753.42946
1658872800000,5.214,5.29,5.212,5.273,74173.865193
1658876400000,5.273,5.324,5.249,5.314,74538.918229
1658880000000,5.313,5.326,5.264,5.277,71705.282175
1658883600000,5.278,5.294,5.248,5.249,49837.140674
1658887200000,5.25,5.285,5.245,5.28,31318.481879
1658890800000,5.28,5.282,5.221,5.233,46513.161452
1658894400000,5.233,5.275,5.232,5.267,35903.722719
1658898000000,5.266,5.326,5.264,5.307,95691.400246
1658901600000,5.308,5.317,5.276,5.306,44659.361058
1658905200000,5.305,5.346,5.291,5.297,98182.155384
1658908800000,5.303,5.328,5.282,5.282,41873.253442
1658912400000,5.282,5.293,5.263,5.27,40424.352062
1658916000000,5.27,5.294,5.262,5.28,37652.234521
1658919600000,5.279,5.301,5.246,5.259,80861.685407
1658923200000,5.26,5.323,5.245,5.31,58328.790089
1658926800000,5.31,5.35,5.279,5.338,92330.696217
1658930400000,5.338,5.339,5.308,5.316,64040.996072
1658934000000,5.316,5.321,5.287,5.301,55773.994033
1658937600000,5.301,5.37,5.245,5.26,160489.221658
1658941200000,5.261,5.315,5.247,5.286,52407.117851
1658944800000,5.286,5.519,5.286,5.49,351297.214001
1658948400000,5.491,5.568,5.491,5.522,160231.494755
1658952000000,5.523,5.563,5.517,5.533,74751.109046
1658955600000,5.534,5.56,5.514,5.525,62067.636229
1658959200000,5.524,5.595,5.519,5.577,122185.087908
1658962800000,5.577,5.658,5.57,5.653,180338.628343
1658966400000,5.653,5.658,5.551,5.588,176558.151239
1658970000000,5.587,5.639,5.553,5.636,138296.349317
1658973600000,5.635,5.754,5.607,5.708,459790.049994
1658977200000,5.709,5.711,5.62,5.633,329968.083951
1658980800000,5.632,5.657,5.614,5.616,97528.243277
1658984400000,5.617,5.684,5.615,5.68,87183.736428
1658988000000,5.68,5.687,5.63,5.648,63113.55177
1658991600000,5.648,5.65,5.594,5.6,111804.831454
1658995200000,5.6,5.654,5.6,5.641,107157.95274
1658998800000,5.644,5.69,5.61,5.646,72230.39286
1659002400000,5.645,5.682,5.638,5.663,81336.533472
1659006000000,5.664,5.765,5.659,5.765,249001.655426
1659009600000,5.763,5.765,5.56,5.67,367331.151137
1659013200000,5.67,5.757,5.603,5.659,236878.988138
1659016800000,5.659,5.712,5.647,5.707,144677.179307
1659020400000,5.707,5.824,5.69,5.789,419703.522351
1659024000000,5.796,5.979,5.796,5.91,524222.148511
1659027600000,5.911,6.022,5.909,5.957,314226.360485
1659031200000,5.956,5.957,5.864,5.895,147642.583772
1659034800000,5.893,5.963,5.891,5.946,73765.919759
1659038400000,5.947,6.06,5.942,6.006,180948.843449
1659042000000,6.005,6.021,5.961,6.017,99796.581132
1659045600000,6.017,6.017,5.958,5.982,124971.781826
1659049200000,5.983,6.011,5.904,5.924,194647.672817
1659052800000,5.925,5.988,5.848,5.972,263236.340056
1659056400000,5.971,5.982,5.912,5.947,171015.761824
1659060000000,5.947,6.012,5.924,5.94,163946.568098
1659063600000,5.939,6.046,5.922,6.037,138723.786644
1659067200000,6.037,6.22,6.023,6.159,397404.769228
1659070800000,6.158,6.161,6.05,6.107,190022.070418
1659074400000,6.108,6.188,6.004,6.051,251272.750949
1659078000000,6.05,6.058,5.941,6.001,207769.624508
1659081600000,6.002,6.048,5.926,6.013,178421.953496
1659085200000,6.013,6.065,5.946,6.051,93099.326549
1659088800000,6.051,6.08,5.999,6.061,138803.38589
1659092400000,6.06,6.09,5.87,5.907,233980.506904
1659096000000,5.907,5.921,5.782,5.84,285406.004635
1659099600000,5.842,5.959,5.837,5.942,186867.187354
1659103200000,5.941,6.048,5.935,5.966,219238.904864
1659106800000,5.967,5.999,5.919,5.989,176252.39771
1659110400000,5.99,6,5.811,5.885,207975.974121
1659114000000,5.884,5.905,5.801,5.888,62985.595856
1659117600000,5.889,5.971,5.879,5.923,57205.842459
1659121200000,5.924,5.98,5.883,5.919,87412.723871
1659124800000,5.921,5.98,5.916,5.971,73429.210603
1659128400000,5.971,5.984,5.878,5.938,58384.081809
1659132000000,5.939,6.012,5.903,6,103935.394981
1659135600000,6,6.065,5.922,5.958,173615.049477
1659139200000,5.96,6.605,5.958,6.591,1340753.839058
1659142800000,6.591,6.68,6.425,6.569,663061.164921
1659146400000,6.571,6.573,6.402,6.486,415681.771128
1659150000000,6.486,6.543,6.437,6.51,280264.864782
1659153600000,6.511,6.637,6.405,6.53,400528.906179
1659157200000,6.53,6.854,6.514,6.822,586906.225321
1659160800000,6.823,6.832,6.715,6.755,405796.270714
1659164400000,6.755,7.15,6.752,7.081,797981.764358
1659168000000,7.084,7.602,7.001,7.341,1185352.834679
1659171600000,7.34,7.471,7.25,7.388,596108.719087
1659175200000,7.389,7.498,7.13,7.367,555724.834747
1659178800000,7.366,7.52,7.312,7.389,419591.020474
1659182400000,7.389,7.586,7.279,7.368,481908.486425
1659186000000,7.369,7.425,7.22,7.298,415279.973419
1659189600000,7.298,7.8,7.297,7.436,828729.755715
1659193200000,7.436,7.75,7.435,7.734,718716.287147
1659196800000,7.734,8.401,7.711,8.282,1886173.178673
1659200400000,8.273,8.61,8.19,8.485,991388.739617
1659204000000,8.483,8.872,8.482,8.76,820715.285238
1659207600000,8.759,8.792,8.451,8.555,719901.054178
1659211200000,8.554,8.841,8.541,8.789,813968.78709
1659214800000,8.79,8.896,8.53,8.692,461339.67574
1659218400000,8.692,8.694,8.064,8.17,929014.108002
1659222000000,8.167,8.367,7.78,8.031,1241756.971999
1659225600000,8.032,8.347,7.916,8.221,798994.015246
1659229200000,8.222,8.8,8.024,8.691,942432.844351
1659232800000,8.69,8.77,8.359,8.413,746595.886431
1659236400000,8.414,8.517,8.241,8.322,616256.276469
1659240000000,8.322,8.549,8.27,8.46,471036.244911
1659243600000,8.46,8.51,8.27,8.276,292760.385195
1659247200000,8.277,8.423,8.266,8.337,351905.710236
1659250800000,8.337,8.488,8.29,8.311,327227.185883
1659254400000,8.31,8.417,8.055,8.135,676182.948891
1659258000000,8.136,8.301,8.1,8.29,305515.691171
1659261600000,8.29,8.46,8.239,8.404,416491.75014
1659265200000,8.405,8.451,8.305,8.388,254475.95717
1659268800000,8.388,9.387,8.319,9.169,2000803.918907
1659272400000,9.169,9.411,9,9.296,1296485.314159
1659276000000,9.295,9.596,9.124,9.374,880868.506686
1659279600000,9.374,9.97,9.319,9.8,1242559.073173
1659283200000,9.802,10.43,9.74,10.123,1964638.449596
1659286800000,10.122,10.476,10.012,10.172,669987.621557
1659290400000,10.173,10.713,9.615,10.072,1516006.979341
1659294000000,10.072,10.369,10.045,10.127,352744.816771
1659297600000,10.128,10.639,10.122,10.405,492778.095295
1659301200000,10.403,10.435,10.1,10.288,337272.627274
1659304800000,10.289,10.379,9.8,10.048,668446.06307
1659308400000,10.049,10.148,9.6,9.772,774227.498446
1659312000000,9.772,10.342,9.701,10.252,716776.080608
1659315600000,10.251,11.077,10.088,10.819,1345174.918615
1659319200000,10.817,11.063,10.656,10.871,893980.378879
1659322800000,10.87,11.37,10.738,11.221,770903.200041
1659326400000,11.22,11.297,10.55,10.595,988571.36807
1659330000000,10.601,10.707,10.127,10.344,689104.713454
1659333600000,10.344,10.373,9.803,9.916,909251.344853
1659337200000,9.916,10.153,9.721,10.024,744389.316929
1659340800000,10.025,10.162,9.801,10.039,446058.273929
1659344400000,10.038,10.137,9.885,9.917,267628.94432
1659348000000,9.917,9.917,9.202,9.29,1548097.715483
1659351600000,9.291,9.5,9.26,9.368,571285.127376
1659355200000,9.37,9.429,9.035,9.135,713120.637443
1659358800000,9.135,9.165,8.735,9.062,1216283.200141
1659362400000,9.062,9.248,8.896,9.105,718932.477231
1659366000000,9.106,9.162,8.842,8.988,398553.47369
1659369600000,8.986,9.265,8.666,8.735,977274.535906
1659373200000,8.736,8.792,8.55,8.645,717209.913654
1659376800000,8.645,8.685,8.451,8.575,325702.050739
1659380400000,8.575,8.634,8.524,8.569,137629.214483
1659384000000,8.569,8.689,8.538,8.592,183353.774815
1659387600000,8.601,8.64,8.35,8.518,170928.804363
1659391200000,8.518,8.745,8.433,8.665,343922.069908
1659394800000,8.664,8.842,8.612,8.781,468279.551827
1659398400000,8.78,8.879,8.55,8.595,592094.497886
1659402000000,8.594,8.76,8.376,8.438,524598.489136
1659405600000,8.438,8.591,8.152,8.174,674934.907836
1659409200000,8.174,8.19,7.77,7.831,1345926.954835
1659412800000,7.833,7.925,7.664,7.882,745854.804453
1659416400000,7.885,8,7.817,7.908,564244.147093
1659420000000,7.907,8.071,7.893,7.999,455398.979801
1659423600000,7.998,8.146,7.86,8.12,374068.072669
1659427200000,8.119,8.137,7.949,7.977,386196.321807
1659430800000,7.976,8.05,7.827,7.896,491321.480699
1659434400000,7.895,8.33,7.888,8.173,777048.821285
1659438000000,8.173,8.3,8.06,8.222,621847.687411
1659441600000,8.222,8.253,7.965,8.076,380266.232629
1659445200000,8.075,8.166,8.025,8.095,425150.779859
1659448800000,8.095,8.48,8.006,8.304,1340194.3657
1659452400000,8.304,8.4,8.101,8.194,728045.135663
1659456000000,8.194,8.87,8.186,8.711,1428841.585957
1659459600000,8.711,8.72,8.261,8.329,728644.082639
1659463200000,8.327,8.399,8.128,8.154,440513.969618
1659466800000,8.155,8.192,8.004,8.105,318149.376001
1659470400000,8.106,8.171,8.002,8.061,304292.094408
1659474000000,8.061,8.121,7.904,8.087,141538.911131
1659477600000,8.087,8.273,8.04,8.179,281090.97175
1659481200000,8.178,8.274,8.066,8.193,314941.991049
1659484800000,8.194,8.517,7.919,8.075,962478.009913
1659488400000,8.074,8.428,7.988,8.259,726404.685874
1659492000000,8.257,8.326,8.13,8.203,463591.527597
1659495600000,8.203,8.331,8.171,8.281,279713.630182
1659499200000,8.278,8.396,8.23,8.366,266253.337925
1659502800000,8.366,8.411,8.293,8.322,196559.887445
1659506400000,8.323,8.66,8.302,8.335,419108.9441
1659510000000,8.335,8.347,8.185,8.29,375823.68449
1659513600000,8.292,8.423,8.28,8.416,326996.145154
1659517200000,8.417,8.58,8.369,8.503,435734.073798
1659520800000,8.502,8.573,8.36,8.399,405981.289746
1659524400000,8.401,8.466,8.32,8.421,169127.075126
1659528000000,8.421,8.547,8.37,8.404,481948.173012
1659531600000,8.403,8.471,8.356,8.435,236893.133929
1659535200000,8.434,8.514,8.378,8.418,357696.151183
1659538800000,8.418,8.54,8.404,8.502,204252.904472
1659542400000,8.502,8.76,8.45,8.531,537999.615936
1659546000000,8.529,8.533,8.411,8.427,214715.680561
1659549600000,8.426,8.448,8.349,8.386,161571.262646
1659553200000,8.385,8.403,8.193,8.292,162943.326616
1659556800000,8.293,8.326,8.249,8.31,57434.238963
1659560400000,8.311,8.327,8.26,8.26,49439.117872
1659564000000,8.26,8.265,7.96,8.012,371408.060157
1659567600000,8.011,8.135,7.92,8.091,384426.566268
1659571200000,8.092,8.205,8.06,8.196,242348.377099
1659574800000,8.196,8.3,8.165,8.225,195184.656104
1659578400000,8.225,8.286,8.184,8.266,205342.774646
1659582000000,8.266,8.485,8.248,8.436,309445.417891
1659585600000,8.436,8.55,8.36,8.496,418602.140999
1659589200000,8.496,8.631,8.44,8.526,377467.137435
1659592800000,8.525,8.531,8.262,8.411,450986.678325
1659596400000,8.41,8.49,8.363,8.381,188907.324092
1659600000000,8.381,8.433,8.266,8.286,223944.148859
1659603600000,8.289,8.39,8.279,8.337,143229.278492
1659607200000,8.336,8.44,8.305,8.341,128458.138968
1659610800000,8.34,8.362,8.191,8.241,117520.012016
1659614400000,8.241,8.322,8.185,8.279,243494.089206
1659618000000,8.28,8.427,8.254,8.344,134064.341046
1659621600000,8.344,8.387,8.05,8.172,373494.726259
1659625200000,8.174,8.221,8.125,8.201,114286.972311
1659628800000,8.201,8.247,7.866,7.947,387470.195994
1659632400000,7.947,8.002,7.903,7.994,150457.132293
1659636000000,7.993,8.051,7.866,7.965,125233.72347
1659639600000,7.965,8.016,7.913,7.945,49563.599063
1659643200000,7.945,7.986,7.917,7.957,54543.093141
1659646800000,7.958,7.983,7.883,7.891,42667.823927
1659650400000,7.89,8.039,7.865,8.037,116054.423401
1659654000000,8.037,8.138,8.021,8.094,133021.656059
1659657600000,8.093,8.177,8.048,8.06,138057.643726
1659661200000,8.059,8.246,8.046,8.242,182010.869734
1659664800000,8.243,8.303,8.224,8.239,341361.40526
1659668400000,8.239,8.318,8.228,8.29,154332.061721
1659672000000,8.291,8.382,8.263,8.304,233411.700701
1659675600000,8.305,8.309,8.19,8.286,162346.159831
1659679200000,8.283,8.362,8.26,8.312,195094.97776
1659682800000,8.312,8.328,8.257,8.265,133620.156597
1659686400000,8.264,8.286,8.152,8.214,202855.040621
1659690000000,8.213,8.315,8.181,8.251,173494.139355
1659693600000,8.253,8.317,8.22,8.282,133985.568657
1659697200000,8.283,8.415,8.252,8.366,388240.873354
1659700800000,8.367,8.418,8.16,8.227,361345.032294
1659704400000,8.226,8.271,8.098,8.199,243689.185699
1659708000000,8.198,8.3,8.179,8.214,195341.012723
1659711600000,8.214,8.219,8.106,8.17,152116.078075
1659715200000,8.169,8.202,8.101,8.193,310152.336199
1659718800000,8.191,8.24,8.101,8.113,91776.42912
1659722400000,8.112,8.149,8.101,8.126,76491.081384
1659726000000,8.125,8.21,8.125,8.202,64069.932662
1659729600000,8.201,8.236,8.153,8.218,25070.89193
1659733200000,8.218,8.306,8.218,8.229,143324.727791
1659736800000,8.229,8.318,8.229,8.308,169509.301963
1659740400000,8.308,8.361,8.277,8.337,170795.600698
1659744000000,8.336,8.346,8.228,8.236,139561.787786
1659747600000,8.236,8.273,8.162,8.209,359338.411728
1659751200000,8.208,8.258,8.192,8.25,84653.358558
1659754800000,8.249,8.34,8.209,8.31,203409.131862
1659758400000,8.309,9.136,8.305,9.11,1928174.313577
1659762000000,9.11,9.389,8.99,9.219,1028260.191772
1659765600000,9.218,9.396,9.171,9.312,682165.819702
1659769200000,9.312,9.356,9.13,9.237,510562.120595
1659772800000,9.237,9.272,9.049,9.077,418844.478635
1659776400000,9.08,9.323,8.991,9.283,516459.666692
1659780000000,9.276,9.341,9.233,9.311,241279.875466
1659783600000,9.312,9.463,9.2,9.26,425206.522747
1659787200000,9.261,9.367,9.243,9.275,245923.41178
1659790800000,9.275,9.427,9.271,9.297,206503.348473
1659794400000,9.296,9.396,9.285,9.339,257811.915341
1659798000000,9.339,9.508,9.22,9.245,412152.042088
1659801600000,9.245,9.426,9.233,9.35,295243.532138
1659805200000,9.351,9.371,9.13,9.205,333152.915658
1659808800000,9.204,9.248,9.13,9.18,140994.56813
1659812400000,9.179,9.19,9.071,9.114,112262.767392
1659816000000,9.114,9.188,9.06,9.177,195917.013704
1659819600000,9.178,9.3,9.159,9.249,74850.675413
1659823200000,9.25,9.289,9.177,9.193,98887.587797
1659826800000,9.194,9.498,9.14,9.445,503491.41292
1659830400000,9.446,9.446,8.743,8.934,633483.211379
1659834000000,8.934,8.934,8.65,8.809,741147.582283
1659837600000,8.809,8.938,8.8,8.911,359076.981451
1659841200000,8.91,8.978,8.842,8.868,204229.665938
1659844800000,8.867,8.915,8.814,8.841,145284.582834
1659848400000,8.84,8.958,8.84,8.901,162375.053617
1659852000000,8.901,8.95,8.896,8.932,104587.129743
1659855600000,8.932,8.939,8.836,8.878,139011.364974
1659859200000,8.879,8.884,8.721,8.757,186881.652864
1659862800000,8.757,8.848,8.74,8.825,127209.971634
1659866400000,8.824,8.862,8.8,8.832,90622.008675
1659870000000,8.833,8.92,8.82,8.866,112942.376562
1659873600000,8.866,8.927,8.856,8.908,138292.477351
1659877200000,8.908,8.958,8.895,8.92,147334.570709
1659880800000,8.921,8.947,8.835,8.91,91295.462181
1659884400000,8.911,8.915,8.845,8.871,70965.351555
1659888000000,8.871,8.916,8.839,8.879,108246.890579
1659891600000,8.879,9.019,8.879,8.938,117995.233599
1659895200000,8.94,8.962,8.894,8.905,32489.56349
1659898800000,8.905,8.908,8.822,8.843,50352.721383
1659902400000,8.844,8.913,8.825,8.909,44304.81548
1659906000000,8.912,8.939,8.888,8.901,73546.386993
1659909600000,8.9,8.99,8.756,8.831,207124.565723
1659913200000,8.833,8.837,8.703,8.796,102755.396012
1659916800000,8.796,8.928,8.78,8.91,140829.308644
1659920400000,8.912,8.955,8.82,8.866,139949.603701
1659924000000,8.866,9.318,8.854,9.259,416799.746243
1659927600000,9.258,9.345,9.085,9.114,521484.837157
1659931200000,9.115,9.224,9.092,9.163,155806.165196
1659934800000,9.161,9.246,9.114,9.192,194435.273739
1659938400000,9.193,9.247,9.158,9.174,128138.037553
1659942000000,9.174,9.203,9.108,9.146,132675.888948
1659945600000,9.146,9.324,9.104,9.306,325155.433694
1659949200000,9.307,9.393,9.236,9.295,274807.222895
1659952800000,9.294,9.351,9.25,9.325,149042.178412
1659956400000,9.324,9.354,9.264,9.265,323565.022478
1659960000000,9.265,9.275,9.145,9.239,881786.852529
1659963600000,9.24,9.25,9.08,9.167,234091.769038
1659967200000,9.171,9.214,9.104,9.129,120101.793699
1659970800000,9.129,9.167,8.901,8.95,314797.799352
1659974400000,8.95,8.981,8.824,8.885,287930.869974
1659978000000,8.884,8.926,8.863,8.912,82779.889005
1659981600000,8.911,8.917,8.864,8.884,58108.028272
1659985200000,8.883,8.978,8.833,8.936,78616.605555
1659988800000,8.937,9.095,8.931,9.072,61619.503366
1659992400000,9.071,9.071,8.933,8.951,156115.004149
1659996000000,8.95,8.95,8.5,8.711,369734.664752
1659999600000,8.711,8.795,8.672,8.728,185893.573017
1660003200000,8.727,8.834,8.686,8.745,134067.465258
1660006800000,8.746,8.763,8.65,8.675,144159.055854
1660010400000,8.675,8.699,8.6,8.675,180116.291695
1660014000000,8.675,8.726,8.657,8.725,118186.379586
1660017600000,8.724,8.842,8.713,8.807,109050.961891
1660021200000,8.807,8.824,8.755,8.776,75614.464431
1660024800000,8.777,8.778,8.685,8.744,111510.115054
1660028400000,8.744,8.776,8.706,8.742,114578.508224
1660032000000,8.743,8.746,8.6,8.63,209736.955596
1660035600000,8.629,8.639,8.337,8.347,795765.563193
1660039200000,8.347,8.435,8.262,8.282,371045.608536
1660042800000,8.282,8.349,8.213,8.293,268736.507394
1660046400000,8.295,8.372,8.26,8.312,146517.977669
1660050000000,8.312,8.358,8.129,8.154,244012.364746
1660053600000,8.154,8.197,7.82,8.019,833558.329754
1660057200000,8.02,8.068,7.973,7.996,316643.608737
1660060800000,7.993,8.032,7.914,8.009,291259.999755
1660064400000,8.006,8.049,7.98,8.027,133046.887418
1660068000000,8.028,8.033,7.98,8.005,125209.914276
1660071600000,8.004,8.03,7.949,8.002,252945.810037
1660075200000,8.001,8.039,7.994,8.022,42136.82561
1660078800000,8.022,8.103,8.02,8.076,60937.296835
1660082400000,8.077,8.132,8.013,8.046,132770.150328
1660086000000,8.044,8.08,8.025,8.047,216126.519734
1660089600000,8.047,8.15,7.72,7.825,839643.616181
1660093200000,7.824,8.045,7.821,8.014,442699.616653
1660096800000,8.013,8.041,7.858,7.946,173810.640332
1660100400000,7.949,7.985,7.901,7.92,112907.8479
1660104000000,7.921,8.091,7.895,8.053,157791.835614
1660107600000,8.055,8.077,7.982,8.007,98093.683901
1660111200000,8.006,8.039,7.953,8.002,87092.212015
1660114800000,8.003,8.053,8,8.028,80281.565136
1660118400000,8.028,8.195,8.018,8.144,189103.211906
1660122000000,8.145,8.161,8.067,8.109,163602.835118
1660125600000,8.109,8.109,8.041,8.1,73900.951015
1660129200000,8.1,8.255,8.082,8.185,216148.205607
1660132800000,8.184,8.525,8.084,8.5,836492.095289
1660136400000,8.5,8.527,8.365,8.43,477421.830341
1660140000000,8.429,8.481,8.34,8.409,228206.496903
1660143600000,8.407,8.476,8.383,8.401,143018.668111
1660147200000,8.401,8.435,8.276,8.304,218486.213139
1660150800000,8.305,8.333,8.27,8.309,130632.887762
1660154400000,8.31,8.316,8.187,8.208,109513.185616
1660158000000,8.207,8.237,8.138,8.172,80147.401494
1660161600000,8.173,8.293,8.173,8.279,83055.478078
1660165200000,8.278,8.333,8.24,8.322,58541.149758
1660168800000,8.322,8.349,8.273,8.278,99623.209962
1660172400000,8.279,8.312,8.252,8.3,98805.858679
1660176000000,8.3,8.415,8.288,8.405,162008.755105
1660179600000,8.406,8.51,8.383,8.499,274438.637993
1660183200000,8.5,8.508,8.353,8.407,153898.819714
1660186800000,8.406,9.008,8.387,8.941,842292.273596
1660190400000,8.94,8.943,8.773,8.875,737855.386109
1660194000000,8.875,8.933,8.735,8.779,288038.423309
1660197600000,8.781,8.842,8.749,8.784,237034.503747
1660201200000,8.783,8.836,8.685,8.711,169927.596874
1660204800000,8.711,8.769,8.629,8.765,170116.866777
1660208400000,8.763,8.763,8.666,8.674,60811.096796
1660212000000,8.675,8.72,8.64,8.656,135485.913743
1660215600000,8.657,8.72,8.579,8.647,241840.302867
1660219200000,8.648,8.841,8.644,8.772,279354.024033
1660222800000,8.771,8.774,8.6,8.695,286483.693619
1660226400000,8.698,8.74,8.48,8.55,328744.88791
1660230000000,8.56,8.589,8.475,8.486,136978.307924
1660233600000,8.485,8.57,8.48,8.56,79099.180957
1660237200000,8.562,8.589,8.525,8.551,63101.962491
1660240800000,8.55,8.551,8.355,8.389,125073.337719
1660244400000,8.389,8.422,8.357,8.413,39927.135893
1660248000000,8.415,8.449,8.341,8.44,66516.583385
1660251600000,8.44,8.476,8.362,8.436,78117.356372
1660255200000,8.436,8.449,8.328,8.331,82337.853612
1660258800000,8.33,8.378,8.227,8.345,195761.176075
1660262400000,8.347,8.392,8.17,8.377,235797.324
1660266000000,8.376,8.52,8.368,8.403,195036.904104
1660269600000,8.403,8.527,8.344,8.501,137012.991537
1660273200000,8.501,8.567,8.449,8.482,131357.24887
1660276800000,8.481,8.513,8.444,8.457,70881.469499
1660280400000,8.457,8.542,8.453,8.509,85166.169796
1660284000000,8.507,8.654,8.355,8.457,221402.253674
1660287600000,8.456,8.477,8.42,8.462,72331.629027
1660291200000,8.461,8.607,8.448,8.523,146295.476963
1660294800000,8.521,8.646,8.502,8.553,202319.534752
1660298400000,8.554,8.569,8.353,8.394,188704.117586
1660302000000,8.393,8.432,8.26,8.349,216373.530285
1660305600000,8.349,8.465,8.339,8.456,109133.712764
1660309200000,8.456,8.815,8.452,8.621,623818.843964
1660312800000,8.621,8.672,8.565,8.629,221067.518721
1660316400000,8.626,8.693,8.586,8.663,200368.748481
1660320000000,8.663,8.72,8.538,8.634,211981.008165
1660323600000,8.633,8.732,8.609,8.668,111910.341902
1660327200000,8.666,8.767,8.634,8.691,93458.738581
1660330800000,8.69,8.8,8.686,8.718,176019.269751
1660334400000,8.718,8.773,8.667,8.747,106947.489793
1660338000000,8.745,8.747,8.614,8.636,77445.295279
1660341600000,8.636,8.715,8.628,8.702,88755.231216
1660345200000,8.703,8.786,8.683,8.753,121638.948461
1660348800000,8.754,8.768,8.649,8.75,147436.258344
1660352400000,8.75,8.874,8.723,8.783,325847.342004
1660356000000,8.784,8.807,8.704,8.799,162246.79151
1660359600000,8.799,8.864,8.767,8.842,149465.359028
1660363200000,8.842,8.856,8.712,8.768,247448.083272
1660366800000,8.767,8.772,8.712,8.766,147032.525449
1660370400000,8.767,8.825,8.623,8.696,197146.132938
1660374000000,8.696,8.789,8.561,8.585,649614.154074
1660377600000,8.586,8.616,8.458,8.508,727071.710138
1660381200000,8.508,8.63,8.469,8.584,163151.12684
1660384800000,8.585,8.605,8.511,8.555,111521.693258
1660388400000,8.555,8.555,8.436,8.545,141338.162459
1660392000000,8.542,8.552,8.415,8.522,100330.679372
1660395600000,8.523,8.593,8.501,8.527,76811.463519
1660399200000,8.527,8.574,8.517,8.554,62568.436641
1660402800000,8.555,8.629,8.518,8.582,117787.224437
1660406400000,8.582,8.597,8.511,8.53,150082.113705
1660410000000,8.53,8.547,8.465,8.545,73975.4947
1660413600000,8.545,8.551,8.422,8.445,55814.551478
1660417200000,8.445,8.452,8.238,8.367,192587.953044
1660420800000,8.367,8.422,8.343,8.41,39895.608105
1660424400000,8.411,8.427,8.4,8.413,43610.426404
1660428000000,8.412,8.418,8.335,8.348,96515.505404
1660431600000,8.347,8.395,8.302,8.37,119902.67074
1660435200000,8.369,8.453,8.309,8.393,126691.038049
1660438800000,8.393,8.494,8.31,8.48,121841.20338
1660442400000,8.48,8.791,8.44,8.602,385041.963741
1660446000000,8.6,8.622,8.524,8.554,115519.849098
1660449600000,8.553,8.654,8.53,8.575,107060.400831
1660453200000,8.576,8.682,8.555,8.647,180017.549302
1660456800000,8.648,8.713,8.591,8.627,174031.861636
1660460400000,8.627,8.682,8.569,8.635,171653.518362
1660464000000,8.634,8.636,8.472,8.496,229761.750134
1660467600000,8.497,8.579,8.491,8.578,80485.125881
1660471200000,8.579,8.582,8.5,8.505,86958.831509
1660474800000,8.506,8.565,8.434,8.481,115385.495643
1660478400000,8.479,8.49,8.373,8.471,240500.939482
1660482000000,8.47,8.47,8.333,8.39,569777.201089
1660485600000,8.39,8.511,8.38,8.488,415790.033577
1660489200000,8.489,8.52,8.424,8.453,114510.213349
1660492800000,8.454,8.478,8.101,8.115,563402.784507
1660496400000,8.115,8.162,8,8.056,363254.833291
1660500000000,8.057,8.146,8.021,8.141,147293.212039
1660503600000,8.14,8.245,8.127,8.185,149203.134181
1660507200000,8.184,8.225,8.166,8.194,51848.482662
1660510800000,8.191,8.253,8.184,8.218,71013.88245
1660514400000,8.215,8.262,8.13,8.197,73917.47052
1660518000000,8.198,8.259,8.189,8.231,68151.598241
1660521600000,8.232,8.458,8.153,8.369,203086.356249
1660525200000,8.369,8.391,8.29,8.378,140920.925906
1660528800000,8.378,8.537,8.353,8.509,196373.934401
1660532400000,8.509,8.528,8.358,8.398,214260.012702
1660536000000,8.398,8.42,8.34,8.41,105154.450584
1660539600000,8.41,8.454,8.321,8.368,97894.477241
1660543200000,8.368,8.377,8.069,8.126,416159.827529
1660546800000,8.125,8.165,8.035,8.097,364001.386492
1660550400000,8.096,8.189,8.01,8.173,235365.172662
1660554000000,8.173,8.221,8.107,8.214,116506.933078
1660557600000,8.215,8.233,8.143,8.206,104237.057554
1660561200000,8.205,8.247,8.149,8.174,121139.044308
1660564800000,8.172,8.229,8.046,8.102,166663.229301
1660568400000,8.103,8.245,8.098,8.225,167505.573046
1660572000000,8.228,8.254,8.173,8.192,111519.077037
1660575600000,8.191,8.293,8.167,8.283,108737.937225
1660579200000,8.284,8.319,8.213,8.305,108119.979669
1660582800000,8.306,8.317,8.204,8.223,89043.150222
1660586400000,8.223,8.227,8.169,8.172,39710.836556
1660590000000,8.173,8.229,8.14,8.169,74169.446961
1660593600000,8.17,8.238,8.151,8.196,53256.398165
1660597200000,8.196,8.242,8.154,8.173,20332.346628
1660600800000,8.174,8.248,8.104,8.109,67637.26134
1660604400000,8.108,8.588,8.013,8.422,483992.724734
1660608000000,8.422,8.488,8.272,8.393,303643.192366
1660611600000,8.393,8.433,8.335,8.351,122597.519977
1660615200000,8.349,8.356,8.225,8.249,181323.085898
1660618800000,8.249,8.366,8.15,8.32,211401.768178
1660622400000,8.321,8.36,8.23,8.249,99823.632139
1660626000000,8.248,8.266,8.16,8.254,121263.432867
1660629600000,8.253,8.307,8.242,8.251,75170.251912
1660633200000,8.25,8.316,8.247,8.308,81334.411232
1660636800000,8.308,8.32,8.271,8.299,108691.933929
1660640400000,8.3,8.555,8.287,8.536,513843.359518
1660644000000,8.536,8.54,8.387,8.41,173093.335152
1660647600000,8.41,8.485,8.381,8.433,151680.753234
1660651200000,8.433,8.651,8.408,8.506,571467.191775
1660654800000,8.506,8.592,8.403,8.487,484632.935943
1660658400000,8.487,8.782,8.405,8.71,733178.923107
1660662000000,8.709,8.83,8.557,8.621,625247.949193
1660665600000,8.622,8.651,8.513,8.559,320592.126544
1660669200000,8.56,8.576,8.397,8.438,206666.825622
1660672800000,8.439,8.508,8.23,8.268,375992.659468
1660676400000,8.268,8.34,8.24,8.33,135738.121161
1660680000000,8.329,8.438,8.326,8.433,100151.484509
1660683600000,8.433,8.444,8.31,8.324,85223.228981
1660687200000,8.325,8.417,8.29,8.357,125258.421291
1660690800000,8.357,8.508,8.35,8.424,163512.559965
1660694400000,8.425,8.54,8.402,8.52,190824.469068
1660698000000,8.521,8.614,8.505,8.54,202731.490523
1660701600000,8.539,8.708,8.533,8.565,261841.349939
1660705200000,8.566,8.745,8.55,8.647,284328.080699
1660708800000,8.647,8.734,8.633,8.725,198991.924254
1660712400000,8.725,8.799,8.694,8.755,327191.85063
1660716000000,8.755,8.891,8.7,8.739,465876.9875
1660719600000,8.739,8.744,8.4,8.482,634112.571577
1660723200000,8.482,8.51,8.405,8.46,230410.642504
1660726800000,8.46,8.569,8.442,8.532,166829.8377
1660730400000,8.531,8.536,8.358,8.418,226959.989593
1660734000000,8.419,8.457,8.322,8.374,157358.112013
1660737600000,8.376,8.386,8.184,8.309,486808.424868
1660741200000,8.307,8.31,8.1,8.216,474182.190386
1660744800000,8.216,8.246,8.113,8.133,236987.876361
1660748400000,8.134,8.277,8.117,8.202,157446.311615
1660752000000,8.201,8.262,8.135,8.244,184622.549097
1660755600000,8.244,8.249,8.176,8.239,75097.654201
1660759200000,8.239,8.311,8.16,8.263,100018.540417
1660762800000,8.263,8.296,8.177,8.236,91742.145967
1660766400000,8.237,8.3,8.166,8.269,74841.350292
1660770000000,8.269,8.269,8,8.152,182997.22928
1660773600000,8.151,8.192,8.109,8.147,61684.322226
1660777200000,8.148,8.198,8.103,8.193,97504.737745
1660780800000,8.193,8.263,8.073,8.23,152429.437531
1660784400000,8.23,8.264,8.186,8.246,61978.380313
1660788000000,8.247,8.295,8.209,8.252,90685.747254
1660791600000,8.252,8.27,8.212,8.235,51134.880621
1660795200000,8.236,8.257,8.074,8.168,138459.18135
1660798800000,8.168,8.218,8.136,8.155,78738.303222
1660802400000,8.155,8.207,8.142,8.154,66177.186998
1660806000000,8.152,8.23,8.13,8.211,107676.233943
1660809600000,8.211,8.231,8.139,8.187,131687.30191
1660813200000,8.191,8.24,8.141,8.24,97104.562363
1660816800000,8.24,8.263,8.178,8.183,177701.235226
1660820400000,8.183,8.224,8.164,8.217,82506.807754
1660824000000,8.219,8.269,8.188,8.258,115047.730944
1660827600000,8.258,8.277,8.144,8.163,104409.373098
1660831200000,8.163,8.242,8.156,8.196,78304.2714
1660834800000,8.196,8.215,8.158,8.198,68794.938697
1660838400000,8.199,8.202,8.06,8.136,149663.78127
1660842000000,8.135,8.192,8.083,8.099,103716.402977
1660845600000,8.098,8.128,8.024,8.104,111744.898744
1660849200000,8.104,8.154,8.097,8.121,33599.177874
1660852800000,8.12,8.178,8.098,8.162,40371.815479
1660856400000,8.163,8.196,8.147,8.181,28502.48284
1660860000000,8.179,8.205,8.125,8.128,70669.695634
1660863600000,8.127,8.171,6.533,7.475,2266863.147927
1660867200000,7.478,7.57,7.261,7.338,918482.984201
1660870800000,7.339,7.36,7.106,7.187,603134.825479
1660874400000,7.188,7.273,7.164,7.2,359524.171099
1660878000000,7.201,7.209,6.967,7.074,439836.022463
1660881600000,7.074,7.127,7.04,7.092,156787.531779
1660885200000,7.093,7.118,6.977,7.057,216840.899475
1660888800000,7.057,7.076,6.4,6.676,1138397.245918
1660892400000,6.672,6.812,6.666,6.756,485550.058589
1660896000000,6.756,6.788,6.626,6.712,450058.555821
1660899600000,6.712,6.786,6.7,6.753,276199.692658
1660903200000,6.754,6.779,6.679,6.701,310180.447297
1660906800000,6.7,6.739,6.568,6.717,394438.703334
1660910400000,6.717,6.748,6.61,6.726,233152.978259
1660914000000,6.725,6.745,6.668,6.69,186940.97344
1660917600000,6.689,6.766,6.677,6.685,169025.760326
1660921200000,6.685,6.726,6.667,6.712,123115.125455
1660924800000,6.711,6.92,6.67,6.83,405322.751755
1660928400000,6.83,6.842,6.7,6.731,225062.27378
1660932000000,6.732,6.74,6.683,6.708,102995.935674
1660935600000,6.708,6.745,6.52,6.7,291137.113726
1660939200000,6.701,6.726,6.591,6.647,131541.810548
1660942800000,6.646,6.676,6.4,6.463,208138.843108
1660946400000,6.469,6.58,6.435,6.475,278701.330588
1660950000000,6.476,6.597,6.36,6.463,405011.979115
1660953600000,6.461,6.647,6.461,6.534,331870.839922
1660957200000,6.534,6.622,6.525,6.561,146750.664327
1660960800000,6.561,6.641,6.55,6.608,150532.190311
1660964400000,6.608,6.623,6.563,6.607,135810.703102
1660968000000,6.606,6.656,6.591,6.654,288872.651111
1660971600000,6.655,6.663,6.581,6.61,343594.393434
1660975200000,6.61,6.688,6.605,6.667,285475.329556
1660978800000,6.667,6.718,6.652,6.698,213590.126929
1660982400000,6.698,6.698,6.614,6.628,147400.823437
1660986000000,6.629,6.642,6.584,6.623,104946.904031
1660989600000,6.623,6.624,6.533,6.585,171811.071167
1660993200000,6.584,6.6,6.552,6.556,91865.67668
1660996800000,6.555,6.58,6.5,6.528,143937.170193
1661000400000,6.528,6.549,6.474,6.541,152702.352496
1661004000000,6.542,6.561,6.459,6.472,141982.530045
1661007600000,6.472,6.478,6.356,6.436,299521.31829
1661011200000,6.435,6.459,6.361,6.376,166545.847089
1661014800000,6.376,6.4,6.2,6.257,398211.832212
1661018400000,6.258,6.304,6.178,6.197,327020.606695
1661022000000,6.201,6.23,6.1,6.177,319977.053211
1661025600000,6.178,6.271,6.05,6.098,256495.017389
1661029200000,6.101,6.24,6.065,6.231,163451.333903
1661032800000,6.231,6.283,6.208,6.241,136218.673532
1661036400000,6.241,6.301,6.211,6.246,121849.478529
1661040000000,6.246,6.321,6.245,6.257,138029.069198
1661043600000,6.256,6.351,6.255,6.334,106224.512927
1661047200000,6.333,6.35,6.292,6.316,86429.292815
1661050800000,6.316,6.322,6.248,6.279,108823.039028
1661054400000,6.28,6.337,6.262,6.278,75800.829944
1661058000000,6.278,6.32,6.263,6.317,108946.588907
1661061600000,6.316,6.321,6.216,6.253,181801.809172
1661065200000,6.254,6.4,6.225,6.392,185209.968375
1661068800000,6.394,6.584,6.379,6.409,624657.251694
1661072400000,6.408,6.461,6.39,6.409,189171.464508
1661076000000,6.41,6.445,6.379,6.379,177519.739162
1661079600000,6.379,6.5,6.379,6.459,195557.885065
1661083200000,6.459,6.486,6.402,6.408,157108.975628
1661086800000,6.408,6.417,6.35,6.361,176557.466681
1661090400000,6.361,6.378,6.31,6.37,138088.234195
1661094000000,6.37,6.407,6.342,6.393,106984.039794
1661097600000,6.392,6.453,6.371,6.423,125074.722055
1661101200000,6.425,6.455,6.387,6.399,76605.136359
1661104800000,6.399,6.431,6.374,6.416,56243.974764
1661108400000,6.417,6.437,6.396,6.419,38921.611678
1661112000000,6.42,6.498,6.386,6.423,65059.781876
1661115600000,6.423,6.504,6.418,6.432,60417.37707
1661119200000,6.432,6.459,6.282,6.419,219430.985769
1661122800000,6.42,6.472,6.395,6.414,129294.912694
1661126400000,6.415,6.42,6.334,6.367,109644.091976
1661130000000,6.366,6.38,6.33,6.364,89652.031798
1661133600000,6.365,6.397,6.34,6.388,94809.99052
1661137200000,6.387,6.419,6.356,6.365,146471.22502
1661140800000,6.365,6.41,6.304,6.408,144636.545548
1661144400000,6.406,6.425,6.38,6.408,125374.92495
1661148000000,6.407,6.41,6.248,6.284,228889.529877
1661151600000,6.284,6.294,6.107,6.122,367625.672792
1661155200000,6.121,6.15,6.031,6.143,808928.374972
1661158800000,6.144,6.172,6.116,6.151,130970.842117
1661162400000,6.152,6.225,6.132,6.2,121099.989281
1661166000000,6.199,6.229,6.168,6.194,106614.997372
1661169600000,6.195,6.222,6.134,6.164,128211.761796
1661173200000,6.165,6.2,6.082,6.177,153070.89725
1661176800000,6.176,6.217,6.113,6.134,188394.062764
1661180400000,6.134,6.278,6.127,6.26,186631.718832
1661184000000,6.259,6.292,6.203,6.227,114726.61007
1661187600000,6.227,6.234,6.162,6.184,138564.026884
1661191200000,6.184,6.184,6.071,6.109,127428.864983
1661194800000,6.109,6.139,6.095,6.135,58596.879375
1661198400000,6.135,6.261,6.135,6.206,166469.578324
1661202000000,6.206,6.215,6.133,6.148,41073.445467
1661205600000,6.149,6.225,6.141,6.194,78958.78395
1661209200000,6.194,6.331,6.187,6.326,146138.879491
1661212800000,6.325,6.391,6.31,6.332,225066.266645
1661216400000,6.331,6.396,6.325,6.327,139558.158274
1661220000000,6.328,6.371,6.294,6.358,161274.870451
1661223600000,6.358,6.437,6.322,6.335,140953.12626
1661227200000,6.335,6.349,6.322,6.323,72142.607395
1661230800000,6.324,6.335,6.12,6.124,263426.277487
1661234400000,6.124,6.231,6.12,6.217,192783.526988
1661238000000,6.218,6.272,6.205,6.268,105077.090056
1661241600000,6.268,6.338,6.262,6.3,164070.529342
1661245200000,6.301,6.365,6.239,6.327,166851.250216
1661248800000,6.327,6.357,6.288,6.335,103425.471073
1661252400000,6.335,6.395,6.308,6.386,107376.788886
1661256000000,6.386,6.397,6.314,6.317,102079.627823
1661259600000,6.318,6.4,6.306,6.381,189840.579665
1661263200000,6.382,6.441,6.34,6.355,234429.970428
1661266800000,6.355,6.398,6.324,6.381,112720.215374
1661270400000,6.38,6.384,6.305,6.347,74536.273382
1661274000000,6.345,6.361,6.316,6.317,61180.430191
1661277600000,6.317,6.395,6.28,6.356,100554.400497
1661281200000,6.356,6.366,6.334,6.345,29995.482179
1661284800000,6.347,6.383,6.316,6.327,52861.043536
1661288400000,6.328,6.344,6.32,6.337,24937.182563
1661292000000,6.338,6.376,6.331,6.342,54112.043684
1661295600000,6.343,6.413,6.323,6.383,115273.114152
1661299200000,6.383,6.405,6.235,6.308,198214.303979
1661302800000,6.308,6.318,6.181,6.232,166710.470638
1661306400000,6.231,6.266,6.191,6.21,122836.120381
1661310000000,6.211,6.233,6.19,6.212,100174.955195
1661313600000,6.212,6.253,6.203,6.247,72755.50886
1661317200000,6.247,6.309,6.24,6.261,130789.193893
1661320800000,6.261,6.29,6.231,6.286,68574.010577
1661324400000,6.285,6.301,6.176,6.222,173130.39429
1661328000000,6.222,6.279,6.22,6.253,84231.17787
1661331600000,6.252,6.274,6.239,6.251,68837.060558
1661335200000,6.252,6.297,6.245,6.262,100581.779712
1661338800000,6.262,6.326,6.255,6.321,83437.457375
1661342400000,6.321,6.336,6.286,6.318,158442.287178
1661346000000,6.319,6.338,6.274,6.302,70878.810752
1661349600000,6.302,6.333,6.271,6.301,91682.520813
1661353200000,6.3,6.594,6.287,6.464,758283.188387
1661356800000,6.465,6.504,6.381,6.422,281838.737333
1661360400000,6.422,6.448,6.386,6.414,271545.399315
1661364000000,6.416,6.435,6.384,6.392,144325.241983
1661367600000,6.393,6.488,6.392,6.45,117542.656591
1661371200000,6.45,6.482,6.441,6.469,57913.120831
1661374800000,6.469,6.47,6.353,6.392,69604.674292
1661378400000,6.392,6.412,6.31,6.324,130885.023147
1661382000000,6.323,6.367,6.235,6.275,187676.333557
1661385600000,6.275,6.4,6.267,6.373,206406.23085
1661389200000,6.375,6.399,6.348,6.367,75270.983222
1661392800000,6.367,6.399,6.318,6.394,101776.373376
1661396400000,6.394,6.427,6.328,6.366,117316.273764
1661400000000,6.366,6.411,6.36,6.387,67142.782006
1661403600000,6.388,6.4,6.365,6.397,49200.42622
1661407200000,6.396,6.486,6.387,6.458,370299.929866
1661410800000,6.458,6.491,6.434,6.473,143209.936257
1661414400000,6.473,6.482,6.443,6.449,117356.962062
1661418000000,6.449,6.473,6.389,6.45,80915.81274
1661421600000,6.45,6.462,6.405,6.408,72969.63649
1661425200000,6.408,6.462,6.397,6.46,58705.07365
1661428800000,6.459,6.479,6.356,6.386,144596.500447
1661432400000,6.384,6.402,6.336,6.392,151715.174248
1661436000000,6.393,6.459,6.377,6.406,122981.469712
1661439600000,6.406,6.419,6.26,6.335,303713.196884
1661443200000,6.335,6.339,6.264,6.297,126507.237915
1661446800000,6.297,6.34,6.276,6.322,80431.146549
1661450400000,6.322,6.333,6.291,6.326,32017.761059
1661454000000,6.325,6.369,6.303,6.364,40666.525442
1661457600000,6.363,6.396,6.34,6.384,76830.510911
1661461200000,6.385,6.4,6.35,6.365,37677.704365
1661464800000,6.366,6.39,6.318,6.341,69271.034825
1661468400000,6.341,6.381,6.304,6.357,71627.403254
1661472000000,6.358,6.358,6.26,6.285,149723.440602
1661475600000,6.282,6.324,6.275,6.319,61385.452566
1661479200000,6.319,6.346,6.314,6.343,69765.858453
1661482800000,6.343,6.36,6.325,6.334,57734.877504
1661486400000,6.333,6.346,6.308,6.319,74473.593139
1661490000000,6.318,6.326,6.162,6.213,385641.465491
1661493600000,6.212,6.243,6.193,6.215,129939.393182
1661497200000,6.215,6.218,6.1,6.201,171930.702567
1661500800000,6.2,6.24,6.173,6.217,103369.714926
1661504400000,6.217,6.236,6.196,6.214,101999.118814
1661508000000,6.214,6.215,6.143,6.172,66126.324243
1661511600000,6.173,6.182,6.062,6.131,212492.004696
1661515200000,6.13,6.267,6.086,6.254,369726.484242
1661518800000,6.255,6.333,6.211,6.271,330966.878141
1661522400000,6.271,6.299,6.123,6.146,369277.390547
1661526000000,6.144,6.144,5.92,5.984,880260.801396
1661529600000,5.985,5.988,5.849,5.916,328762.586579
1661533200000,5.915,5.925,5.837,5.841,103274.900999
1661536800000,5.843,5.851,5.747,5.814,235727.232613
1661540400000,5.813,5.839,5.796,5.824,52621.28884
1661544000000,5.823,5.857,5.8,5.823,72415.115701
1661547600000,5.82,5.839,5.8,5.83,33669.970178
1661551200000,5.83,5.83,5.65,5.737,230570.905728
1661554800000,5.738,5.754,5.56,5.662,447462.922153
1661558400000,5.662,5.713,5.607,5.685,179218.185775
1661562000000,5.684,5.694,5.655,5.675,87023.13697
1661565600000,5.675,5.69,5.591,5.646,121204.758747
1661569200000,5.645,5.71,5.64,5.686,110720.803216
1661572800000,5.686,5.732,5.686,5.702,138661.332275
1661576400000,5.701,5.711,5.592,5.692,209581.015969
1661580000000,5.692,5.755,5.682,5.737,100977.913452
1661583600000,5.736,5.794,5.719,5.787,83552.888901
1661587200000,5.788,5.793,5.744,5.754,85200.522987
1661590800000,5.753,5.762,5.72,5.754,99236.990512
1661594400000,5.754,5.833,5.752,5.777,132410.908527
1661598000000,5.777,5.813,5.764,5.791,79691.589755
1661601600000,5.791,5.8,5.772,5.792,49531.513964
1661605200000,5.791,5.819,5.742,5.785,107367.699159
1661608800000,5.786,5.801,5.73,5.731,117096.519563
1661612400000,5.732,5.771,5.64,5.747,257041.559107
1661616000000,5.746,5.782,5.665,5.776,180365.341186
1661619600000,5.776,5.834,5.749,5.765,118233.623667
1661623200000,5.766,5.773,5.722,5.731,60175.828698
1661626800000,5.732,5.793,5.723,5.779,35843.047122
1661630400000,5.778,5.8,5.761,5.798,34189.933948
1661634000000,5.799,5.807,5.756,5.756,23485.892505
1661637600000,5.755,5.869,5.75,5.822,114715.899742
1661641200000,5.822,5.867,5.813,5.83,107114.12224
1661644800000,5.83,5.85,5.771,5.838,96803.283038
1661648400000,5.839,5.882,5.811,5.839,95006.463048
1661652000000,5.839,5.889,5.823,5.832,88636.298646
1661655600000,5.832,5.863,5.811,5.817,95666.531626
1661659200000,5.817,5.822,5.789,5.802,53274.965995
1661662800000,5.803,5.827,5.765,5.826,78915.497974
1661666400000,5.826,5.831,5.808,5.818,51089.704172
1661670000000,5.819,5.844,5.812,5.826,29285.535999
1661673600000,5.826,5.856,5.793,5.813,70916.066292
1661677200000,5.813,5.816,5.774,5.784,46682.669693
1661680800000,5.783,5.824,5.756,5.79,88514.358658
1661684400000,5.79,5.82,5.763,5.813,59906.393596
1661688000000,5.813,5.825,5.755,5.767,67935.666699
1661691600000,5.767,5.786,5.748,5.769,57873.436619
1661695200000,5.768,5.8,5.689,5.767,113755.356183
1661698800000,5.768,5.814,5.76,5.808,88828.268394
1661702400000,5.809,5.85,5.797,5.806,148534.311343
1661706000000,5.801,5.852,5.796,5.813,100223.261714
1661709600000,5.812,5.845,5.809,5.835,30710.877132
1661713200000,5.835,5.847,5.8,5.808,35053.032279
1661716800000,5.807,5.827,5.801,5.808,47824.168263
1661720400000,5.807,5.824,5.758,5.766,31694.435862
1661724000000,5.766,5.766,5.707,5.722,103454.7104
1661727600000,5.722,5.722,5.6,5.643,238184.16618
1661731200000,5.643,5.655,5.53,5.589,239437.156238
1661734800000,5.59,5.596,5.539,5.588,90168.535893
1661738400000,5.588,5.637,5.58,5.621,101521.22146
1661742000000,5.621,5.686,5.613,5.647,97047.81299
1661745600000,5.648,5.677,5.628,5.638,69178.688379
1661749200000,5.638,5.652,5.611,5.616,83412.178716
1661752800000,5.617,5.692,5.617,5.673,75789.894856
1661756400000,5.672,5.701,5.654,5.678,75683.804588
1661760000000,5.679,5.692,5.64,5.652,55820.51701
1661763600000,5.654,5.684,5.65,5.676,82651.741846
1661767200000,5.676,5.695,5.662,5.677,59586.869766
1661770800000,5.677,5.688,5.653,5.679,51648.979406
1661774400000,5.68,5.834,5.675,5.757,244884.713394
1661778000000,5.757,5.845,5.757,5.805,145949.171752
1661781600000,5.806,5.95,5.805,5.874,258056.983348
1661785200000,5.874,5.929,5.869,5.915,90789.842337
1661788800000,5.916,5.938,5.876,5.917,114805.189937
1661792400000,5.917,5.93,5.894,5.918,50575.866004
1661796000000,5.917,5.917,5.875,5.898,61304.304892
1661799600000,5.897,5.916,5.885,5.911,32397.345214
1661803200000,5.912,6.029,5.891,5.949,112882.038815
1661806800000,5.949,6.004,5.943,5.982,35052.824359
1661810400000,5.982,5.999,5.955,5.975,53405.531787
1661814000000,5.977,6.061,5.942,6.013,151927.81756
1661817600000,6.013,6.106,5.989,6.006,116640.091155
1661821200000,6.007,6.013,5.923,5.956,77896.388416
1661824800000,5.955,5.974,5.944,5.969,38716.487268
1661828400000,5.969,6.009,5.955,5.984,194433.878777
1661832000000,5.984,6.078,5.982,6.036,132572.671544
1661835600000,6.035,6.058,5.992,5.992,84005.455372
1661839200000,5.994,6.017,5.972,5.984,106085.696787
1661842800000,5.984,6.046,5.983,5.988,73676.095393
1661846400000,5.988,6.029,5.958,5.969,90040.29369
1661850000000,5.968,5.983,5.938,5.966,68554.336164
1661853600000,5.966,6,5.909,5.941,72030.089709
1661857200000,5.942,5.956,5.927,5.951,61368.893382
1661860800000,5.952,5.96,5.86,5.886,135926.740579
1661864400000,5.885,5.926,5.869,5.891,122740.848833
1661868000000,5.891,5.899,5.68,5.726,431257.012743
1661871600000,5.725,5.758,5.698,5.733,147561.121613
1661875200000,5.732,5.741,5.58,5.607,286312.28013
1661878800000,5.607,5.646,5.6,5.636,182739.828342
1661882400000,5.636,5.656,5.623,5.649,100149.162325
1661886000000,5.648,5.774,5.64,5.705,120986.13561
1661889600000,5.705,5.787,5.672,5.77,71244.543365
1661893200000,5.77,5.803,5.703,5.737,49001.607465
1661896800000,5.737,5.772,5.714,5.767,56035.638925
1661900400000,5.767,5.77,5.687,5.714,56803.186298
1661904000000,5.714,5.799,5.712,5.774,61824.642432
1661907600000,5.775,5.854,5.773,5.816,152595.687464
1661911200000,5.817,5.862,5.817,5.835,155591.642028
1661914800000,5.836,5.89,5.83,5.848,76392.40131
1661918400000,5.847,5.878,5.834,5.842,91104.337428
1661922000000,5.843,5.867,5.821,5.839,164936.663502
1661925600000,5.839,5.888,5.786,5.801,186301.354175
1661929200000,5.802,5.819,5.784,5.795,70025.087686
1661932800000,5.795,5.826,5.741,5.784,122662.799629
1661936400000,5.784,5.789,5.762,5.774,51500.838705
1661940000000,5.774,5.868,5.765,5.843,79450.801561
1661943600000,5.843,5.863,5.8,5.824,45196.285956
1661947200000,5.823,5.869,5.79,5.825,82116.754551
1661950800000,5.829,5.883,5.81,5.847,134396.959278
1661954400000,5.848,5.854,5.78,5.783,117291.035671
1661958000000,5.783,5.819,5.7,5.8,217901.820083
1661961600000,5.799,5.8,5.729,5.745,91027.628269
1661965200000,5.745,5.776,5.68,5.724,138556.03364
1661968800000,5.723,5.759,5.71,5.724,57115.17691
1661972400000,5.724,5.825,5.719,5.796,52225.372558
1661976000000,5.797,5.8,5.767,5.791,18999.324091
1661979600000,5.791,5.817,5.781,5.813,15477.924146
1661983200000,5.813,5.831,5.759,5.793,58199.53478
1661986800000,5.793,5.793,5.712,5.747,65500.960285
1661990400000,5.746,5.811,5.684,5.752,116211.243191
1661994000000,5.751,5.782,5.739,5.762,53976.890719
1661997600000,5.763,5.798,5.737,5.75,94975.289587
1662001200000,5.75,5.795,5.706,5.756,74626.846111
1662004800000,5.756,5.77,5.724,5.752,49116.822875
1662008400000,5.752,5.787,5.745,5.755,58623.041705
1662012000000,5.756,5.76,5.716,5.728,96319.939987
1662015600000,5.727,5.727,5.656,5.699,204816.282513
1662019200000,5.7,5.722,5.675,5.718,98600.062295
1662022800000,5.717,5.755,5.693,5.743,160625.214858
1662026400000,5.743,5.769,5.736,5.766,92769.86879
1662030000000,5.765,5.806,5.75,5.789,142515.381265
1662033600000,5.79,5.793,5.712,5.744,99198.065533
1662037200000,5.745,5.767,5.72,5.751,37809.280903
1662040800000,5.749,5.753,5.6,5.633,201718.019499
1662044400000,5.632,5.696,5.622,5.671,94686.249983
1662048000000,5.671,5.679,5.623,5.665,85219.448
1662051600000,5.665,5.712,5.647,5.663,132550.425013
1662055200000,5.663,5.709,5.66,5.677,53258.440322
1662058800000,5.677,5.718,5.677,5.718,44142.604095
1662062400000,5.719,5.75,5.711,5.744,42915.214276
1662066000000,5.745,5.76,5.734,5.755,41403.029426
1662069600000,5.755,5.789,5.746,5.75,80983.802918
1662073200000,5.752,5.78,5.735,5.775,93993.316154
1662076800000,5.775,5.859,5.756,5.768,211194.947184
1662080400000,5.77,5.791,5.73,5.757,97073.013615
1662084000000,5.753,5.768,5.71,5.75,53582.669498
1662087600000,5.75,5.82,5.75,5.805,159265.207584
1662091200000,5.805,5.842,5.786,5.795,80030.718213
1662094800000,5.795,5.798,5.759,5.788,61081.1495
1662098400000,5.788,5.788,5.758,5.782,58445.343048
1662102000000,5.783,5.797,5.767,5.79,37058.561171
1662105600000,5.79,5.798,5.76,5.775,62784.474714
1662109200000,5.775,5.793,5.76,5.784,59306.538603
1662112800000,5.784,5.81,5.755,5.773,88183.059055
1662116400000,5.772,5.779,5.72,5.769,81569.270984
1662120000000,5.769,5.86,5.735,5.834,286244.961227
1662123600000,5.834,5.938,5.827,5.871,241197.352744
1662127200000,5.871,5.96,5.846,5.925,194513.221551
1662130800000,5.925,5.954,5.899,5.928,115372.702738
1662134400000,5.929,5.989,5.852,5.864,335003.838416
1662138000000,5.863,5.88,5.741,5.755,184658.06384
1662141600000,5.754,5.801,5.732,5.781,125820.048419
1662145200000,5.78,5.789,5.69,5.748,221630.219497
1662148800000,5.747,5.769,5.711,5.767,50687.254221
1662152400000,5.767,5.785,5.759,5.783,27612.65487
1662156000000,5.784,5.816,5.746,5.798,55696.10114
1662159600000,5.797,5.839,5.779,5.824,78207.996446
1662163200000,5.824,5.888,5.796,5.837,253722.156325
1662166800000,5.838,5.91,5.814,5.865,130578.834744
1662170400000,5.865,5.876,5.821,5.873,87722.206121
1662174000000,5.873,5.89,5.834,5.886,104506.349266
1662177600000,5.887,6.25,5.887,6.244,888895.902892
1662181200000,6.244,6.538,6.205,6.47,1439383.255214
1662184800000,6.471,6.59,6.404,6.51,761573.489045
1662188400000,6.511,6.521,6.298,6.344,634663.003122
1662192000000,6.344,6.39,6.243,6.363,486053.628984
1662195600000,6.363,6.449,6.341,6.408,267612.612921
1662199200000,6.409,6.496,6.402,6.464,298234.259535
1662202800000,6.464,6.483,6.38,6.405,243534.989573
1662206400000,6.404,6.527,6.396,6.473,280985.114341
1662210000000,6.472,6.647,6.46,6.507,737019.121201
1662213600000,6.506,6.51,6.451,6.478,266883.867166
1662217200000,6.478,6.572,6.478,6.557,250909.510471
1662220800000,6.558,6.561,6.412,6.468,286089.065323
1662224400000,6.469,6.479,6.426,6.456,136297.405336
1662228000000,6.457,6.457,6.358,6.418,173129.768578
1662231600000,6.418,6.547,6.36,6.43,219999.994993
1662235200000,6.429,6.48,6.398,6.471,95089.314915
1662238800000,6.47,6.498,6.454,6.47,27216.674288
1662242400000,6.471,6.505,6.459,6.472,109398.037465
1662246000000,6.471,6.529,6.45,6.511,85264.132319
1662249600000,6.511,6.647,6.35,6.394,475994.989251
1662253200000,6.394,6.427,6.306,6.348,170467.904754
1662256800000,6.349,6.36,6.268,6.326,226276.153743
1662260400000,6.326,6.334,6.257,6.295,189079.036593
1662264000000,6.294,6.337,6.287,6.333,246925.997376
1662267600000,6.332,6.342,6.3,6.318,88258.220125
1662271200000,6.318,6.369,6.17,6.236,317397.382998
1662274800000,6.236,6.255,6.21,6.22,106492.239393
1662278400000,6.22,6.272,6.189,6.256,171957.097917
1662282000000,6.256,6.284,6.243,6.247,88343.083749
1662285600000,6.247,6.252,6.204,6.225,89895.859819
1662289200000,6.226,6.272,6.214,6.27,73682.138913
1662292800000,6.271,6.321,6.226,6.28,191777.332142
1662296400000,6.28,6.285,6.168,6.189,149846.51758
1662300000000,6.189,6.207,6.137,6.205,115272.422578
1662303600000,6.206,6.222,6.169,6.219,112078.64137
1662307200000,6.219,6.234,6.188,6.213,83446.793823
1662310800000,6.213,6.236,6.206,6.234,56076.483
1662314400000,6.233,6.25,6.209,6.225,37939.023781
1662318000000,6.225,6.257,6.221,6.246,37132.77502
1662321600000,6.246,6.272,6.229,6.264,27996.210136
1662325200000,6.263,6.269,6.223,6.239,33034.75766
1662328800000,6.239,6.251,6.207,6.233,72613.592351
1662332400000,6.234,6.267,6.219,6.267,160674.916266
1662336000000,6.266,6.336,6.235,6.247,286885.79698
1662339600000,6.247,6.271,6.176,6.206,91895.831235
1662343200000,6.206,6.242,6.186,6.232,81023.645114
1662346800000,6.233,6.236,6.205,6.208,58063.390496
1662350400000,6.209,6.233,6.176,6.228,42510.976762
1662354000000,6.229,6.231,6.075,6.13,338995.422553
1662357600000,6.129,6.14,6.11,6.133,92804.735017
1662361200000,6.133,6.134,6.056,6.101,128269.131618
1662364800000,6.101,6.104,6.075,6.092,93042.855207
1662368400000,6.091,6.098,5.962,6.009,330317.099797
1662372000000,6.01,6.024,5.92,5.954,171433.216956
1662375600000,5.953,5.976,5.936,5.959,106221.46205
1662379200000,5.96,5.991,5.93,5.98,88513.740969
1662382800000,5.98,6.023,5.973,6.004,134792.006473
1662386400000,6.004,6.091,5.99,6.084,169870.798142
1662390000000,6.084,6.1,6.042,6.075,139269.159201
1662393600000,6.075,6.093,6.042,6.061,81333.741529
1662397200000,6.061,6.077,6.039,6.044,136666.908678
1662400800000,6.046,6.057,5.989,6.033,99382.537592
1662404400000,6.033,6.034,6.013,6.016,56121.07535
1662408000000,6.016,6.057,6.016,6.044,57927.112069
1662411600000,6.044,6.069,6.023,6.06,23653.773357
1662415200000,6.059,6.109,6.044,6.096,90005.361911
1662418800000,6.096,6.179,6.058,6.141,171802.501842
1662422400000,6.142,6.288,6.118,6.232,344918.816543
1662426000000,6.232,6.3,6.116,6.116,380098.928435
1662429600000,6.116,6.181,6.033,6.175,332338.485771
1662433200000,6.176,6.199,6.117,6.165,158400.864753
1662436800000,6.165,6.204,6.13,6.149,90088.243297
1662440400000,6.149,6.208,6.143,6.174,86041.59885
1662444000000,6.174,6.212,6.157,6.19,104258.829119
1662447600000,6.19,6.231,6.162,6.174,181967.418019
1662451200000,6.174,6.198,6.151,6.197,95225.709624
1662454800000,6.198,6.198,6.085,6.149,110870.428431
1662458400000,6.148,6.17,6.132,6.151,55518.500722
1662462000000,6.152,6.28,6.111,6.273,213381.156735
1662465600000,6.272,6.273,6.157,6.157,190608.788064
1662469200000,6.156,6.193,6.059,6.105,188142.038907
1662472800000,6.104,6.13,6.036,6.118,168671.758985
1662476400000,6.117,6.136,6.088,6.119,97550.5717
1662480000000,6.121,6.136,6.051,6.068,144318.555484
1662483600000,6.068,6.069,5.619,5.7,1334329.689636
1662487200000,5.704,5.704,5.625,5.635,264008.03171
1662490800000,5.637,5.685,5.596,5.652,211759.403587
1662494400000,5.652,5.665,5.523,5.648,268787.430498
1662498000000,5.648,5.648,5.601,5.624,85410.422994
1662501600000,5.623,5.669,5.591,5.649,182132.196132
1662505200000,5.649,5.658,5.591,5.602,205401.040832
1662508800000,5.602,5.665,5.566,5.657,265403.903295
1662512400000,5.657,5.661,5.606,5.642,90256.963323
1662516000000,5.641,5.652,5.526,5.577,187770.553919
1662519600000,5.578,5.646,5.569,5.646,136097.557108
1662523200000,5.646,5.69,5.625,5.677,106912.672939
1662526800000,5.675,5.71,5.666,5.687,104947.996673
1662530400000,5.687,5.72,5.666,5.689,103432.762559
1662534000000,5.69,5.715,5.68,5.707,103978.62992
1662537600000,5.707,5.753,5.705,5.748,95835.806066
1662541200000,5.748,5.757,5.715,5.725,115901.042803
1662544800000,5.73,5.735,5.68,5.693,99750.395859
1662548400000,5.693,5.718,5.66,5.693,83278.312963
1662552000000,5.695,5.719,5.637,5.708,119963.482451
1662555600000,5.709,5.8,5.709,5.752,197290.404258
1662559200000,5.752,5.799,5.745,5.771,138770.231877
1662562800000,5.772,5.796,5.755,5.793,66994.518058
1662566400000,5.795,5.818,5.757,5.782,84657.562463
1662570000000,5.782,5.85,5.781,5.831,94102.301389
1662573600000,5.833,5.846,5.787,5.803,78831.515688
1662577200000,5.804,5.828,5.783,5.785,42595.996076
1662580800000,5.786,5.94,5.786,5.925,224131.035983
1662584400000,5.925,5.94,5.871,5.877,58605.575831
1662588000000,5.878,5.919,5.861,5.882,76310.7785
1662591600000,5.881,5.908,5.831,5.856,87592.948576
1662595200000,5.857,5.955,5.85,5.898,155454.194595
1662598800000,5.899,5.914,5.857,5.865,94931.643139
1662602400000,5.865,5.911,5.865,5.879,87582.292766
1662606000000,5.879,5.892,5.846,5.862,71358.922062
1662609600000,5.862,5.915,5.853,5.866,102690.167322
1662613200000,5.866,5.875,5.85,5.875,80757.120321
1662616800000,5.875,5.9,5.835,5.843,81484.747562
1662620400000,5.844,5.854,5.726,5.797,254354.810026
1662624000000,5.797,5.822,5.783,5.815,62563.835527
1662627600000,5.815,5.815,5.76,5.794,100179.104161
1662631200000,5.793,5.856,5.775,5.828,117349.65406
1662634800000,5.827,5.847,5.797,5.805,74899.497849
1662638400000,5.806,5.843,5.735,5.763,164847.902394
1662642000000,5.761,5.825,5.702,5.795,248643.434355
1662645600000,5.797,5.865,5.768,5.863,149379.520007
1662649200000,5.862,5.866,5.789,5.799,136502.882303
1662652800000,5.799,5.802,5.736,5.774,176150.848306
1662656400000,5.774,5.81,5.75,5.787,74195.784391
1662660000000,5.787,5.82,5.779,5.819,50065.747477
1662663600000,5.82,5.866,5.8,5.862,54271.508959
1662667200000,5.863,5.884,5.84,5.86,72387.674859
1662670800000,5.858,5.859,5.819,5.829,26298.819621
1662674400000,5.831,5.85,5.812,5.845,46827.747417
1662678000000,5.844,5.868,5.831,5.861,43317.128139
1662681600000,5.862,5.92,5.852,5.907,154678.495538
1662685200000,5.908,5.969,5.895,5.9,125016.486861
1662688800000,5.901,5.948,5.901,5.908,97550.444837
1662692400000,5.91,6.021,5.902,5.999,244099.325019
1662696000000,6,6.097,5.973,6.093,411363.136995
1662699600000,6.093,6.177,6.058,6.155,270806.060147
1662703200000,6.155,6.186,6.115,6.131,218544.586386
1662706800000,6.132,6.14,6.08,6.096,159837.038035
1662710400000,6.096,6.187,6.096,6.166,247309.369376
1662714000000,6.168,6.175,6.094,6.134,138441.879854
1662717600000,6.132,6.21,6.124,6.195,238991.813929
1662721200000,6.195,6.399,6.105,6.242,657630.007998
1662724800000,6.242,6.487,6.238,6.33,871447.193835
1662728400000,6.331,6.34,6.241,6.328,400991.844843
1662732000000,6.327,6.363,6.263,6.333,216656.355954
1662735600000,6.331,6.35,6.292,6.335,170431.428553
1662739200000,6.334,6.414,6.262,6.377,329446.134963
1662742800000,6.374,6.406,6.244,6.276,220447.085749
1662746400000,6.276,6.298,6.262,6.278,99348.37234
1662750000000,6.279,6.336,6.273,6.303,69998.408347
1662753600000,6.302,6.458,6.291,6.424,138793.350012
1662757200000,6.423,6.479,6.38,6.383,76512.030151
1662760800000,6.383,6.45,6.354,6.362,117025.951755
1662764400000,6.365,6.453,6.283,6.379,270133.074059
1662768000000,6.381,6.407,6.309,6.382,180366.548199
1662771600000,6.384,6.437,6.325,6.34,127668.586892
1662775200000,6.339,6.377,6.312,6.374,107702.030596
1662778800000,6.374,6.393,6.323,6.327,127726.871216
1662782400000,6.328,6.389,6.262,6.296,172354.95454
1662786000000,6.299,6.381,6.286,6.353,150566.859115
1662789600000,6.354,6.56,6.354,6.486,371213.902546
1662793200000,6.484,6.489,6.246,6.299,308038.25435
1662796800000,6.299,6.391,6.289,6.327,202727.938215
1662800400000,6.328,6.355,6.318,6.331,96963.474762
1662804000000,6.329,6.356,6.266,6.355,206096.878856
1662807600000,6.354,6.364,6.305,6.305,137018.795085
1662811200000,6.307,6.388,6.25,6.386,309569.460729
1662814800000,6.388,6.388,6.207,6.257,344751.525699
1662818400000,6.257,6.298,6.239,6.259,151062.788606
1662822000000,6.259,6.295,6.231,6.247,121744.451191
1662825600000,6.246,6.314,6.224,6.287,178384.856166
1662829200000,6.288,6.295,6.251,6.257,89864.204581
1662832800000,6.26,6.315,6.255,6.293,79222.414098
1662836400000,6.291,6.322,6.279,6.308,45740.952759
1662840000000,6.308,6.32,6.264,6.296,62998.348051
1662843600000,6.296,6.364,6.286,6.323,54729.969912
1662847200000,6.325,6.41,6.321,6.386,121298.646068
1662850800000,6.385,6.44,6.353,6.355,179868.109176
1662854400000,6.355,6.401,6.336,6.361,104388.230074
1662858000000,6.363,6.396,6.334,6.359,110898.170469
1662861600000,6.357,6.402,6.33,6.402,177692.769646
1662865200000,6.401,6.401,6.357,6.387,152391.55475
1662868800000,6.386,6.402,6.332,6.334,113770.466374
1662872400000,6.335,6.357,6.303,6.32,73086.798941
1662876000000,6.32,6.333,6.15,6.241,305011.402011
1662879600000,6.239,6.301,6.234,6.294,101295.75926
1662883200000,6.294,6.328,6.263,6.307,97221.285957
1662886800000,6.307,6.319,6.268,6.284,97056.415391
1662890400000,6.284,6.327,6.282,6.295,111274.46263
1662894000000,6.295,6.344,6.295,6.326,85363.023316
1662897600000,6.324,6.989,6.305,6.779,2110959.341484
1662901200000,6.78,6.837,6.617,6.709,825661.694012
1662904800000,6.708,6.723,6.637,6.649,285645.709895
1662908400000,6.651,6.68,6.615,6.655,246690.586408
1662912000000,6.655,6.677,6.563,6.573,242467.676402
1662915600000,6.576,6.593,6.487,6.494,190073.375938
1662919200000,6.492,6.495,6.386,6.418,216537.679988
1662922800000,6.414,6.447,6.395,6.417,102783.416736
1662926400000,6.416,6.421,6.313,6.367,238356.438905
1662930000000,6.367,6.404,6.26,6.316,255076.127431
1662933600000,6.318,6.426,6.318,6.394,155421.992869
1662937200000,6.393,6.42,6.346,6.413,161425.444471
1662940800000,6.413,6.524,6.371,6.373,463925.60497
1662944400000,6.374,6.649,6.363,6.574,463019.936402
1662948000000,6.574,6.599,6.371,6.402,521510.409488
1662951600000,6.401,6.444,6.325,6.371,405028.194312
1662955200000,6.371,6.414,6.364,6.397,105505.57368
1662958800000,6.396,6.469,6.362,6.449,311661.139666
1662962400000,6.447,6.481,6.412,6.477,132906.614738
1662966000000,6.475,6.557,6.455,6.523,331814.949069
1662969600000,6.523,6.596,6.466,6.553,275545.159731
1662973200000,6.551,6.565,6.492,6.507,159002.658305
1662976800000,6.505,6.623,6.438,6.562,236932.605176
1662980400000,6.563,6.593,6.533,6.556,185340.547075
1662984000000,6.554,6.561,6.489,6.528,112611.66016
1662987600000,6.528,6.581,6.492,6.543,112984.447206
1662991200000,6.544,6.77,6.532,6.621,627503.482003
1662994800000,6.622,6.796,6.515,6.593,843674.604911
1662998400000,6.594,6.605,6.324,6.47,594070.489868
1663002000000,6.467,6.548,6.406,6.536,150122.852024
1663005600000,6.536,6.553,6.472,6.529,175855.271233
1663009200000,6.528,6.579,6.508,6.522,133103.892295
1663012800000,6.524,6.583,6.495,6.564,143590.966645
1663016400000,6.565,6.587,6.499,6.553,58460.438794
1663020000000,6.552,6.656,6.52,6.564,395462.319574
1663023600000,6.563,6.6,6.523,6.551,249966.129805
1663027200000,6.55,6.552,6.331,6.425,738626.116338
1663030800000,6.425,6.493,6.356,6.395,287959.002095
1663034400000,6.393,6.437,6.325,6.429,175587.56005
1663038000000,6.427,6.484,6.385,6.465,155915.698155
1663041600000,6.463,6.476,6.412,6.422,136029.959952
1663045200000,6.423,6.463,6.408,6.421,76013.718623
1663048800000,6.42,6.495,6.376,6.414,204494.485765
1663052400000,6.412,6.464,6.403,6.438,199112.534593
1663056000000,6.443,6.456,6.363,6.402,136681.59357
1663059600000,6.4,6.432,6.366,6.394,202893.671285
1663063200000,6.391,6.45,6.359,6.425,187375.237022
1663066800000,6.427,6.476,6.418,6.448,216456.757261
1663070400000,6.446,6.49,6,6.058,1545865.139845
1663074000000,6.056,6.11,6.017,6.053,559448.183327
1663077600000,6.053,6.115,6,6.043,332620.533243
1663081200000,6.043,6.111,6.037,6.073,229941.440661
1663084800000,6.074,6.112,6.04,6.083,202626.401565
1663088400000,6.082,6.097,6.013,6.032,193878.449099
1663092000000,6.032,6.032,5.86,5.884,270833.462632
1663095600000,5.883,5.963,5.852,5.945,194744.525441
1663099200000,5.945,5.968,5.92,5.925,107755.807962
1663102800000,5.925,5.931,5.81,5.888,114613.863545
1663106400000,5.887,5.89,5.812,5.857,169432.740609
1663110000000,5.857,5.879,5.813,5.869,129427.504567
1663113600000,5.867,5.92,5.826,5.914,186138.220063
1663117200000,5.915,5.965,5.905,5.938,118315.425151
1663120800000,5.937,5.975,5.928,5.96,102312.934839
1663124400000,5.959,5.982,5.937,5.962,138410.238035
1663128000000,5.961,5.986,5.942,5.975,103144.177966
1663131600000,5.974,5.98,5.926,5.937,81010.851314
1663135200000,5.94,5.956,5.864,5.896,157290.894887
1663138800000,5.897,5.929,5.77,5.852,270345.940368
1663142400000,5.853,5.895,5.806,5.886,199188.917485
1663146000000,5.888,5.912,5.87,5.893,96926.416055
1663149600000,5.893,5.903,5.878,5.893,76236.82945
1663153200000,5.893,5.91,5.82,5.865,94519.459669
1663156800000,5.865,5.959,5.808,5.906,216252.394837
1663160400000,5.905,5.931,5.828,5.897,156452.381723
1663164000000,5.896,5.905,5.847,5.894,95612.276723
1663167600000,5.894,5.904,5.862,5.886,98961.638719
1663171200000,5.886,5.886,5.81,5.847,132104.862519
1663174800000,5.846,5.913,5.836,5.855,132119.144856
1663178400000,5.855,5.861,5.748,5.828,161059.480794
1663182000000,5.831,5.908,5.823,5.905,61804.003637
1663185600000,5.904,5.908,5.863,5.88,40589.224288
1663189200000,5.877,5.947,5.855,5.939,63197.083295
1663192800000,5.939,6.03,5.916,5.972,172746.542696
1663196400000,5.972,5.987,5.939,5.958,82752.045811
1663200000000,5.957,5.975,5.892,5.934,119864.040914
1663203600000,5.933,5.943,5.852,5.911,130103.231149
1663207200000,5.909,5.912,5.8,5.845,146694.464801
1663210800000,5.846,5.849,5.76,5.8,148578.928504
1663214400000,5.8,5.827,5.762,5.802,111600.139355
1663218000000,5.801,5.859,5.791,5.854,89585.43972
1663221600000,5.855,5.928,5.756,5.886,325417.230084
1663225200000,5.884,5.95,5.873,5.913,199468.793138
1663228800000,5.912,5.913,5.846,5.883,111648.198556
1663232400000,5.882,5.898,5.852,5.869,66738.381767
1663236000000,5.868,5.9,5.833,5.844,96172.14712
1663239600000,5.844,5.875,5.827,5.864,43955.571276
1663243200000,5.866,5.9,5.841,5.881,114015.772897
1663246800000,5.881,5.888,5.823,5.88,135305.148856
1663250400000,5.879,5.889,5.7,5.715,405166.413445
1663254000000,5.715,5.76,5.656,5.725,325968.285158
1663257600000,5.726,5.777,5.708,5.775,148219.630432
1663261200000,5.774,5.797,5.773,5.792,79866.747849
1663264800000,5.789,5.805,5.758,5.767,38811.057893
1663268400000,5.769,5.805,5.754,5.787,48814.960064
1663272000000,5.787,5.805,5.771,5.804,40768.950346
1663275600000,5.803,5.805,5.76,5.773,43205.041325
1663279200000,5.771,5.774,5.639,5.687,197209.46078
1663282800000,5.686,5.728,5.648,5.725,98346.58225
1663286400000,5.725,5.767,5.645,5.754,147196.366905
1663290000000,5.755,5.768,5.717,5.736,145698.156359
1663293600000,5.738,5.747,5.671,5.715,152857.366721
1663297200000,5.716,5.746,5.701,5.745,88476.413986
1663300800000,5.745,5.776,5.737,5.74,127057.410821
1663304400000,5.739,5.77,5.739,5.751,106286.123243
1663308000000,5.75,5.773,5.736,5.748,84882.241521
1663311600000,5.749,5.756,5.727,5.733,121693.898285
1663315200000,5.733,5.736,5.658,5.674,207240.120034
1663318800000,5.672,5.733,5.671,5.726,79716.527141
1663322400000,5.725,5.777,5.719,5.755,99450.916864
1663326000000,5.757,5.798,5.74,5.792,103280.745887
1663329600000,5.792,5.792,5.742,5.752,61818.489155
1663333200000,5.754,5.767,5.661,5.687,151297.483535
1663336800000,5.684,5.782,5.671,5.75,166289.88793
1663340400000,5.747,5.797,5.737,5.771,133696.492177
1663344000000,5.771,5.771,5.673,5.729,124600.652576
1663347600000,5.73,5.756,5.677,5.724,119219.749244
1663351200000,5.724,5.746,5.68,5.725,85682.527837
1663354800000,5.727,5.758,5.72,5.747,40956.443019
1663358400000,5.745,5.794,5.745,5.789,63765.569582
1663362000000,5.791,5.795,5.776,5.789,34829.690824
1663365600000,5.789,5.856,5.784,5.833,119089.781927
1663369200000,5.833,5.837,5.798,5.826,85322.201382
1663372800000,5.825,5.958,5.817,5.884,315223.804656
1663376400000,5.884,5.918,5.874,5.911,120055.51127
1663380000000,5.909,5.92,5.869,5.872,188246.799234
1663383600000,5.872,5.88,5.848,5.866,55659.56072
1663387200000,5.866,5.9,5.866,5.872,57142.258893
1663390800000,5.871,5.872,5.81,5.827,121842.341997
1663394400000,5.826,5.841,5.803,5.822,53084.866936
1663398000000,5.823,5.832,5.806,5.831,51348.593186
1663401600000,5.831,5.845,5.827,5.833,46489.52286
1663405200000,5.833,5.856,5.829,5.839,67599.077031
1663408800000,5.839,5.847,5.792,5.822,67370.470089
1663412400000,5.822,5.849,5.82,5.824,48819.443869
1663416000000,5.823,5.841,5.795,5.841,60377.653716
1663419600000,5.841,5.857,5.826,5.854,69386.556524
1663423200000,5.855,5.897,5.851,5.886,144018.247433
1663426800000,5.887,5.894,5.864,5.876,75695.096028
1663430400000,5.877,5.933,5.877,5.907,99231.186736
1663434000000,5.908,5.928,5.881,5.894,57724.309384
1663437600000,5.893,5.9,5.876,5.889,32294.850395
1663441200000,5.887,5.887,5.855,5.86,28504.353879
1663444800000,5.86,5.867,5.84,5.861,35464.070304
1663448400000,5.861,5.866,5.848,5.853,16355.215806
1663452000000,5.853,5.9,5.838,5.893,33020.073768
1663455600000,5.893,5.922,5.876,5.91,58697.05244
1663459200000,5.911,5.918,5.836,5.866,91735.935792
1663462800000,5.865,5.892,5.847,5.872,60947.520727
1663466400000,5.872,5.892,5.86,5.862,69989.609675
1663470000000,5.864,5.87,5.824,5.841,63566.92355
1663473600000,5.842,5.857,5.834,5.845,40402.247824
1663477200000,5.846,5.874,5.845,5.866,42620.151746
1663480800000,5.867,5.869,5.848,5.851,49970.571763
1663484400000,5.852,5.859,5.836,5.844,53914.96878
1663488000000,5.844,5.857,5.837,5.851,56594.176095
1663491600000,5.853,5.916,5.721,5.73,297920.204976
1663495200000,5.727,5.805,5.709,5.763,172996.271814
1663498800000,5.764,5.789,5.76,5.765,63988.015498
1663502400000,5.765,5.796,5.729,5.79,85981.509008
1663506000000,5.791,5.795,5.765,5.771,55120.967781
1663509600000,5.772,5.772,5.706,5.738,174643.036672
1663513200000,5.737,5.772,5.72,5.738,94792.768316
1663516800000,5.738,5.777,5.65,5.777,248859.435249
1663520400000,5.777,5.777,5.665,5.677,177422.210392
1663524000000,5.676,5.724,5.654,5.692,96827.358844
1663527600000,5.692,5.718,5.668,5.696,67717.684617
1663531200000,5.696,5.699,5.64,5.677,94229.610362
1663534800000,5.676,5.677,5.04,5.27,1417860.865189
1663538400000,5.269,5.286,5.191,5.267,387263.472694
1663542000000,5.266,5.299,5.232,5.261,281432.450519
1663545600000,5.26,5.356,5.234,5.316,398214.130216
1663549200000,5.318,5.355,5.304,5.327,227832.356053
1663552800000,5.328,5.335,5.134,5.236,623421.597903
1663556400000,5.235,5.274,5.201,5.244,311857.49291
1663560000000,5.244,5.299,5.241,5.275,201212.973609
1663563600000,5.274,5.325,5.245,5.273,257052.056305
1663567200000,5.273,5.32,5.233,5.27,222782.372176
1663570800000,5.27,5.318,5.238,5.308,176835.691927
1663574400000,5.308,5.313,5.253,5.259,140098.048477
1663578000000,5.259,5.288,5.239,5.282,103052.369164
1663581600000,5.283,5.345,5.277,5.335,158083.667544
1663585200000,5.336,5.345,5.292,5.321,130168.547473
1663588800000,5.322,5.381,5.312,5.365,201717.418281
1663592400000,5.365,5.418,5.323,5.404,261033.525431
1663596000000,5.404,5.459,5.37,5.419,273195.910975
1663599600000,5.42,5.436,5.394,5.406,157336.027738
1663603200000,5.407,5.467,5.398,5.451,177961.355249
1663606800000,5.452,5.455,5.377,5.393,98042.44861
1663610400000,5.393,5.447,5.39,5.443,74673.091534
1663614000000,5.444,5.508,5.444,5.492,160894.207685
1663617600000,5.492,5.515,5.47,5.477,70951.50925
1663621200000,5.477,5.52,5.46,5.46,55564.911307
1663624800000,5.46,5.519,5.457,5.495,108769.112118
1663628400000,5.495,5.511,5.466,5.474,71095.785606
1663632000000,5.476,5.516,5.446,5.463,118382.700758
1663635600000,5.464,5.466,5.426,5.438,107140.999963
1663639200000,5.438,5.491,5.422,5.455,113695.695359
1663642800000,5.455,5.47,5.384,5.444,144513.436083
1663646400000,5.444,5.446,5.42,5.434,57560.881482
1663650000000,5.433,5.475,5.431,5.431,74963.123404
1663653600000,5.432,5.439,5.408,5.437,61196.733966
1663657200000,5.437,5.491,5.422,5.447,138039.9456
1663660800000,5.447,5.47,5.428,5.431,90614.149255
1663664400000,5.431,5.434,5.381,5.397,131281.082622
1663668000000,5.397,5.424,5.359,5.423,105018.782626
1663671600000,5.422,5.431,5.386,5.391,83706.217452
1663675200000,5.391,5.415,5.374,5.388,92922.788865
1663678800000,5.387,5.393,5.306,5.356,185421.750748
1663682400000,5.357,5.395,5.325,5.39,144733.266428
1663686000000,5.39,5.433,5.369,5.424,134637.307442
1663689600000,5.424,5.438,5.38,5.384,146910.577338
1663693200000,5.384,5.394,5.297,5.311,145492.776794
1663696800000,5.309,5.347,5.304,5.338,99834.086375
1663700400000,5.338,5.366,5.33,5.352,74238.963313
1663704000000,5.353,5.372,5.317,5.324,79469.4674
1663707600000,5.324,5.354,5.298,5.308,48173.120779
1663711200000,5.307,5.344,5.303,5.334,82639.26121
1663714800000,5.333,5.334,5.268,5.313,173937.665083
1663718400000,5.313,5.36,5.29,5.353,170755.325446
1663722000000,5.353,5.359,5.316,5.323,164604.280357
1663725600000,5.323,5.366,5.318,5.344,111348.683884
1663729200000,5.346,5.358,5.337,5.337,49190.935185
1663732800000,5.338,5.352,5.327,5.35,70890.937339
1663736400000,5.351,5.361,5.304,5.313,114016.476021
1663740000000,5.313,5.33,5.181,5.226,354839.328747
1663743600000,5.228,5.249,5.196,5.246,134902.167906
1663747200000,5.247,5.255,5.222,5.243,99020.418455
1663750800000,5.242,5.291,5.235,5.285,113387.498321
1663754400000,5.286,5.309,5.276,5.306,89642.056162
1663758000000,5.306,5.342,5.298,5.336,78825.732623
1663761600000,5.335,5.345,5.302,5.335,118850.786855
1663765200000,5.336,5.35,5.313,5.33,118102.381909
1663768800000,5.33,5.393,5.312,5.319,152203.57868
1663772400000,5.318,5.327,5.28,5.305,136865.24027
1663776000000,5.304,5.324,5.282,5.295,103237.725696
1663779600000,5.294,5.407,5.28,5.403,228353.207239
1663783200000,5.398,5.616,5.223,5.543,1208894.573419
1663786800000,5.546,5.56,5.356,5.368,328935.04655
1663790400000,5.366,5.373,5.287,5.343,271867.624957
1663794000000,5.343,5.343,5.105,5.178,300028.103036
1663797600000,5.175,5.227,5.113,5.223,247539.91814
1663801200000,5.222,5.286,5.198,5.246,261945.008487
1663804800000,5.245,5.296,5.234,5.24,199554.713157
1663808400000,5.24,5.305,5.237,5.305,135074.456768
1663812000000,5.302,5.345,5.299,5.325,159988.644676
1663815600000,5.325,5.339,5.301,5.302,123928.268843
1663819200000,5.302,5.361,5.301,5.35,133618.301207
1663822800000,5.35,5.428,5.346,5.395,189962.477797
1663826400000,5.395,5.43,5.371,5.394,176660.495256
1663830000000,5.393,5.477,5.383,5.466,205191.088189
1663833600000,5.465,5.529,5.447,5.484,286636.224725
1663837200000,5.484,5.511,5.446,5.48,163840.893422
1663840800000,5.481,5.513,5.464,5.479,153869.775879
1663844400000,5.479,5.502,5.453,5.492,134731.563509
1663848000000,5.493,5.516,5.46,5.488,156919.809004
1663851600000,5.489,5.495,5.385,5.395,244472.894135
1663855200000,5.394,5.468,5.368,5.375,131973.176428
1663858800000,5.375,5.432,5.366,5.425,119016.777845
1663862400000,5.424,5.459,5.371,5.439,141303.29347
1663866000000,5.439,5.467,5.412,5.44,52121.176819
1663869600000,5.441,5.49,5.43,5.46,63099.452101
1663873200000,5.461,5.54,5.461,5.498,95646.101544
1663876800000,5.499,5.52,5.487,5.498,73863.940511
1663880400000,5.499,5.509,5.466,5.466,42904.947016
1663884000000,5.466,5.529,5.466,5.513,93204.24653
1663887600000,5.512,5.57,5.506,5.525,166464.865526
1663891200000,5.525,5.555,5.489,5.49,116603.253876
1663894800000,5.492,5.533,5.466,5.531,76218.51117
1663898400000,5.531,5.545,5.507,5.52,82189.115583
1663902000000,5.521,5.586,5.521,5.57,287179.540573
1663905600000,5.569,5.656,5.562,5.642,168306.056659
1663909200000,5.641,5.661,5.575,5.575,141710.254208
1663912800000,5.575,5.631,5.575,5.588,96912.564009
1663916400000,5.586,5.586,5.505,5.518,134526.015387
1663920000000,5.519,5.546,5.465,5.488,241878.935653
1663923600000,5.487,5.515,5.448,5.513,96104.897504
1663927200000,5.512,5.566,5.491,5.517,116628.229557
1663930800000,5.517,5.518,5.442,5.465,151670.365055
1663934400000,5.465,5.523,5.455,5.493,72280.693851
1663938000000,5.492,5.543,5.346,5.353,344779.138579
1663941600000,5.354,5.421,5.324,5.398,232669.993619
1663945200000,5.399,5.491,5.386,5.444,106334.870944
1663948800000,5.444,5.456,5.362,5.424,99432.390734
1663952400000,5.424,5.451,5.397,5.432,51376.910364
1663956000000,5.432,5.459,5.387,5.413,87424.758601
1663959600000,5.412,5.647,5.409,5.643,210232.521301
1663963200000,5.644,5.826,5.618,5.77,450789.062707
1663966800000,5.77,5.775,5.709,5.753,116303.85788
1663970400000,5.753,5.799,5.731,5.732,241917.458024
1663974000000,5.731,5.748,5.67,5.697,168327.37167
1663977600000,5.697,5.756,5.659,5.754,146163.083554
1663981200000,5.755,5.758,5.694,5.712,95229.90105
1663984800000,5.712,5.766,5.681,5.72,255868.029883
1663988400000,5.723,5.741,5.68,5.713,103124.92259
1663992000000,5.712,5.759,5.697,5.74,64077.572808
1663995600000,5.742,5.746,5.705,5.728,47580.709213
1663999200000,5.728,5.78,5.709,5.78,74597.547059
1664002800000,5.779,5.788,5.686,5.708,122768.036459
1664006400000,5.709,5.715,5.646,5.7,91567.363821
1664010000000,5.7,5.737,5.695,5.722,50239.525999
1664013600000,5.722,5.725,5.681,5.711,62969.673201
1664017200000,5.71,5.746,5.692,5.713,75740.591892
1664020800000,5.713,5.752,5.703,5.725,73163.012591
1664024400000,5.725,5.745,5.709,5.716,87173.221442
1664028000000,5.717,5.798,5.711,5.73,227712.301716
1664031600000,5.731,5.74,5.695,5.724,74056.701981
1664035200000,5.724,5.751,5.7,5.702,83928.368984
1664038800000,5.702,5.729,5.655,5.668,93686.79724
1664042400000,5.668,5.688,5.62,5.68,101240.997115
1664046000000,5.679,5.679,5.652,5.656,30368.415772
1664049600000,5.656,5.659,5.608,5.65,42722.848405
1664053200000,5.648,5.652,5.536,5.578,102294.771769
1664056800000,5.576,5.583,5.509,5.556,166347.699654
1664060400000,5.554,5.583,5.537,5.576,94183.510846
1664064000000,5.575,5.628,5.57,5.625,92741.124457
1664067600000,5.625,5.625,5.595,5.6,59450.26289
1664071200000,5.6,5.614,5.59,5.593,32122.926197
1664074800000,5.594,5.624,5.576,5.615,77519.093131
1664078400000,5.616,5.623,5.608,5.623,31162.280234
1664082000000,5.623,5.634,5.59,5.618,68039.604157
1664085600000,5.62,5.626,5.601,5.607,51055.260795
1664089200000,5.607,5.635,5.598,5.616,44093.067899
1664092800000,5.616,5.636,5.613,5.636,45624.425994
1664096400000,5.635,5.652,5.591,5.603,62594.873903
1664100000000,5.603,5.628,5.555,5.613,85994.174344
1664103600000,5.614,5.657,5.612,5.643,62124.76179
1664107200000,5.643,5.674,5.619,5.629,101350.010864
1664110800000,5.628,5.629,5.557,5.603,178396.960824
1664114400000,5.602,5.603,5.538,5.583,160395.985177
1664118000000,5.584,5.61,5.575,5.599,64538.985731
1664121600000,5.598,5.641,5.559,5.571,86398.412998
1664125200000,5.571,5.608,5.512,5.599,146835.291914
1664128800000,5.601,5.888,5.591,5.846,395860.330621
1664132400000,5.848,5.9,5.814,5.834,226860.807758
1664136000000,5.832,5.836,5.735,5.746,106820.060708
1664139600000,5.747,5.751,5.626,5.633,136256.561146
1664143200000,5.632,5.757,5.562,5.691,244102.975229
1664146800000,5.691,5.777,5.683,5.717,150970.035904
1664150400000,5.716,5.804,5.696,5.7,143877.630711
1664154000000,5.699,5.764,5.665,5.731,130644.748311
1664157600000,5.731,5.753,5.682,5.687,85162.958744
1664161200000,5.685,5.706,5.645,5.663,146973.974786
1664164800000,5.662,5.7,5.638,5.638,113719.726778
1664168400000,5.638,5.677,5.619,5.633,170195.115412
1664172000000,5.632,5.659,5.568,5.571,213047.842052
1664175600000,5.571,5.66,5.569,5.637,153587.471434
1664179200000,5.638,5.73,5.622,5.726,178832.326128
1664182800000,5.727,5.743,5.648,5.655,146393.752528
1664186400000,5.656,5.704,5.644,5.667,123540.779175
1664190000000,5.667,5.685,5.518,5.578,289045.637035
1664193600000,5.578,5.658,5.546,5.65,111440.278849
1664197200000,5.649,5.7,5.612,5.678,143675.896849
1664200800000,5.678,5.7,5.651,5.666,120716.867543
1664204400000,5.666,5.676,5.626,5.66,103630.689294
1664208000000,5.659,5.677,5.593,5.625,81339.919801
1664211600000,5.625,5.647,5.602,5.637,50628.501848
1664215200000,5.636,5.691,5.635,5.675,93834.156132
1664218800000,5.677,5.696,5.651,5.664,65852.450365
1664222400000,5.665,5.673,5.655,5.662,31662.971898
1664226000000,5.663,5.681,5.633,5.633,24314.991574
1664229600000,5.633,5.693,5.629,5.657,52124.014051
1664233200000,5.657,5.697,5.655,5.693,51871.712489
1664236800000,5.694,5.735,5.675,5.73,193952.269497
1664240400000,5.729,5.837,5.724,5.812,321287.45685
1664244000000,5.812,5.834,5.785,5.816,197226.449549
1664247600000,5.816,6.156,5.811,6.016,898088.491957
1664251200000,6.016,6.147,5.999,6.07,280600.467123
1664254800000,6.07,6.085,6.029,6.054,145477.475484
1664258400000,6.052,6.116,6.041,6.063,168949.752462
1664262000000,6.061,6.09,5.999,6.017,171366.619561
1664265600000,6.017,6.045,5.954,5.959,180184.555415
1664269200000,5.96,6.026,5.958,6.016,155341.204362
1664272800000,6.016,6.07,6.007,6.029,86468.005865
1664276400000,6.03,6.061,5.984,6.017,135577.890478
1664280000000,6.016,6.054,6.009,6.01,126973.500365
1664283600000,6.01,6.051,5.954,6.015,132491.779309
1664287200000,6.016,6.025,5.967,6.004,149206.852386
1664290800000,6.004,6.026,5.934,5.953,156496.57139
1664294400000,5.954,5.973,5.676,5.723,722311.572232
1664298000000,5.722,5.738,5.646,5.655,352108.059198
1664301600000,5.654,5.699,5.616,5.686,167091.009652
1664305200000,5.685,5.688,5.638,5.671,82603.427159
1664308800000,5.67,5.67,5.6,5.64,145956.301389
1664312400000,5.64,5.68,5.636,5.663,67073.042224
1664316000000,5.661,5.718,5.635,5.714,114862.1322
1664319600000,5.714,5.751,5.709,5.728,149697.522923
1664323200000,5.728,5.787,5.728,5.76,109301.787194
1664326800000,5.76,5.789,5.625,5.69,195932.891698
1664330400000,5.69,5.69,5.55,5.632,329390.801256
1664334000000,5.631,5.689,5.627,5.682,87431.924435
1664337600000,5.683,5.724,5.66,5.694,71396.267352
1664341200000,5.694,5.723,5.667,5.707,72657.470782
1664344800000,5.707,5.725,5.65,5.671,90170.091053
1664348400000,5.672,5.707,5.618,5.687,103752.457378
1664352000000,5.686,5.705,5.669,5.689,56655.793453
1664355600000,5.689,5.692,5.626,5.669,151746.507895
1664359200000,5.669,5.766,5.649,5.72,274285.433681
1664362800000,5.72,5.731,5.695,5.711,74523.686238
1664366400000,5.712,5.759,5.709,5.729,184267.012187
1664370000000,5.728,5.751,5.705,5.736,103970.663766
1664373600000,5.736,5.815,5.703,5.773,205295.703625
1664377200000,5.772,5.801,5.732,5.792,289267.639461
1664380800000,5.793,5.858,5.783,5.785,143714.589867
1664384400000,5.786,5.812,5.737,5.788,110678.276143
1664388000000,5.788,5.898,5.788,5.869,191791.940688
1664391600000,5.869,5.952,5.843,5.907,104592.24683
1664395200000,5.908,5.999,5.908,5.994,155601.040513
1664398800000,5.995,6.06,5.936,5.956,206500.058329
1664402400000,5.957,5.957,5.86,5.874,148612.260198
1664406000000,5.876,5.926,5.836,5.853,136122.639779
1664409600000,5.853,5.905,5.831,5.866,152880.572987
1664413200000,5.867,5.95,5.863,5.904,145477.287526
1664416800000,5.905,5.912,5.855,5.888,203034.127842
1664420400000,5.889,5.895,5.812,5.86,116385.492683
1664424000000,5.86,5.889,5.845,5.868,66652.084682
1664427600000,5.869,5.872,5.777,5.792,164344.934327
1664431200000,5.791,5.815,5.755,5.788,133319.616999
1664434800000,5.789,5.796,5.731,5.763,113087.867032
1664438400000,5.763,5.795,5.747,5.778,93413.616788
1664442000000,5.778,5.82,5.768,5.8,82845.176312
1664445600000,5.799,5.802,5.775,5.785,63354.744366
1664449200000,5.785,5.813,5.772,5.787,67960.612652
1664452800000,5.789,5.794,5.709,5.744,141573.460786
1664456400000,5.744,5.779,5.663,5.716,177107.661571
1664460000000,5.715,5.756,5.666,5.746,93897.181482
1664463600000,5.746,5.763,5.726,5.747,60943.505268
1664467200000,5.746,5.773,5.702,5.737,67800.19815
1664470800000,5.737,5.748,5.692,5.697,48568.36578
1664474400000,5.697,5.736,5.682,5.702,59323.4869
1664478000000,5.702,5.74,5.702,5.732,53318.437106
1664481600000,5.732,5.774,5.732,5.767,35998.802369
1664485200000,5.767,5.796,5.755,5.791,75556.953698
1664488800000,5.792,5.814,5.741,5.75,96926.138745
1664492400000,5.751,5.79,5.751,5.78,49063.464751
1664496000000,5.781,5.819,5.748,5.778,105879.214698
1664499600000,5.779,5.789,5.746,5.777,66468.624907
1664503200000,5.778,5.787,5.735,5.742,79606.230646
1664506800000,5.743,5.763,5.707,5.725,66489.574475
1664510400000,5.725,5.754,5.718,5.74,36977.573056
1664514000000,5.74,5.747,5.726,5.729,32840.760625
1664517600000,5.729,5.749,5.714,5.731,126622.290326
1664521200000,5.732,5.766,5.728,5.754,72789.760529
1664524800000,5.754,5.808,5.753,5.808,80827.39327
1664528400000,5.809,5.811,5.749,5.764,95680.02556
1664532000000,5.763,5.776,5.714,5.732,69903.016845
1664535600000,5.733,5.734,5.677,5.692,106019.436153
1664539200000,5.691,5.745,5.611,5.687,350516.150106
1664542800000,5.685,5.726,5.643,5.716,107832.419151
1664546400000,5.716,5.786,5.701,5.777,144192.589381
1664550000000,5.778,5.838,5.745,5.751,212136.583853
1664553600000,5.751,5.792,5.725,5.746,109120.852072
1664557200000,5.747,5.762,5.67,5.701,101004.680491
1664560800000,5.7,5.73,5.68,5.693,31413.184662
1664564400000,5.692,5.732,5.65,5.671,68003.640156
1664568000000,5.67,5.681,5.631,5.653,89189.588877
1664571600000,5.653,5.66,5.631,5.65,33178.666513
1664575200000,5.649,5.659,5.621,5.657,105037.180145
1664578800000,5.657,5.707,5.643,5.686,98926.651459
1664582400000,5.686,5.696,5.644,5.655,50334.51351
1664586000000,5.654,5.686,5.651,5.685,43049.539696
1664589600000,5.686,5.696,5.673,5.692,42774.92368
1664593200000,5.692,5.698,5.665,5.686,33251.364942
1664596800000,5.686,5.693,5.671,5.686,33937.558363
1664600400000,5.686,5.688,5.652,5.667,43956.813744
1664604000000,5.666,5.666,5.637,5.638,51229.209161
1664607600000,5.639,5.662,5.634,5.658,41777.790204
1664611200000,5.658,5.688,5.657,5.668,37689.802141
1664614800000,5.669,5.678,5.642,5.655,34827.573219
1664618400000,5.656,5.669,5.645,5.66,34394.972327
1664622000000,5.66,5.669,5.61,5.646,69260.124781
1664625600000,5.645,5.647,5.626,5.647,37049.877919
1664629200000,5.648,5.667,5.633,5.635,47143.727803
1664632800000,5.636,5.643,5.614,5.628,74487.410578
1664636400000,5.627,5.633,5.612,5.626,42142.228287
1664640000000,5.627,5.63,5.531,5.568,272066.708358
1664643600000,5.568,5.575,5.537,5.565,62185.150575
1664647200000,5.566,5.582,5.532,5.582,54377.722643
1664650800000,5.581,5.589,5.559,5.581,38708.028999
1664654400000,5.581,5.586,5.549,5.579,38470.43589
1664658000000,5.576,5.592,5.572,5.588,20100.169193
1664661600000,5.587,5.591,5.541,5.553,81746.541923
1664665200000,5.553,5.568,5.468,5.521,282709.547628
1664668800000,5.52,5.543,5.482,5.491,142210.279763
1664672400000,5.491,5.526,5.471,5.52,82766.82459
1664676000000,5.52,5.549,5.519,5.539,67602.562676
1664679600000,5.539,5.542,5.513,5.527,48544.227197
1664683200000,5.527,5.558,5.526,5.558,38888.047119
1664686800000,5.559,5.573,5.524,5.531,64899.7428
1664690400000,5.53,5.551,5.523,5.524,43324.506753
1664694000000,5.524,5.54,5.514,5.536,39724.652508
1664697600000,5.536,5.539,5.514,5.528,43056.304816
1664701200000,5.527,5.536,5.505,5.515,42599.329687
1664704800000,5.515,5.518,5.343,5.419,316627.386469
1664708400000,5.419,5.461,5.405,5.438,71787.266172
1664712000000,5.438,5.451,5.413,5.435,51370.247662
1664715600000,5.434,5.477,5.424,5.45,53325.75191
1664719200000,5.451,5.458,5.412,5.437,45485.778679
1664722800000,5.436,5.449,5.416,5.443,59558.298306
1664726400000,5.443,5.473,5.43,5.444,70706.537118
1664730000000,5.445,5.464,5.43,5.46,39729.541618
1664733600000,5.46,5.462,5.436,5.458,48849.864401
1664737200000,5.459,5.507,5.459,5.479,83243.215152
1664740800000,5.48,5.492,5.47,5.47,34127.003747
1664744400000,5.471,5.473,5.443,5.467,21182.605183
1664748000000,5.467,5.491,5.415,5.432,82938.541732
1664751600000,5.431,5.438,5.34,5.383,197933.929992
1664755200000,5.382,5.395,5.288,5.389,185569.992943
1664758800000,5.388,5.465,5.386,5.46,99122.124536
1664762400000,5.46,5.473,5.424,5.428,67439.026477
1664766000000,5.429,5.446,5.422,5.426,41053.509533
1664769600000,5.427,5.432,5.372,5.38,45261.238631
1664773200000,5.378,5.425,5.358,5.419,63358.500605
1664776800000,5.419,5.438,5.411,5.423,55451.209544
1664780400000,5.423,5.443,5.399,5.43,57499.066433
1664784000000,5.431,5.433,5.413,5.425,43852.742072
1664787600000,5.425,5.441,5.407,5.441,31339.670326
1664791200000,5.441,5.462,5.424,5.458,40890.270669
1664794800000,5.458,5.481,5.444,5.481,29932.158228
1664798400000,5.481,5.485,5.448,5.475,54583.466186
1664802000000,5.476,5.492,5.439,5.473,122259.704216
1664805600000,5.474,5.544,5.474,5.514,144569.298116
1664809200000,5.517,5.541,5.494,5.509,84413.929179
1664812800000,5.51,5.525,5.488,5.515,54195.837065
1664816400000,5.516,5.549,5.516,5.534,56114.7744
1664820000000,5.534,5.551,5.505,5.506,28815.706806
1664823600000,5.505,5.523,5.474,5.512,28346.204018
1664827200000,5.513,5.544,5.506,5.532,28553.530049
1664830800000,5.533,5.534,5.499,5.509,22934.360689
1664834400000,5.51,5.524,5.497,5.515,46960.366762
1664838000000,5.516,5.545,5.509,5.521,58018.498214
1664841600000,5.521,5.542,5.495,5.502,62187.727646
1664845200000,5.503,5.521,5.492,5.516,63928.515228
1664848800000,5.516,5.52,5.493,5.505,33122.412816
1664852400000,5.505,5.539,5.502,5.53,35775.841501
1664856000000,5.531,5.538,5.511,5.513,32184.8637
1664859600000,5.513,5.531,5.508,5.508,49320.275939
1664863200000,5.509,5.583,5.506,5.578,110833.698224
1664866800000,5.578,5.587,5.556,5.576,110641.988224
1664870400000,5.575,5.625,5.567,5.572,132524.37486
1664874000000,5.571,5.577,5.54,5.559,90702.460986
1664877600000,5.559,5.578,5.55,5.571,74980.238957
1664881200000,5.571,5.575,5.553,5.565,28495.359111
1664884800000,5.566,5.579,5.49,5.554,113320.402785
1664888400000,5.554,5.58,5.539,5.563,75378.502511
1664892000000,5.563,5.654,5.563,5.611,283656.744901
1664895600000,5.611,5.614,5.585,5.595,54786.26911
1664899200000,5.596,5.601,5.564,5.583,70420.778251
1664902800000,5.583,5.588,5.539,5.558,65931.646458
1664906400000,5.557,5.598,5.557,5.593,26515.922495
1664910000000,5.592,5.61,5.569,5.602,52750.32657
1664913600000,5.602,5.64,5.598,5.613,97642.128318
1664917200000,5.612,5.619,5.582,5.588,21566.555542
1664920800000,5.589,5.609,5.568,5.582,44557.488045
1664924400000,5.582,5.615,5.564,5.605,64152.091084
1664928000000,5.604,5.61,5.573,5.583,50796.843911
1664931600000,5.582,5.594,5.573,5.587,32419.372886
1664935200000,5.587,5.594,5.56,5.565,37215.949109
1664938800000,5.565,5.654,5.555,5.618,192912.459348
1664942400000,5.619,5.623,5.579,5.581,62638.633803
1664946000000,5.581,5.593,5.578,5.589,32937.548587
1664949600000,5.589,5.609,5.581,5.599,52169.777431
1664953200000,5.6,5.6,5.56,5.564,38935.030976
1664956800000,5.564,5.577,5.483,5.526,190472.50908
1664960400000,5.525,5.528,5.497,5.507,52559.092627
1664964000000,5.504,5.533,5.501,5.521,38604.375669
1664967600000,5.521,5.525,5.468,5.491,61486.177864
1664971200000,5.49,5.51,5.47,5.493,45334.489387
1664974800000,5.492,5.502,5.457,5.489,64110.428135
1664978400000,5.488,5.494,5.435,5.471,70340.11174
1664982000000,5.47,5.507,5.466,5.507,67422.564475
1664985600000,5.508,5.555,5.49,5.541,67793.696066
1664989200000,5.542,5.563,5.531,5.551,53269.849308
1664992800000,5.552,5.587,5.544,5.587,91682.424148
1664996400000,5.586,5.615,5.57,5.58,49248.277637
1665000000000,5.58,5.587,5.562,5.563,38481.907141
1665003600000,5.564,5.569,5.55,5.561,26721.443429
1665007200000,5.562,5.577,5.557,5.571,34548.711386
1665010800000,5.571,5.595,5.562,5.586,42129.291445
1665014400000,5.587,5.626,5.585,5.611,87206.558458
1665018000000,5.611,5.647,5.611,5.638,99679.852656
1665021600000,5.639,5.649,5.602,5.613,92218.844095
1665025200000,5.613,5.648,5.613,5.632,91831.245091
1665028800000,5.633,5.651,5.614,5.615,78984.088879
1665032400000,5.616,5.625,5.609,5.619,54958.773405
1665036000000,5.618,5.627,5.578,5.578,108504.480467
1665039600000,5.578,5.606,5.56,5.591,74511.367909
1665043200000,5.591,5.627,5.567,5.579,92253.094977
1665046800000,5.58,5.585,5.565,5.567,41606.358302
1665050400000,5.567,5.576,5.556,5.562,39678.593874
1665054000000,5.562,5.595,5.559,5.591,41836.331645
1665057600000,5.591,5.611,5.58,5.586,86625.339693
1665061200000,5.586,5.604,5.56,5.57,78076.360624
1665064800000,5.57,5.574,5.514,5.571,121432.519279
1665068400000,5.572,5.585,5.547,5.553,98050.394383
1665072000000,5.552,5.572,5.537,5.562,54869.856281
1665075600000,5.563,5.588,5.544,5.554,50867.221206
1665079200000,5.554,5.554,5.519,5.535,36708.4016
1665082800000,5.535,5.553,5.526,5.545,21475.047269
1665086400000,5.546,5.556,5.532,5.553,31864.489531
1665090000000,5.552,5.552,5.486,5.486,34681.287547
1665093600000,5.487,5.509,5.463,5.493,65650.635892
1665097200000,5.493,5.504,5.471,5.488,91908.525703
1665100800000,5.487,5.516,5.48,5.506,43566.197524
1665104400000,5.506,5.512,5.497,5.505,34219.156688
1665108000000,5.507,5.533,5.489,5.523,38490.387149
1665111600000,5.523,5.531,5.512,5.516,35531.11978
1665115200000,5.516,5.532,5.507,5.51,22801.247635
1665118800000,5.51,5.523,5.506,5.517,24674.310514
1665122400000,5.517,5.523,5.471,5.488,76435.922512
1665126000000,5.488,5.512,5.479,5.505,37687.24727
1665129600000,5.506,5.522,5.504,5.51,35646.835958
1665133200000,5.51,5.516,5.499,5.508,28353.185747
1665136800000,5.509,5.515,5.489,5.513,45363.371959
1665140400000,5.514,5.514,5.495,5.502,19701.688959
1665144000000,5.502,5.516,5.388,5.431,338392.580501
1665147600000,5.43,5.457,5.411,5.452,66946.30457
1665151200000,5.452,5.475,5.442,5.464,48932.494174
1665154800000,5.465,5.469,5.44,5.444,26685.342021
1665158400000,5.444,5.455,5.407,5.425,71763.403323
1665162000000,5.424,5.442,5.415,5.434,20225.898847
1665165600000,5.434,5.454,5.428,5.452,13643.677224
1665169200000,5.453,5.462,5.443,5.456,13252.216589
1665172800000,5.455,5.468,5.445,5.464,15009.223465
1665176400000,5.463,5.477,5.459,5.473,10111.136228
1665180000000,5.474,5.489,5.472,5.484,27838.985524
1665183600000,5.484,5.484,5.453,5.474,52931.47542
1665187200000,5.475,5.505,5.472,5.487,68711.437054
1665190800000,5.488,5.5,5.462,5.496,81320.09233
1665194400000,5.496,5.496,5.469,5.484,51514.992518
1665198000000,5.484,5.49,5.46,5.482,61547.969367
1665201600000,5.483,5.488,5.459,5.464,36053.23612
1665205200000,5.463,5.471,5.459,5.466,21450.147967
1665208800000,5.466,5.474,5.456,5.473,37537.69391
1665212400000,5.473,5.48,5.47,5.475,24461.716447
1665216000000,5.476,5.483,5.448,5.455,46308.841788
1665219600000,5.455,5.471,5.455,5.457,24324.537019
1665223200000,5.458,5.478,5.458,5.472,24601.399169
1665226800000,5.472,5.487,5.466,5.484,24425.850531
1665230400000,5.484,5.487,5.467,5.475,28849.359281
1665234000000,5.475,5.477,5.457,5.464,25712.293651
1665237600000,5.463,5.465,5.439,5.459,38733.501165
1665241200000,5.458,5.458,5.437,5.446,20056.632003
1665244800000,5.445,5.462,5.438,5.461,14388.707407
1665248400000,5.461,5.462,5.446,5.448,9928.609705
1665252000000,5.448,5.448,5.43,5.441,18830.140741
1665255600000,5.44,5.44,5.427,5.433,9878.28368
1665259200000,5.431,5.433,5.417,5.43,24148.193025
1665262800000,5.43,5.43,5.352,5.362,60223.265468
1665266400000,5.36,5.384,5.36,5.383,42980.764025
1665270000000,5.383,5.402,5.383,5.4,33030.25329
1665273600000,5.4,5.411,5.388,5.406,28265.241276
1665277200000,5.405,5.42,5.402,5.413,16257.949193
1665280800000,5.412,5.415,5.4,5.402,20250.587734
1665284400000,5.403,5.408,5.381,5.395,30446.300234
1665288000000,5.394,5.402,5.386,5.401,19777.733264
1665291600000,5.401,5.41,5.396,5.409,22751.067936
1665295200000,5.409,5.416,5.403,5.409,29949.94662
1665298800000,5.409,5.416,5.399,5.4,22865.740069
1665302400000,5.4,5.407,5.389,5.395,16475.872245
1665306000000,5.396,5.398,5.392,5.397,13064.70858
1665309600000,5.397,5.415,5.395,5.414,31703.136841
1665313200000,5.414,5.444,5.414,5.43,38247.737184
1665316800000,5.43,5.446,5.425,5.426,34235.853877
1665320400000,5.427,5.436,5.418,5.419,33009.679434
1665324000000,5.419,5.445,5.416,5.443,45794.601114
1665327600000,5.444,5.447,5.432,5.444,34977.013996
1665331200000,5.445,5.447,5.423,5.428,17853.288342
1665334800000,5.428,5.482,5.421,5.451,63454.041124
1665338400000,5.452,5.46,5.439,5.45,14519.936162
1665342000000,5.45,5.455,5.406,5.433,35591.361074
1665345600000,5.433,5.434,5.419,5.431,14923.286353
1665349200000,5.429,5.437,5.421,5.433,6395.892189
1665352800000,5.433,5.433,5.409,5.411,15796.814702
1665356400000,5.41,5.44,5.396,5.429,39583.161889
1665360000000,5.429,5.475,5.42,5.466,39470.823938
1665363600000,5.467,5.482,5.46,5.461,30957.397967
1665367200000,5.461,5.461,5.437,5.441,26957.804255
1665370800000,5.441,5.45,5.415,5.425,37002.572128
1665374400000,5.427,5.445,5.421,5.445,30676.985765
1665378000000,5.444,5.445,5.397,5.406,94980.656671
1665381600000,5.406,5.411,5.39,5.396,54288.779843
1665385200000,5.395,5.419,5.392,5.399,28391.167666
1665388800000,5.399,5.403,5.26,5.314,318097.852383
1665392400000,5.313,5.346,5.309,5.342,116666.479584
1665396000000,5.343,5.347,5.322,5.322,29964.749998
1665399600000,5.321,5.352,5.321,5.342,25516.027183
1665403200000,5.342,5.351,5.331,5.349,26937.558594
1665406800000,5.35,5.352,5.309,5.321,48793.447135
1665410400000,5.321,5.347,5.3,5.313,63287.572917
1665414000000,5.312,5.324,5.297,5.315,44342.480224
1665417600000,5.314,5.318,5.238,5.248,114462.979365
1665421200000,5.245,5.299,5.24,5.29,41346.696706
1665424800000,5.291,5.296,5.276,5.283,24150.317863
1665428400000,5.284,5.306,5.282,5.294,20912.523018
1665432000000,5.294,5.307,5.286,5.294,19551.112852
1665435600000,5.295,5.308,5.278,5.284,12521.382907
1665439200000,5.284,5.284,5.088,5.183,318221.490812
1665442800000,5.182,5.196,5.123,5.154,113070.108087
1665446400000,5.152,5.152,5,5.118,544890.463245
1665450000000,5.118,5.138,5.089,5.104,90189.442466
1665453600000,5.105,5.13,5.078,5.126,69935.843218
1665457200000,5.127,5.133,5.11,5.118,51748.650462
1665460800000,5.117,5.13,5.105,5.117,55018.646382
1665464400000,5.116,5.141,5.105,5.117,62245.367334
1665468000000,5.117,5.162,5.106,5.144,60696.770833
1665471600000,5.146,5.16,5.118,5.152,61647.382114
1665475200000,5.152,5.169,5.15,5.164,59123.14345
1665478800000,5.164,5.199,5.161,5.197,84098.602959
1665482400000,5.196,5.196,5.17,5.177,44152.091645
1665486000000,5.177,5.196,5.162,5.195,47307.48825
1665489600000,5.196,5.228,5.174,5.196,78108.646747
1665493200000,5.196,5.201,5.141,5.147,84067.355296
1665496800000,5.146,5.187,5.121,5.168,80134.507674
1665500400000,5.169,5.233,5.169,5.21,49808.641223
1665504000000,5.21,5.227,5.198,5.216,32957.675366
1665507600000,5.217,5.217,5.192,5.196,41640.264952
1665511200000,5.196,5.199,5.148,5.153,30477.050184
1665514800000,5.153,5.169,5.132,5.165,31513.488709
1665518400000,5.164,5.165,5.12,5.15,86676.421436
1665522000000,5.151,5.156,5.135,5.141,18095.453637
1665525600000,5.141,5.163,5.132,5.153,24024.420455
1665529200000,5.153,5.168,5.105,5.136,60074.241876
1665532800000,5.137,5.191,5.128,5.188,64733.695375
1665536400000,5.189,5.193,5.151,5.157,36651.787336
1665540000000,5.157,5.162,5.133,5.15,37183.888278
1665543600000,5.15,5.165,5.147,5.147,32733.519364
1665547200000,5.147,5.186,5.146,5.166,42643.300014
1665550800000,5.167,5.179,5.154,5.17,35147.996773
1665554400000,5.171,5.202,5.15,5.196,143568.988579
1665558000000,5.196,5.21,5.182,5.186,68771.290855
1665561600000,5.186,5.2,5.173,5.197,54703.794557
1665565200000,5.197,5.224,5.195,5.207,48030.186532
1665568800000,5.207,5.212,5.197,5.204,23673.197049
1665572400000,5.204,5.208,5.182,5.187,27644.725655
1665576000000,5.186,5.205,5.133,5.163,127084.642651
1665579600000,5.162,5.2,5.15,5.187,120017.631313
1665583200000,5.186,5.192,5.16,5.174,36772.199774
1665586800000,5.175,5.197,5.173,5.191,41287.775309
1665590400000,5.191,5.196,5.133,5.137,45182.810452
1665594000000,5.137,5.14,5.106,5.118,64024.851995
1665597600000,5.117,5.141,5.105,5.125,22566.746326
1665601200000,5.125,5.151,5.12,5.142,15959.503891
1665604800000,5.142,5.157,5.142,5.146,14944.68471
1665608400000,5.146,5.16,5.146,5.148,8503.117306
1665612000000,5.147,5.163,5.141,5.141,18002.733566
1665615600000,5.141,5.156,5.133,5.149,33684.098294
1665619200000,5.149,5.156,5.141,5.147,26013.338064
1665622800000,5.147,5.161,5.104,5.111,63536.923559
1665626400000,5.112,5.116,5.031,5.081,225683.605746
1665630000000,5.081,5.095,5.072,5.08,46867.414504
1665633600000,5.081,5.087,5.067,5.072,43779.893786
1665637200000,5.072,5.082,5.048,5.07,45888.792289
1665640800000,5.07,5.071,5,5.032,203708.749335
1665644400000,5.03,5.03,4.8,4.904,474575.513982
1665648000000,4.902,4.918,4.825,4.905,227493.77764
1665651600000,4.904,4.929,4.89,4.895,93289.088723
1665655200000,4.895,4.899,4.727,4.831,589759.957964
1665658800000,4.83,4.896,4.823,4.858,98737.135841
1665662400000,4.858,4.964,4.734,4.851,531493.647073
1665666000000,4.851,4.9,4.805,4.895,145700.819107
1665669600000,4.895,4.909,4.868,4.888,107070.515368
1665673200000,4.887,5.008,4.884,4.981,141669.07707
1665676800000,4.982,5.043,4.964,5.015,122582.682352
1665680400000,5.015,5.059,5.015,5.039,80121.510334
1665684000000,5.038,5.121,5.037,5.114,76851.227197
1665687600000,5.114,5.147,5.114,5.141,113532.920907
1665691200000,5.142,5.177,5.13,5.154,79265.315182
1665694800000,5.154,5.181,5.139,5.17,50691.312647
1665698400000,5.171,5.178,5.133,5.145,71638.667812
1665702000000,5.146,5.179,5.11,5.139,180054.92774
1665705600000,5.138,5.165,5.13,5.164,69448.497013
1665709200000,5.164,5.3,5.164,5.266,348750.474985
1665712800000,5.266,5.276,5.243,5.261,146363.466859
1665716400000,5.261,5.266,5.215,5.221,100161.02405
1665720000000,5.222,5.23,5.195,5.203,80079.654884
1665723600000,5.203,5.333,5.196,5.269,236541.517345
1665727200000,5.269,5.27,5.223,5.241,111111.536802
1665730800000,5.241,5.245,5.189,5.197,97351.747266
1665734400000,5.197,5.225,5.192,5.208,60281.788535
1665738000000,5.208,5.236,5.186,5.224,42181.048016
1665741600000,5.223,5.237,5.201,5.216,37191.599318
1665745200000,5.216,5.228,5.168,5.174,87699.391261
1665748800000,5.173,5.246,5.152,5.237,70455.097305
1665752400000,5.238,5.245,5.188,5.196,77367.874552
1665756000000,5.195,5.195,5.089,5.128,217385.780476
1665759600000,5.127,5.14,5.07,5.07,167929.289881
1665763200000,5.068,5.115,5.028,5.079,134147.246534
1665766800000,5.08,5.096,5.072,5.088,34126.50898
1665770400000,5.088,5.088,5.025,5.052,45046.820849
1665774000000,5.053,5.067,5.032,5.042,29954.063062
1665777600000,5.042,5.054,5.027,5.047,22811.373217
1665781200000,5.046,5.05,5,5.013,46278.456277
1665784800000,5.012,5.05,5.004,5.05,62468.529418
1665788400000,5.05,5.072,5.037,5.067,95737.907216
1665792000000,5.069,5.09,5.049,5.06,63110.481773
1665795600000,5.061,5.061,5.032,5.035,105229.095923
1665799200000,5.036,5.073,5.024,5.06,57734.048942
1665802800000,5.061,5.063,5.041,5.058,43676.998228
1665806400000,5.058,5.069,5.045,5.056,31346.003515
1665810000000,5.057,5.057,5.025,5.039,59947.902143
1665813600000,5.039,5.065,5.038,5.045,48011.255326
1665817200000,5.045,5.063,5.038,5.062,35691.434123
1665820800000,5.061,5.063,4.97,4.992,166492.979437
1665824400000,4.991,5.025,4.986,5.008,61433.557033
1665828000000,5.007,5.044,4.999,5.036,43592.677335
1665831600000,5.036,5.268,5.03,5.216,402215.758892
1665835200000,5.215,5.242,5.166,5.203,239508.352498
1665838800000,5.203,5.206,5.138,5.188,144549.200841
1665842400000,5.189,5.203,5.173,5.177,63632.42525
1665846000000,5.177,5.232,5.168,5.189,85414.988267
1665849600000,5.189,5.285,5.189,5.201,195276.605874
1665853200000,5.201,5.211,5.153,5.176,78145.715653
1665856800000,5.177,5.208,5.169,5.184,42705.244234
1665860400000,5.184,5.218,5.169,5.212,53012.287271
1665864000000,5.212,5.245,5.197,5.235,29708.202071
1665867600000,5.234,5.236,5.196,5.21,37232.207944
1665871200000,5.21,5.21,5.172,5.172,29933.753451
1665874800000,5.173,5.231,5.136,5.192,201706.122268
1665878400000,5.193,5.283,5.189,5.264,142437.991243
1665882000000,5.262,5.265,5.229,5.232,67358.357266
1665885600000,5.231,5.246,5.22,5.229,49669.195798
1665889200000,5.229,5.242,5.193,5.207,83188.093019
1665892800000,5.207,5.226,5.186,5.191,43245.248537
1665896400000,5.191,5.219,5.176,5.187,47847.651261
1665900000000,5.187,5.203,5.161,5.185,61927.026719
1665903600000,5.185,5.204,5.177,5.197,65918.046131
1665907200000,5.197,5.224,5.197,5.217,55756.610379
1665910800000,5.216,5.216,5.177,5.19,58776.489539
1665914400000,5.19,5.201,5.155,5.174,64571.104969
1665918000000,5.174,5.198,5.166,5.187,34675.116543
1665921600000,5.187,5.193,5.158,5.162,46125.702311
1665925200000,5.162,5.172,5.127,5.154,65688.756052
1665928800000,5.154,5.16,5.116,5.138,84665.303553
1665932400000,5.138,5.165,5.137,5.161,38347.086904
1665936000000,5.161,5.164,5.12,5.123,29668.159535
1665939600000,5.124,5.134,5.12,5.123,29639.695897
1665943200000,5.121,5.128,5.1,5.101,95526.428614
1665946800000,5.102,5.181,5.102,5.178,60115.901515
1665950400000,5.178,5.196,5.151,5.166,50792.725342
1665954000000,5.166,5.18,5.109,5.116,40491.980315
1665957600000,5.116,5.19,5.111,5.174,47311.6237
1665961200000,5.174,5.18,5.132,5.158,35734.098176
1665964800000,5.158,5.203,5.117,5.133,135349.050938
1665968400000,5.135,5.146,5.098,5.101,54559.462784
1665972000000,5.101,5.129,5.098,5.115,47454.990939
1665975600000,5.115,5.117,5.104,5.108,34848.330723
1665979200000,5.108,5.136,5.087,5.135,39819.976944
1665982800000,5.135,5.149,5.121,5.147,41869.703779
1665986400000,5.148,5.187,5.122,5.131,136432.186414
1665990000000,5.13,5.193,5.126,5.172,206312.171653
1665993600000,5.172,5.178,5.153,5.155,46110.475198
1665997200000,5.155,5.193,5.152,5.174,94529.897173
1666000800000,5.174,5.21,5.174,5.205,102713.349343
1666004400000,5.206,5.219,5.173,5.19,70572.939536
1666008000000,5.19,5.222,5.175,5.2,70624.529819
1666011600000,5.202,5.246,5.202,5.226,163503.760831
1666015200000,5.227,5.251,5.202,5.219,101867.398175
1666018800000,5.219,5.253,5.216,5.241,88932.539264
1666022400000,5.242,5.265,5.216,5.223,75966.27928
1666026000000,5.223,5.235,5.217,5.232,35803.49254
1666029600000,5.232,5.234,5.204,5.228,36164.426413
1666033200000,5.227,5.249,5.219,5.236,25409.123394
1666036800000,5.237,5.265,5.232,5.245,26818.28578
1666040400000,5.245,5.246,5.228,5.239,21871.500448
1666044000000,5.238,5.269,5.232,5.253,55809.837702
1666047600000,5.253,5.276,5.249,5.255,64117.596343
1666051200000,5.256,5.28,5.25,5.263,61730.281127
1666054800000,5.263,5.263,5.185,5.211,94902.090595
1666058400000,5.21,5.232,5.198,5.198,42283.260379
1666062000000,5.199,5.259,5.199,5.223,54510.267551
1666065600000,5.222,5.244,5.221,5.23,33427.120424
1666069200000,5.231,5.236,5.209,5.218,32494.496291
1666072800000,5.218,5.25,5.215,5.237,54216.503233
1666076400000,5.237,5.24,5.204,5.234,89654.872969
1666080000000,5.234,5.234,5.182,5.183,87100.882331
1666083600000,5.182,5.203,5.141,5.172,172233.338703
1666087200000,5.171,5.198,5.158,5.174,49018.630507
1666090800000,5.174,5.197,5.167,5.183,55367.571251
1666094400000,5.182,5.209,5.181,5.204,35608.643791
1666098000000,5.204,5.205,5.119,5.135,110558.168001
1666101600000,5.136,5.157,5.105,5.134,172890.768454
1666105200000,5.134,5.145,5.068,5.115,164475.694004
1666108800000,5.115,5.133,5.101,5.126,85463.571811
1666112400000,5.125,5.145,5.111,5.136,24287.32652
1666116000000,5.137,5.138,5.065,5.073,55256.987857
1666119600000,5.072,5.122,5.053,5.117,51580.329471
1666123200000,5.118,5.161,5.109,5.136,40631.195106
1666126800000,5.135,5.139,5.11,5.118,15163.785283
1666130400000,5.118,5.127,5.103,5.121,19903.552719
1666134000000,5.121,5.145,5.111,5.131,41468.333783
1666137600000,5.131,5.147,5.077,5.078,63147.57246
1666141200000,5.078,5.12,5.071,5.107,48923.498871
1666144800000,5.106,5.108,5.069,5.09,52339.06339
1666148400000,5.09,5.105,5.075,5.092,34884.494095
1666152000000,5.092,5.095,5.066,5.069,42224.356887
1666155600000,5.07,5.086,5.058,5.066,68094.953453
1666159200000,5.065,5.077,5.015,5.052,65741.72919
1666162800000,5.052,5.096,5.039,5.081,58032.363498
1666166400000,5.08,5.084,5.039,5.066,57325.321476
1666170000000,5.065,5.092,5.061,5.09,49786.86449
1666173600000,5.086,5.086,5.067,5.075,31176.559338
1666177200000,5.075,5.076,5.045,5.063,51958.986655
1666180800000,5.062,5.082,5.044,5.076,49561.636066
1666184400000,5.077,5.105,5.055,5.066,58821.73504
1666188000000,5.066,5.12,5.058,5.083,50870.070311
1666191600000,5.082,5.115,5.082,5.109,49566.415699
1666195200000,5.108,5.112,5.073,5.087,38414.974857
1666198800000,5.086,5.1,5.067,5.088,25518.554857
1666202400000,5.089,5.109,5.082,5.092,27128.643022
1666206000000,5.092,5.11,5.077,5.109,24635.111376
1666209600000,5.109,5.124,5.086,5.095,29719.807355
1666213200000,5.095,5.108,5.087,5.1,14960.856642
1666216800000,5.1,5.104,4.985,5.014,188693.483136
1666220400000,5.014,5.033,4.911,4.983,166070.314379
1666224000000,4.982,5.014,4.935,4.972,125039.88629
1666227600000,4.972,5.01,4.953,4.988,82528.467844
1666231200000,4.987,5.002,4.978,5,44808.251523
1666234800000,5,5,4.965,4.984,56837.513095
1666238400000,4.985,5.038,4.85,5.027,254670.094413
1666242000000,5.029,5.046,5.022,5.031,49885.255066
1666245600000,5.032,5.046,5.017,5.043,31874.932434
1666249200000,5.042,5.055,5.025,5.049,50825.930917
1666252800000,5.05,5.059,5.036,5.04,49627.01356
1666256400000,5.04,5.057,5.03,5.054,45913.107767
1666260000000,5.055,5.07,5.04,5.061,42306.60028
1666263600000,5.062,5.066,5.045,5.048,27814.058595
1666267200000,5.049,5.07,5.024,5.024,57488.009798
1666270800000,5.025,5.059,5.024,5.043,28085.016327
1666274400000,5.047,5.088,5.045,5.087,69865.968519
1666278000000,5.088,5.093,5.056,5.058,41510.941356
1666281600000,5.059,5.059,5.017,5.029,37663.561323
1666285200000,5.029,5.029,4.972,4.995,78177.670903
1666288800000,4.995,4.995,4.913,4.948,98466.677412
1666292400000,4.948,4.964,4.937,4.952,18958.861539
1666296000000,4.951,4.962,4.901,4.916,40149.982981
1666299600000,4.915,4.946,4.903,4.941,30137.120128
1666303200000,4.94,4.959,4.915,4.937,34002.292355
1666306800000,4.937,4.955,4.917,4.942,53563.533564
1666310400000,4.942,4.943,4.85,4.932,172070.230764
1666314000000,4.933,4.945,4.912,4.942,68307.710664
1666317600000,4.943,4.968,4.942,4.964,51481.199762
1666321200000,4.964,4.97,4.944,4.947,60171.898828
1666324800000,4.948,4.969,4.943,4.958,22202.414317
1666328400000,4.958,4.97,4.95,4.951,51273.752967
1666332000000,4.951,4.972,4.939,4.941,34713.444195
1666335600000,4.942,4.958,4.911,4.918,118783.802284
1666339200000,4.918,4.924,4.818,4.853,202685.660925
1666342800000,4.852,4.895,4.836,4.891,59229.451725
1666346400000,4.89,4.905,4.87,4.9,38140.6468
1666350000000,4.899,4.902,4.857,4.862,52996.02505
1666353600000,4.861,4.917,4.802,4.907,164111.463715
1666357200000,4.908,4.941,4.876,4.935,126049.946719
1666360800000,4.935,4.949,4.875,4.892,65284.579469
1666364400000,4.892,4.952,4.887,4.951,73352.954531
1666368000000,4.951,4.974,4.924,4.94,61040.902143
1666371600000,4.941,4.965,4.938,4.955,34272.432093
1666375200000,4.956,4.984,4.941,4.952,32386.784435
1666378800000,4.952,4.986,4.951,4.968,31312.03003
1666382400000,4.969,4.992,4.956,4.962,28225.202243
1666386000000,4.961,4.962,4.949,4.956,11698.160825
1666389600000,4.957,4.972,4.951,4.971,27637.40903
1666393200000,4.971,4.972,4.951,4.956,31547.695314
1666396800000,4.957,4.972,4.944,4.953,63676.904071
1666400400000,4.952,4.96,4.913,4.922,58429.153206
1666404000000,4.921,4.936,4.902,4.908,42556.764039
1666407600000,4.908,4.94,4.906,4.932,58593.935566
1666411200000,4.933,4.935,4.916,4.921,26678.947258
1666414800000,4.922,4.928,4.911,4.923,15740.481206
1666418400000,4.924,4.941,4.923,4.936,19387.694594
1666422000000,4.936,4.949,4.924,4.945,24037.085392
1666425600000,4.944,4.962,4.943,4.956,31521.328603
1666429200000,4.957,4.963,4.939,4.941,27739.278743
1666432800000,4.941,4.964,4.941,4.963,23039.615358
1666436400000,4.963,4.98,4.961,4.972,35764.303331
1666440000000,4.972,4.985,4.951,4.976,46910.66134
1666443600000,4.977,4.998,4.961,4.978,77285.188638
1666447200000,4.979,4.989,4.97,4.978,27399.737876
1666450800000,4.979,4.99,4.962,4.976,54827.58199
1666454400000,4.976,4.983,4.92,4.936,46269.196461
1666458000000,4.937,4.946,4.916,4.924,36062.369984
1666461600000,4.925,4.937,4.917,4.924,19760.227412
1666465200000,4.923,4.931,4.914,4.929,20938.380499
1666468800000,4.93,4.949,4.923,4.946,13345.437345
1666472400000,4.947,4.958,4.938,4.946,10465.011693
1666476000000,4.946,4.954,4.934,4.946,22303.0918
1666479600000,4.945,4.96,4.939,4.958,21390.214659
1666483200000,4.958,4.975,4.951,4.968,25747.365326
1666486800000,4.967,4.969,4.941,4.951,30555.102304
1666490400000,4.951,5.059,4.951,5.022,207089.719517
1666494000000,5.023,5.031,4.995,4.997,88048.382578
1666497600000,4.999,5.014,4.983,4.986,62143.476891
1666501200000,4.985,5.013,4.985,4.993,34737.526833
1666504800000,4.992,5.01,4.97,4.985,42104.523167
1666508400000,4.986,4.989,4.959,4.971,57301.680377
1666512000000,4.973,5.03,4.97,5.025,121793.069001
1666515600000,5.025,5.075,5.024,5.051,126415.614257
1666519200000,5.05,5.056,5.017,5.035,38670.050188
1666522800000,5.036,5.037,4.97,4.993,94245.572903
1666526400000,4.993,5.017,4.97,5.01,50677.660513
1666530000000,5.009,5.056,4.997,5.052,55539.181463
1666533600000,5.052,5.061,5.028,5.031,68072.085337
1666537200000,5.031,5.049,5.019,5.04,50416.183953
1666540800000,5.04,5.05,5.009,5.013,34762.05237
1666544400000,5.013,5.074,5.005,5.068,60546.321807
1666548000000,5.069,5.124,5.063,5.093,114872.321955
1666551600000,5.094,5.122,5.09,5.109,25164.352846
1666555200000,5.11,5.136,5.093,5.1,73212.441631
1666558800000,5.101,5.111,5.074,5.093,26414.706563
1666562400000,5.093,5.168,5.093,5.129,157519.9868
1666566000000,5.129,5.146,5.11,5.117,57934.641193
1666569600000,5.119,5.149,5.105,5.113,85342.591064
1666573200000,5.112,5.116,5.068,5.079,66786.598575
1666576800000,5.078,5.097,5.06,5.061,53078.16279
1666580400000,5.061,5.062,5.023,5.032,139102.124921
1666584000000,5.032,5.041,5.008,5.04,58109.677459
1666587600000,5.039,5.04,5.012,5.021,63178.92663
1666591200000,5.021,5.038,5.002,5.007,69336.274648
1666594800000,5.007,5.034,4.973,5.005,118152.120147
1666598400000,5.005,5.02,4.996,5.02,32660.887917
1666602000000,5.021,5.038,5.003,5.031,32318.069994
1666605600000,5.03,5.048,5.026,5.045,53910.819873
1666609200000,5.045,5.051,5.028,5.043,37423.513642
1666612800000,5.042,5.045,5.004,5.025,41470.307045
1666616400000,5.024,5.039,4.999,5.024,67483.896334
1666620000000,5.023,5.023,4.91,4.964,129838.23821
1666623600000,4.964,4.978,4.948,4.977,57809.386443
1666627200000,4.976,4.979,4.948,4.958,32526.005044
1666630800000,4.958,4.965,4.923,4.954,56511.97976
1666634400000,4.953,4.968,4.952,4.965,20468.701866
1666638000000,4.965,4.992,4.957,4.96,32675.875995
1666641600000,4.96,4.97,4.952,4.961,22307.868657
1666645200000,4.962,4.967,4.948,4.957,20856.850326
1666648800000,4.958,4.967,4.934,4.966,35522.436413
1666652400000,4.967,4.972,4.931,4.949,35015.78105
1666656000000,4.95,4.99,4.935,4.956,79303.633698
1666659600000,4.955,4.966,4.932,4.961,54988.088833
1666663200000,4.961,4.962,4.945,4.957,25596.828824
1666666800000,4.958,4.976,4.95,4.975,49753.932074
1666670400000,4.976,4.983,4.958,4.962,45799.799267
1666674000000,4.963,4.971,4.95,4.969,49066.746208
1666677600000,4.97,4.977,4.956,4.957,43005.15506
1666681200000,4.958,4.962,4.94,4.958,36363.602787
1666684800000,4.958,4.978,4.942,4.96,54163.455246
1666688400000,4.96,4.96,4.913,4.941,59950.342259
1666692000000,4.941,4.963,4.916,4.946,63736.498186
1666695600000,4.946,4.957,4.933,4.945,28483.202313
1666699200000,4.944,4.959,4.928,4.949,41686.310028
1666702800000,4.948,5.03,4.948,5.01,198350.297987
1666706400000,5.01,5.026,4.989,5.016,84709.547235
1666710000000,5.016,5.095,5.016,5.061,226634.320889
1666713600000,5.062,5.125,5.062,5.115,176429.443743
1666717200000,5.115,5.285,5.115,5.265,539153.049495
1666720800000,5.265,5.3,5.233,5.236,167773.262796
1666724400000,5.236,5.315,5.233,5.294,153616.853392
1666728000000,5.295,5.302,5.204,5.214,89941.361867
1666731600000,5.213,5.245,5.177,5.231,98547.003974
1666735200000,5.23,5.231,5.153,5.186,62820.211807
1666738800000,5.186,5.198,5.159,5.177,102450.352508
1666742400000,5.178,5.271,5.175,5.271,235463.681127
1666746000000,5.271,5.273,5.221,5.253,271683.875471
1666749600000,5.253,5.264,5.228,5.238,76310.494576
1666753200000,5.238,5.272,5.22,5.25,88012.377909
1666756800000,5.25,5.298,5.247,5.252,81161.667943
1666760400000,5.252,5.266,5.236,5.264,155348.418732
1666764000000,5.263,5.3,5.259,5.288,119798.858625
1666767600000,5.288,5.313,5.255,5.273,262131.725008
1666771200000,5.273,5.341,5.247,5.297,179235.553465
1666774800000,5.297,5.305,5.27,5.292,109837.587438
1666778400000,5.291,5.311,5.275,5.306,85891.715916
1666782000000,5.306,5.317,5.252,5.262,97069.417491
1666785600000,5.262,5.263,5.22,5.249,177171.223279
1666789200000,5.248,5.317,5.226,5.286,230049.366718
1666792800000,5.286,5.361,5.285,5.312,295120.412559
1666796400000,5.313,5.364,5.307,5.326,233000.867331
1666800000000,5.329,5.349,5.273,5.288,102953.426572
1666803600000,5.288,5.314,5.276,5.308,51581.903802
1666807200000,5.307,5.323,5.274,5.282,49332.404417
1666810800000,5.282,5.287,5.261,5.277,41624.577418
1666814400000,5.278,5.306,5.264,5.285,46753.682858
1666818000000,5.284,5.298,5.276,5.283,25893.73488
1666821600000,5.283,5.308,5.259,5.278,54863.677955
1666825200000,5.277,5.298,5.254,5.257,81935.490079
1666828800000,5.256,5.335,5.249,5.306,161020.899022
1666832400000,5.306,5.327,5.297,5.308,83741.65624
1666836000000,5.308,5.345,5.273,5.274,122204.311048
1666839600000,5.276,5.327,5.262,5.318,100671.486335
1666843200000,5.317,5.357,5.301,5.342,139032.078325
1666846800000,5.342,5.488,5.34,5.462,461473.95822
1666850400000,5.462,5.5,5.417,5.419,238202.03461
1666854000000,5.418,5.433,5.347,5.379,182994.604637
1666857600000,5.379,5.405,5.339,5.378,92099.016874
1666861200000,5.378,5.378,5.309,5.338,119662.466845
1666864800000,5.337,5.35,5.279,5.308,233734.173453
1666868400000,5.308,5.339,5.285,5.305,93216.869133
1666872000000,5.304,5.375,5.269,5.369,296484.961219
1666875600000,5.369,5.39,5.233,5.271,410082.12143
1666879200000,5.27,5.329,5.251,5.292,140051.909855
1666882800000,5.291,5.325,5.282,5.288,73447.658979
1666886400000,5.288,5.3,5.256,5.285,81280.854067
1666890000000,5.286,5.315,5.266,5.294,69176.038095
1666893600000,5.295,5.324,5.291,5.317,20385.567727
1666897200000,5.317,5.366,5.317,5.35,44809.401315
1666900800000,5.349,5.356,5.213,5.254,138374.240213
1666904400000,5.254,5.257,5.229,5.255,19314.794952
1666908000000,5.257,5.277,5.207,5.242,76852.87666
1666911600000,5.241,5.258,5.221,5.232,95969.380954
1666915200000,5.233,5.276,5.197,5.263,171696.318538
1666918800000,5.263,5.289,5.236,5.273,64429.898782
1666922400000,5.273,5.274,5.196,5.207,179272.154955
1666926000000,5.207,5.219,5.199,5.216,79803.543327
1666929600000,5.214,5.231,5.21,5.214,54235.349646
1666933200000,5.213,5.213,5.166,5.196,175280.648852
1666936800000,5.196,5.21,5.181,5.188,63981.710138
1666940400000,5.188,5.203,5.115,5.145,185411.763858
1666944000000,5.145,5.187,5.135,5.178,84986.354875
1666947600000,5.177,5.212,5.166,5.197,69482.220632
1666951200000,5.196,5.206,5.159,5.189,98283.079915
1666954800000,5.189,5.22,5.177,5.193,80983.577354
1666958400000,5.192,5.233,5.163,5.218,130787.800703
1666962000000,5.218,5.285,5.215,5.256,231740.494844
1666965600000,5.257,5.319,5.221,5.285,174411.682179
1666969200000,5.285,5.344,5.272,5.323,121563.910123
1666972800000,5.324,5.42,5.312,5.406,336342.146222
1666976400000,5.407,5.474,5.382,5.393,186042.04409
1666980000000,5.393,5.421,5.379,5.401,94842.26533
1666983600000,5.402,5.416,5.375,5.407,46040.93744
1666987200000,5.407,5.45,5.404,5.412,82198.824779
1666990800000,5.413,5.431,5.383,5.388,44563.317923
1666994400000,5.39,5.406,5.362,5.406,78084.714768
1666998000000,5.405,5.41,5.356,5.364,112698.631481
1667001600000,5.364,5.415,5.364,5.407,93052.80153
1667005200000,5.406,5.409,5.377,5.386,57505.26189
1667008800000,5.385,5.43,5.372,5.422,158670.77391
1667012400000,5.422,5.474,5.408,5.447,245720.230296
1667016000000,5.446,5.458,5.389,5.406,113819.601866
1667019600000,5.406,5.44,5.4,5.41,65751.258807
1667023200000,5.41,5.437,5.409,5.412,46345.154219
1667026800000,5.412,5.452,5.403,5.449,84135.794132
1667030400000,5.448,5.498,5.435,5.488,281680.086998
1667034000000,5.488,5.548,5.458,5.523,286165.135627
1667037600000,5.523,5.528,5.414,5.437,232489.348494
1667041200000,5.438,5.488,5.413,5.418,202520.289031
1667044800000,5.418,5.451,5.4,5.445,94670.817062
1667048400000,5.443,5.447,5.339,5.391,234326.969542
1667052000000,5.391,5.437,5.376,5.389,164929.88688
1667055600000,5.388,5.45,5.382,5.438,192995.372851
1667059200000,5.438,5.869,5.394,5.869,1175832.488439
1667062800000,5.869,5.903,5.599,5.627,832639.213535
1667066400000,5.627,5.656,5.552,5.625,299936.857554
1667070000000,5.625,5.641,5.575,5.61,102321.878135
1667073600000,5.611,5.646,5.591,5.627,45668.160011
1667077200000,5.626,5.688,5.619,5.665,34887.403403
1667080800000,5.666,5.687,5.57,5.605,176010.561062
1667084400000,5.604,5.735,5.57,5.713,407080.308453
1667088000000,5.712,5.743,5.609,5.613,216128.596233
1667091600000,5.612,5.675,5.585,5.655,194886.170307
1667095200000,5.655,5.682,5.63,5.656,92690.291021
1667098800000,5.655,5.755,5.655,5.733,151901.618958
1667102400000,5.735,5.75,5.658,5.684,189736.389383
1667106000000,5.684,5.715,5.634,5.658,123130.959297
1667109600000,5.658,5.689,5.625,5.648,158488.860137
1667113200000,5.647,5.709,5.622,5.696,200983.151351
1667116800000,5.695,5.75,5.605,5.721,403561.995804
1667120400000,5.721,5.736,5.578,5.603,270770.011761
1667124000000,5.603,5.645,5.581,5.597,123462.407731
1667127600000,5.595,5.625,5.542,5.606,150109.055612
1667131200000,5.605,5.629,5.547,5.591,165757.386777
1667134800000,5.59,5.596,5.477,5.497,230909.040495
1667138400000,5.496,5.542,5.452,5.53,169417.290829
1667142000000,5.529,5.53,5.385,5.41,211938.475973
1667145600000,5.409,5.46,5.377,5.403,212053.711705
1667149200000,5.403,5.423,5.383,5.416,141302.17909
1667152800000,5.416,5.448,5.409,5.432,48186.010772
1667156400000,5.433,5.448,5.414,5.422,17800.108857
1667160000000,5.425,5.447,5.418,5.438,20408.828525
1667163600000,5.438,5.46,5.416,5.429,30035.660847
1667167200000,5.431,5.437,5.28,5.379,207391.103913
1667170800000,5.378,5.398,5.354,5.388,57704.614686
1667174400000,5.389,5.436,5.37,5.375,79109.226316
1667178000000,5.376,5.399,5.327,5.359,97641.411931
1667181600000,5.359,5.366,5.3,5.344,129170.816225
1667185200000,5.344,5.405,5.341,5.397,75097.194656
1667188800000,5.397,5.423,5.385,5.405,64119.532961
1667192400000,5.405,5.423,5.386,5.404,90203.186775
1667196000000,5.405,5.411,5.351,5.389,81739.637611
1667199600000,5.39,5.417,5.362,5.417,58788.031304
1667203200000,5.415,5.417,5.344,5.365,69193.985605
1667206800000,5.364,5.487,5.342,5.47,195499.061351
1667210400000,5.471,5.489,5.428,5.471,187795.625115
1667214000000,5.471,5.5,5.455,5.484,164261.165092
1667217600000,5.485,5.5,5.425,5.475,191748.153142
1667221200000,5.474,5.516,5.31,5.313,253164.891676
1667224800000,5.313,5.395,5.305,5.364,384336.745416
1667228400000,5.363,5.422,5.327,5.396,191276.1727
1667232000000,5.395,5.431,5.352,5.389,120030.345092
1667235600000,5.389,5.416,5.376,5.385,56099.440324
1667239200000,5.385,5.414,5.374,5.397,41747.362655
1667242800000,5.397,5.418,5.356,5.406,70822.100761
1667246400000,5.406,5.433,5.387,5.406,30507.387993
1667250000000,5.405,5.412,5.377,5.388,14477.577256
1667253600000,5.388,5.443,5.373,5.431,55529.548546
1667257200000,5.431,5.456,5.419,5.427,54474.975664
1667260800000,5.427,5.479,5.405,5.446,196252.755959
1667264400000,5.446,5.503,5.443,5.468,182072.216468
1667268000000,5.468,5.479,5.443,5.466,74142.856215
1667271600000,5.466,5.482,5.426,5.442,54676.325209
1667275200000,5.442,5.457,5.413,5.415,173928.00148
1667278800000,5.415,5.446,5.397,5.4,154453.181945
1667282400000,5.401,5.457,5.384,5.448,94725.282348
1667286000000,5.447,5.488,5.438,5.482,123718.352461
1667289600000,5.483,5.502,5.45,5.458,205947.094087
1667293200000,5.456,5.505,5.45,5.466,145798.551352
1667296800000,5.465,5.481,5.45,5.468,73704.35855
1667300400000,5.469,5.472,5.392,5.414,109778.848166
1667304000000,5.414,5.454,5.395,5.444,91889.45354
1667307600000,5.443,5.453,5.33,5.38,234486.58505
1667311200000,5.38,5.403,5.343,5.377,138110.245314
1667314800000,5.376,5.411,5.375,5.393,160926.297365
1667318400000,5.392,5.419,5.355,5.374,156178.595997
1667322000000,5.373,5.389,5.366,5.382,51086.260398
1667325600000,5.382,5.396,5.37,5.391,54375.491743
1667329200000,5.391,5.4,5.365,5.372,73772.306963
1667332800000,5.372,5.373,5.357,5.365,57512.93482
1667336400000,5.365,5.374,5.347,5.352,65699.049961
1667340000000,5.353,5.37,5.343,5.366,67268.196929
1667343600000,5.367,5.386,5.361,5.367,94561.878701
1667347200000,5.369,5.383,5.311,5.378,132646.740469
1667350800000,5.378,5.391,5.368,5.369,72701.840559
1667354400000,5.369,5.385,5.346,5.377,88794.801736
1667358000000,5.377,5.413,5.37,5.395,68700.281767
1667361600000,5.396,5.412,5.373,5.375,81714.993392
1667365200000,5.375,5.394,5.347,5.349,87922.925414
1667368800000,5.348,5.351,5.33,5.343,102991.07313
1667372400000,5.343,5.355,5.233,5.278,288404.310402
1667376000000,5.277,5.344,5.264,5.34,79281.303058
1667379600000,5.34,5.361,5.245,5.25,152334.001046
1667383200000,5.249,5.258,5.193,5.252,194071.698176
1667386800000,5.252,5.264,5.241,5.246,73505.766246
1667390400000,5.246,5.252,5.219,5.226,76104.097658
1667394000000,5.225,5.258,5.213,5.244,97017.48309
1667397600000,5.243,5.294,5.236,5.278,70006.394937
1667401200000,5.278,5.279,5.245,5.266,54388.284761
1667404800000,5.266,5.307,5.227,5.302,163369.599468
1667408400000,5.302,5.304,5.225,5.254,80819.428028
1667412000000,5.254,5.436,5.21,5.322,583060.566142
1667415600000,5.321,5.393,5.221,5.253,127337.835116
1667419200000,5.254,5.28,5.1,5.17,389211.158164
1667422800000,5.17,5.209,5.16,5.209,46041.068947
1667426400000,5.209,5.218,5.173,5.195,60326.041605
1667430000000,5.194,5.232,5.187,5.228,50812.746499
1667433600000,5.228,5.474,5.216,5.44,800085.199039
1667437200000,5.439,5.73,5.407,5.652,1334445.413962
1667440800000,5.651,5.765,5.637,5.684,824777.849501
1667444400000,5.685,5.828,5.674,5.783,763394.64999
1667448000000,5.783,5.953,5.772,5.825,902051.381003
1667451600000,5.825,5.865,5.791,5.855,334949.47448
1667455200000,5.854,6.223,5.842,6.188,972875.704661
1667458800000,6.188,6.241,5.922,5.997,1112291.857953
1667462400000,5.997,6.156,5.957,6.155,521854.902512
1667466000000,6.151,6.173,6.005,6.042,319304.000892
1667469600000,6.044,6.114,5.988,6.001,325412.973494
1667473200000,6.001,6.011,5.781,5.829,742930.334774
1667476800000,5.829,5.862,5.705,5.765,489550.601187
1667480400000,5.766,5.874,5.764,5.787,390284.643278
1667484000000,5.789,5.959,5.787,5.913,421334.039117
1667487600000,5.912,5.953,5.876,5.905,252036.200128
1667491200000,5.904,6.088,5.89,6.048,656805.260543
1667494800000,6.045,6.056,5.95,5.98,188529.029923
1667498400000,5.978,6.053,5.93,5.948,331982.177946
1667502000000,5.949,5.982,5.906,5.938,101652.569639
1667505600000,5.938,5.938,5.86,5.864,95896.434089
1667509200000,5.863,5.881,5.822,5.874,87036.018068
1667512800000,5.874,5.886,5.765,5.773,191911.225759
1667516400000,5.774,5.809,5.715,5.786,302242.863847
1667520000000,5.785,5.961,5.75,5.94,425015.193021
1667523600000,5.941,5.976,5.794,5.839,328649.098172
1667527200000,5.84,5.889,5.785,5.819,156288.53841
1667530800000,5.818,5.849,5.764,5.848,192038.38358
1667534400000,5.849,5.868,5.743,5.796,213921.901227
1667538000000,5.796,5.814,5.75,5.795,200003.392504
1667541600000,5.796,5.994,5.796,5.916,465470.788158
1667545200000,5.916,5.922,5.85,5.881,257778.888956
1667548800000,5.882,5.975,5.878,5.892,240890.158717
1667552400000,5.892,5.999,5.835,5.928,248892.156275
1667556000000,5.929,6.083,5.898,6.028,543567.362103
1667559600000,6.028,6.028,5.903,5.914,264162.326857
1667563200000,5.915,6,5.815,5.997,563643.658856
1667566800000,5.997,6.063,5.947,6.028,516463.195454
1667570400000,6.029,6.235,6.004,6.181,670719.490079
1667574000000,6.18,6.208,6.003,6.007,402725.908648
1667577600000,6.006,6.098,5.974,6.065,308467.749728
1667581200000,6.065,6.147,6.036,6.095,119659.655934
1667584800000,6.095,6.161,6.064,6.121,158608.935212
1667588400000,6.122,6.3,6.121,6.222,306737.399382
1667592000000,6.221,6.226,6.154,6.169,109841.199368
1667595600000,6.168,6.173,6.125,6.147,42474.375642
1667599200000,6.146,6.181,6.106,6.154,98161.6879
1667602800000,6.156,6.168,6.111,6.151,95597.798996
1667606400000,6.149,6.268,6.084,6.243,558062.413403
1667610000000,6.243,6.255,6.18,6.206,215107.227624
1667613600000,6.206,6.217,6.153,6.194,107584.157617
1667617200000,6.194,6.259,6.154,6.192,172327.359082
1667620800000,6.192,6.201,6.092,6.118,156243.800181
1667624400000,6.118,6.178,6.08,6.156,173233.167401
1667628000000,6.157,6.22,6.147,6.19,176162.368018
1667631600000,6.192,6.194,6.134,6.166,97947.219013
1667635200000,6.166,6.166,6.053,6.107,249158.584351
1667638800000,6.106,6.119,6.011,6.068,222069.432409
1667642400000,6.068,6.122,6.059,6.116,107055.24486
1667646000000,6.117,6.169,6.108,6.134,128544.568318
1667649600000,6.133,6.146,6.071,6.096,107956.67355
1667653200000,6.096,6.123,6.036,6.102,123974.213576
1667656800000,6.103,6.142,6.016,6.065,185210.216693
1667660400000,6.065,6.173,6.063,6.126,319448.849731
1667664000000,6.125,6.551,6.114,6.297,1304512.218433
1667667600000,6.299,6.4,6.264,6.378,249588.963407
1667671200000,6.378,6.398,6.25,6.277,190371.688413
1667674800000,6.278,6.309,6.257,6.286,41193.437571
1667678400000,6.286,6.3,6.239,6.257,86546.237806
1667682000000,6.257,6.264,6.184,6.198,53977.731245
1667685600000,6.199,6.239,6.187,6.212,59900.440966
1667689200000,6.212,6.225,6.04,6.168,339069.316524
1667692800000,6.168,6.215,6.085,6.155,263228.753971
1667696400000,6.153,6.18,6.06,6.073,238394.761542
1667700000000,6.073,6.159,6.062,6.09,156878.795827
1667703600000,6.091,6.212,6.091,6.199,239267.890299
1667707200000,6.198,6.216,6.15,6.165,116725.532196
1667710800000,6.167,6.175,6.081,6.108,210550.764446
1667714400000,6.107,6.143,6.104,6.135,87607.205747
1667718000000,6.135,6.159,6.115,6.135,61332.580314
1667721600000,6.134,6.191,6.104,6.158,189373.555295
1667725200000,6.159,6.191,6.141,6.154,123560.52352
1667728800000,6.155,6.393,6.152,6.293,806351.138401
1667732400000,6.293,6.343,6.201,6.343,327858.426697
1667736000000,6.342,6.343,6.212,6.234,242734.175979
1667739600000,6.234,6.297,6.222,6.259,116376.017217
1667743200000,6.26,6.268,6.212,6.259,322077.395267
1667746800000,6.259,6.287,6.215,6.218,108232.764013
1667750400000,6.217,6.225,6.09,6.179,387936.937424
1667754000000,6.178,6.178,6.113,6.141,158158.562427
1667757600000,6.14,6.14,6.035,6.079,456770.076994
1667761200000,6.08,6.097,6.026,6.054,103954.725727
1667764800000,6.053,6.054,5.993,6.045,115794.253673
1667768400000,6.045,6.061,5.985,6.003,125058.004616
1667772000000,6.002,6.042,5.902,5.946,179406.202338
1667775600000,5.946,5.951,5.769,5.833,465305.7263
1667779200000,5.831,5.9,5.811,5.857,184223.890275
1667782800000,5.857,5.912,5.82,5.885,142110.947684
1667786400000,5.884,5.948,5.873,5.932,142823.690112
1667790000000,5.93,5.94,5.873,5.888,84635.353119
1667793600000,5.889,5.889,5.81,5.858,159128.026978
1667797200000,5.857,5.891,5.841,5.872,95378.614513
1667800800000,5.872,5.882,5.79,5.805,201596.787193
1667804400000,5.805,5.805,5.6,5.616,651884.628466
1667808000000,5.617,5.732,5.601,5.727,216420.831762
1667811600000,5.729,5.746,5.692,5.694,89227.67696
1667815200000,5.695,5.765,5.694,5.709,81614.789938
1667818800000,5.71,5.732,5.703,5.716,63619.197322
1667822400000,5.715,5.757,5.692,5.754,87506.331959
1667826000000,5.755,5.792,5.712,5.727,159314.757761
1667829600000,5.727,5.75,5.672,5.701,151356.978596
1667833200000,5.702,5.813,5.7,5.81,127791.295878
1667836800000,5.809,5.82,5.699,5.702,175608.027391
1667840400000,5.704,5.758,5.704,5.752,61540.946575
1667844000000,5.753,5.803,5.742,5.784,98596.290822
1667847600000,5.787,5.878,5.78,5.853,171715.378787
1667851200000,5.854,5.891,5.817,5.831,116851.69093
1667854800000,5.83,5.846,5.751,5.766,64904.304724
1667858400000,5.767,5.768,5.601,5.684,182257.743985
1667862000000,5.685,5.755,5.683,5.734,119690.724734
1667865600000,5.734,5.808,5.708,5.715,143078.731681
1667869200000,5.715,5.855,5.696,5.788,187251.302107
1667872800000,5.786,5.803,5.571,5.595,248090.797851
1667876400000,5.595,5.61,5.4,5.432,750326.756985
1667880000000,5.432,5.49,5.2,5.293,1046596.250141
1667883600000,5.292,5.344,5.14,5.257,490798.573733
1667887200000,5.256,5.368,5.228,5.345,220720.467245
1667890800000,5.345,5.425,5.334,5.378,292962.316011
1667894400000,5.378,5.378,5.325,5.34,137077.996387
1667898000000,5.339,5.417,5.321,5.383,118330.816796
1667901600000,5.382,5.401,5.328,5.345,101939.430476
1667905200000,5.344,5.382,5.288,5.332,132779.966505
1667908800000,5.332,5.376,5.32,5.376,244301.108146
1667912400000,5.375,5.394,5.334,5.343,97413.928127
1667916000000,5.343,5.392,5.232,5.345,279820.8299
1667919600000,5.344,5.38,5.25,5.379,158002.576357
1667923200000,5.378,5.653,5.35,5.53,691030.412723
1667926800000,5.53,5.558,5.217,5.228,371694.337193
1667930400000,5.227,5.299,5,5.074,1069217.594267
1667934000000,5.073,5.128,4.062,4.667,3380871.309682
1667937600000,4.668,4.764,4.529,4.633,782327.702278
1667941200000,4.632,4.686,4.574,4.66,385764.533135
1667944800000,4.66,4.685,4.589,4.636,440580.608345
1667948400000,4.637,4.83,4.614,4.781,513441.409579
1667952000000,4.785,4.871,4.69,4.797,379881.368386
1667955600000,4.797,4.854,4.747,4.753,300957.056796
1667959200000,4.752,4.817,4.6,4.619,365538.610072
1667962800000,4.619,4.721,4.571,4.703,465295.505866
1667966400000,4.703,4.723,4.641,4.68,304300.206135
1667970000000,4.68,4.756,4.6,4.66,282577.53615
1667973600000,4.662,4.759,4.644,4.685,180885.171703
1667977200000,4.686,4.726,4.61,4.633,221708.364734
1667980800000,4.634,4.651,4.509,4.582,522566.507088
1667984400000,4.58,4.586,4.423,4.47,466560.342543
1667988000000,4.468,4.518,4.312,4.478,876435.401179
1667991600000,4.479,4.573,4.456,4.558,328471.673378
1667995200000,4.558,4.62,4.519,4.568,303696.509072
1667998800000,4.567,4.599,4.478,4.508,300913.814978
1668002400000,4.508,4.607,4.433,4.54,217689.478305
1668006000000,4.539,4.606,4.354,4.394,347766.365849
1668009600000,4.393,4.481,4.283,4.407,647543.757536
1668013200000,4.406,4.452,4.327,4.339,147507.404723
1668016800000,4.336,4.346,4.2,4.249,250559.628623
1668020400000,4.25,4.381,4.24,4.318,117034.916883
1668024000000,4.317,4.398,4.21,4.249,204270.802869
1668027600000,4.25,4.251,3.989,4.083,900169.228501
1668031200000,4.083,4.159,4.05,4.11,188575.88259
1668034800000,4.109,4.175,4.048,4.14,326812.464961
1668038400000,4.14,4.245,4.08,4.236,402919.022311
1668042000000,4.235,4.28,4.152,4.177,253498.246634
1668045600000,4.177,4.209,4.152,4.198,194791.951857
1668049200000,4.199,4.392,4.191,4.328,349880.186464
1668052800000,4.328,4.414,4.283,4.381,228853.747616
1668056400000,4.382,4.476,4.38,4.458,314595.328809
1668060000000,4.457,4.501,4.408,4.436,316157.666563
1668063600000,4.436,4.505,4.411,4.461,218377.749792
1668067200000,4.46,4.477,4.325,4.449,287822.81719
1668070800000,4.449,4.463,4.422,4.446,37574.970215
1668074400000,4.444,4.444,4.308,4.331,220845.206149
1668078000000,4.331,4.38,4.3,4.346,241055.946578
1668081600000,4.346,4.457,4.337,4.421,344863.18314
1668085200000,4.42,4.729,4.393,4.704,752140.164881
1668088800000,4.704,4.748,4.649,4.747,528518.430119
1668092400000,4.747,4.79,4.659,4.715,275940.217908
1668096000000,4.714,4.78,4.68,4.701,217034.989434
1668099600000,4.702,4.711,4.487,4.567,233455.636782
1668103200000,4.568,4.625,4.551,4.601,102953.422445
1668106800000,4.6,4.633,4.561,4.626,80019.597448
1668110400000,4.625,4.711,4.581,4.676,134642.335262
1668114000000,4.676,4.699,4.633,4.665,92701.304666
1668117600000,4.663,4.67,4.628,4.655,44898.317527
1668121200000,4.655,4.686,4.6,4.634,90119.486859
1668124800000,4.634,4.667,4.557,4.636,107393.582655
1668128400000,4.636,4.68,4.5,4.527,202521.102535
1668132000000,4.529,4.564,4.437,4.514,184448.731152
1668135600000,4.513,4.513,4.413,4.474,190150.531881
1668139200000,4.473,4.521,4.451,4.482,117093.82119
1668142800000,4.482,4.572,4.471,4.562,184091.62731
1668146400000,4.561,4.581,4.508,4.52,203873.493581
1668150000000,4.52,4.588,4.493,4.56,108504.842045
1668153600000,4.559,4.6,4.527,4.558,113435.493838
1668157200000,4.558,4.58,4.541,4.566,107438.448715
1668160800000,4.566,4.583,4.519,4.553,66331.582267
1668164400000,4.553,4.59,4.504,4.526,141031.29904
1668168000000,4.525,4.555,4.491,4.551,140082.650026
1668171600000,4.552,4.595,4.523,4.525,231383.001913
1668175200000,4.525,4.526,4.2,4.379,651466.708722
1668178800000,4.379,4.431,4.322,4.387,196879.054178
1668182400000,4.389,4.401,4.305,4.372,174757.895765
1668186000000,4.371,4.43,4.36,4.415,82068.531424
1668189600000,4.414,4.44,4.384,4.387,62086.805852
1668193200000,4.387,4.415,4.36,4.406,105075.847719
1668196800000,4.406,4.409,4.324,4.358,44327.877506
1668200400000,4.356,4.42,4.353,4.4,52857.917248
1668204000000,4.401,4.453,4.394,4.444,81581.238041
1668207600000,4.444,4.501,4.413,4.482,93231.682372
1668211200000,4.483,4.497,4.414,4.434,81942.510202
1668214800000,4.435,4.437,4.386,4.419,80544.10864
1668218400000,4.419,4.46,4.41,4.433,72982.103457
1668222000000,4.434,4.445,4.384,4.405,68941.814284
1668225600000,4.406,4.417,4.315,4.323,101918.548091
1668229200000,4.324,4.325,4.254,4.288,217696.516986
1668232800000,4.288,4.338,4.27,4.321,106103.177505
1668236400000,4.32,4.386,4.319,4.34,75898.226275
1668240000000,4.34,4.359,4.291,4.32,86572.887153
1668243600000,4.319,4.34,4.3,4.325,86311.684898
1668247200000,4.325,4.36,4.29,4.305,143978.539642
1668250800000,4.304,4.327,4.29,4.32,97524.996329
1668254400000,4.32,4.347,4.31,4.343,80411.996658
1668258000000,4.344,4.346,4.303,4.32,132912.201095
1668261600000,4.32,4.376,4.27,4.348,186801.626185
1668265200000,4.348,4.365,4.326,4.354,107203.666308
1668268800000,4.354,4.429,4.336,4.418,123774.013161
1668272400000,4.418,4.418,4.334,4.374,92631.625294
1668276000000,4.374,4.377,4.346,4.361,70588.601047
1668279600000,4.36,4.365,4.338,4.351,30592.509693
1668283200000,4.35,4.352,4.316,4.326,26082.195595
1668286800000,4.325,4.341,4.305,4.313,32478.673182
1668290400000,4.312,4.314,4.282,4.305,51100.420664
1668294000000,4.305,4.306,4.224,4.277,191223.379367
1668297600000,4.277,4.312,4.241,4.287,115358.776184
1668301200000,4.287,4.316,4.285,4.303,49150.686778
1668304800000,4.302,4.336,4.299,4.333,58393.708597
1668308400000,4.332,4.347,4.306,4.338,73728.853026
1668312000000,4.339,4.356,4.318,4.327,95494.806959
1668315600000,4.327,4.346,4.324,4.336,44173.214468
1668319200000,4.335,4.34,4.256,4.274,144010.889221
1668322800000,4.274,4.312,4.24,4.287,99396.181787
1668326400000,4.286,4.297,4.243,4.277,106371.51846
1668330000000,4.274,4.274,4.217,4.232,162468.687934
1668333600000,4.232,4.274,4.224,4.258,62916.215449
1668337200000,4.258,4.296,4.246,4.284,86238.666493
1668340800000,4.283,4.295,4.254,4.262,130968.381448
1668344400000,4.262,4.323,4.238,4.29,148039.385279
1668348000000,4.29,4.33,4.281,4.31,87721.167757
1668351600000,4.31,4.468,4.31,4.399,374245.081055
1668355200000,4.398,4.415,4.32,4.356,200962.907463
1668358800000,4.356,4.382,4.3,4.365,127037.3172
1668362400000,4.366,4.375,4.3,4.353,100374.466321
1668366000000,4.352,4.385,4.343,4.381,69009.626682
1668369600000,4.38,4.392,4.314,4.32,48387.716703
1668373200000,4.32,4.348,4.263,4.289,128210.309813
1668376800000,4.289,4.334,4.283,4.317,21972.584929
1668380400000,4.317,4.318,4.245,4.288,125305.2702
1668384000000,4.288,4.32,4.08,4.189,318391.39596
1668387600000,4.189,4.224,4.133,4.163,193201.283201
1668391200000,4.161,4.194,4.091,4.179,229369.250431
1668394800000,4.179,4.196,4.16,4.175,120965.135053
1668398400000,4.176,4.18,4.113,4.153,146311.457642
1668402000000,4.153,4.171,4.11,4.125,98499.091113
1668405600000,4.123,4.289,4.105,4.274,207441.653936
1668409200000,4.275,4.33,4.222,4.317,366363.936696
1668412800000,4.318,4.363,4.3,4.334,211895.647615
1668416400000,4.334,4.354,4.307,4.333,142166.331297
1668420000000,4.334,4.35,4.307,4.33,67113.067056
1668423600000,4.33,4.348,4.309,4.309,74242.052561
1668427200000,4.309,4.34,4.281,4.335,90970.372031
1668430800000,4.334,4.409,4.285,4.331,305518.833454
1668434400000,4.331,4.354,4.27,4.335,178872.896773
1668438000000,4.334,4.361,4.289,4.328,101505.319821
1668441600000,4.329,4.34,4.234,4.281,101845.194092
1668445200000,4.279,4.339,4.27,4.339,81000.154042
1668448800000,4.339,4.34,4.299,4.318,54174.888416
1668452400000,4.319,4.325,4.239,4.254,69293.175186
1668456000000,4.253,4.282,4.237,4.261,54071.883436
1668459600000,4.261,4.276,4.245,4.263,24052.189835
1668463200000,4.262,4.289,4.245,4.274,30925.573568
1668466800000,4.274,4.339,4.274,4.333,115817.64298
1668470400000,4.333,4.358,4.283,4.296,72575.05904
1668474000000,4.297,4.359,4.276,4.337,171374.48895
1668477600000,4.338,4.393,4.333,4.384,93102.460171
1668481200000,4.385,4.407,4.358,4.366,133718.362946
1668484800000,4.366,4.369,4.351,4.357,55810.842424
1668488400000,4.357,4.371,4.341,4.352,75506.093175
1668492000000,4.351,4.376,4.341,4.37,30830.19435
1668495600000,4.369,4.404,4.363,4.399,115061.448862
1668499200000,4.401,4.43,4.395,4.411,141924.62346
1668502800000,4.411,4.415,4.366,4.398,126859.609796
1668506400000,4.398,4.4,4.373,4.392,126635.891647
1668510000000,4.392,4.405,4.364,4.385,70318.75873
1668513600000,4.385,4.413,4.376,4.405,79604.294732
1668517200000,4.404,4.445,4.397,4.429,144590.12177
1668520800000,4.43,4.431,4.37,4.399,113662.690141
1668524400000,4.399,4.509,4.388,4.448,202195.350047
1668528000000,4.448,4.49,4.424,4.477,175963.743759
1668531600000,4.478,4.486,4.441,4.472,60796.88611
1668535200000,4.472,4.475,4.347,4.366,102520.468999
1668538800000,4.366,4.391,4.333,4.376,65296.251214
1668542400000,4.376,4.388,4.344,4.37,27687.547535
1668546000000,4.369,4.389,4.36,4.377,44715.260433
1668549600000,4.376,4.394,4.365,4.373,34192.477071
1668553200000,4.374,4.407,4.364,4.395,45587.471643
1668556800000,4.396,4.429,4.369,4.402,94069.726442
1668560400000,4.403,4.484,4.403,4.484,130905.072226
1668564000000,4.484,4.501,4.442,4.464,118675.099694
1668567600000,4.463,4.48,4.45,4.475,44379.160739
1668571200000,4.476,4.481,4.453,4.461,45503.140948
1668574800000,4.461,4.508,4.456,4.506,75944.019647
1668578400000,4.505,4.549,4.47,4.5,185789.733894
1668582000000,4.5,4.513,4.45,4.451,101450.811318
1668585600000,4.453,4.463,4.385,4.409,166805.165425
1668589200000,4.408,4.414,4.378,4.395,62661.109478
1668592800000,4.395,4.434,4.38,4.417,105440.671074
1668596400000,4.415,4.479,4.404,4.416,154644.985926
1668600000000,4.414,4.437,4.38,4.407,120875.546568
1668603600000,4.406,4.416,4.33,4.358,382177.686416
1668607200000,4.359,4.369,4.28,4.351,204406.833169
1668610800000,4.352,4.372,4.281,4.309,127583.189091
1668614400000,4.31,4.354,4.26,4.332,168817.11869
1668618000000,4.33,4.343,4.315,4.339,122256.141205
1668621600000,4.335,4.335,4.306,4.312,42889.31386
1668625200000,4.311,4.314,4.289,4.299,39291.23713
1668628800000,4.298,4.299,4.27,4.287,24261.438374
1668632400000,4.288,4.296,4.275,4.278,18618.65795
1668636000000,4.278,4.332,4.277,4.329,32180.207475
1668639600000,4.328,4.354,4.313,4.334,81697.795157
1668643200000,4.334,4.376,4.32,4.366,85465.768024
1668646800000,4.367,4.397,4.359,4.369,76915.301566
1668650400000,4.369,4.375,4.326,4.326,58475.502679
1668654000000,4.326,4.347,4.298,4.313,82792.479796
1668657600000,4.315,4.332,4.273,4.314,78086.22218
1668661200000,4.313,4.344,4.311,4.331,52963.957306
1668664800000,4.331,4.342,4.283,4.294,60202.18893
1668668400000,4.293,4.32,4.281,4.319,90197.571195
1668672000000,4.32,4.354,4.304,4.314,115696.82652
1668675600000,4.314,4.317,4.251,4.267,97266.12441
1668679200000,4.266,4.302,4.264,4.271,84691.010807
1668682800000,4.272,4.31,4.268,4.301,56795.349436
1668686400000,4.301,4.302,4.284,4.3,25984.811583
1668690000000,4.299,4.3,4.227,4.26,137914.733105
1668693600000,4.259,4.289,4.242,4.277,95390.355525
1668697200000,4.277,4.336,4.264,4.282,98752.232567
1668700800000,4.281,4.338,4.273,4.329,77511.514685
1668704400000,4.332,4.346,4.322,4.344,36177.042276
1668708000000,4.344,4.35,4.336,4.345,33989.626713
1668711600000,4.345,4.348,4.327,4.33,22993.329538
1668715200000,4.329,4.339,4.321,4.326,16108.465972
1668718800000,4.324,4.339,4.323,4.323,35890.978467
1668722400000,4.323,4.343,4.316,4.339,59354.011957
1668726000000,4.338,4.341,4.295,4.318,47681.320698
1668729600000,4.318,4.385,4.314,4.385,106569.428118
1668733200000,4.385,4.388,4.35,4.366,45256.906853
1668736800000,4.365,4.389,4.351,4.379,48218.437917
1668740400000,4.378,4.388,4.372,4.378,45163.677214
1668744000000,4.378,4.388,4.359,4.379,56878.53535
1668747600000,4.378,4.399,4.373,4.393,48567.679623
1668751200000,4.394,4.415,4.373,4.392,70730.801284
1668754800000,4.392,4.394,4.369,4.375,67926.23023
1668758400000,4.376,4.382,4.339,4.351,108540.059851
1668762000000,4.351,4.365,4.336,4.344,75741.237924
1668765600000,4.344,4.368,4.336,4.345,57488.953424
1668769200000,4.345,4.36,4.341,4.347,28576.585512
1668772800000,4.347,4.399,4.345,4.39,121041.166113
1668776400000,4.389,4.4,4.368,4.373,75299.486175
1668780000000,4.373,4.383,4.326,4.341,66788.158611
1668783600000,4.342,4.343,4.322,4.331,56904.696734
1668787200000,4.329,4.342,4.307,4.317,70634.549923
1668790800000,4.316,4.32,4.288,4.308,134096.009085
1668794400000,4.307,4.309,4.28,4.295,41922.59131
1668798000000,4.294,4.315,4.293,4.313,25392.195254
1668801600000,4.314,4.328,4.308,4.326,26517.888096
1668805200000,4.326,4.34,4.324,4.334,21500.494128
1668808800000,4.336,4.343,4.323,4.33,18806.398345
1668812400000,4.331,4.358,4.331,4.345,32867.211794
1668816000000,4.346,4.35,4.318,4.324,40234.046417
1668819600000,4.322,4.33,4.31,4.33,32258.855627
1668823200000,4.329,4.329,4.289,4.323,61962.697892
1668826800000,4.323,4.338,4.317,4.319,43704.967907
1668830400000,4.32,4.328,4.305,4.31,38009.216531
1668834000000,4.311,4.316,4.256,4.288,85838.234426
1668837600000,4.286,4.299,4.273,4.295,39635.552613
1668841200000,4.296,4.309,4.292,4.297,27919.265139
1668844800000,4.297,4.306,4.281,4.3,34506.131564
1668848400000,4.299,4.305,4.284,4.302,26972.108496
1668852000000,4.302,4.315,4.298,4.309,22371.954556
1668855600000,4.308,4.314,4.302,4.314,16991.310311
1668859200000,4.313,4.328,4.297,4.301,39627.131808
1668862800000,4.301,4.313,4.287,4.304,28987.282432
1668866400000,4.303,4.316,4.296,4.306,48986.288497
1668870000000,4.306,4.397,4.304,4.38,194057.632758
1668873600000,4.38,4.389,4.364,4.383,79949.808603
1668877200000,4.383,4.383,4.358,4.362,26018.148799
1668880800000,4.361,4.386,4.348,4.384,23414.710095
1668884400000,4.385,4.4,4.385,4.392,43775.450461
1668888000000,4.391,4.4,4.382,4.392,15467.297815
1668891600000,4.39,4.402,4.384,4.396,35632.750091
1668895200000,4.397,4.431,4.385,4.404,42310.602243
1668898800000,4.404,4.421,4.374,4.383,49450.556691
1668902400000,4.383,4.414,4.35,4.411,105587.355356
1668906000000,4.413,4.464,4.4,4.425,111656.411022
1668909600000,4.427,4.445,4.41,4.417,49884.09021
1668913200000,4.419,4.42,4.4,4.404,39541.511397
1668916800000,4.406,4.422,4.406,4.416,35888.945369
1668920400000,4.417,4.427,4.414,4.418,58451.038711
1668924000000,4.419,4.431,4.408,4.422,70606.026747
1668927600000,4.421,4.439,4.418,4.427,34470.60644
1668931200000,4.428,4.429,4.35,4.376,155123.000648
1668934800000,4.377,4.391,4.367,4.37,53115.145204
1668938400000,4.371,4.393,4.328,4.35,152733.499542
1668942000000,4.351,4.353,4.313,4.319,136378.912282
1668945600000,4.321,4.331,4.289,4.322,149666.31822
1668949200000,4.322,4.348,4.32,4.335,85064.642052
1668952800000,4.334,4.349,4.312,4.324,56097.386683
1668956400000,4.325,4.336,4.31,4.32,48960.177257
1668960000000,4.319,4.358,4.296,4.357,73880.233838
1668963600000,4.357,4.375,4.321,4.332,43078.384859
1668967200000,4.331,4.348,4.324,4.346,24052.109546
1668970800000,4.346,4.346,4.319,4.328,10458.397256
1668974400000,4.33,4.33,4.27,4.292,66823.048396
1668978000000,4.292,4.298,4.1,4.133,217493.414089
1668981600000,4.132,4.182,4.119,4.167,112418.504491
1668985200000,4.167,4.179,4.13,4.168,107817.515677
1668988800000,4.171,4.206,4.107,4.191,111926.030313
1668992400000,4.19,4.197,4.151,4.163,65886.91377
1668996000000,4.158,4.159,4.07,4.12,243611.550162
1668999600000,4.12,4.142,4.089,4.14,98872.478402
1669003200000,4.138,4.163,4.132,4.136,71466.258128
1669006800000,4.138,4.175,4.135,4.169,40254.555244
1669010400000,4.169,4.17,4.144,4.147,30737.140756
1669014000000,4.147,4.172,4.129,4.152,98212.32141
1669017600000,4.149,4.163,4.132,4.14,71969.375449
1669021200000,4.141,4.175,4.13,4.167,72730.33686
1669024800000,4.168,4.195,4.16,4.189,40019.478629
1669028400000,4.191,4.2,4.181,4.183,25958.433817
1669032000000,4.183,4.197,4.165,4.184,36548.409056
1669035600000,4.184,4.231,4.18,4.192,49149.601873
1669039200000,4.193,4.214,4.183,4.194,92575.396986
1669042800000,4.194,4.195,4.16,4.173,127304.891469
1669046400000,4.172,4.179,4.11,4.15,104861.766017
1669050000000,4.15,4.156,4.118,4.125,49387.04622
1669053600000,4.124,4.129,4.09,4.118,63675.402902
1669057200000,4.117,4.136,4.041,4.097,155923.861574
1669060800000,4.097,4.168,4.091,4.135,67619.704339
1669064400000,4.136,4.155,4.087,4.121,78664.559181
1669068000000,4.117,4.157,4.109,4.137,86072.082233
1669071600000,4.135,4.196,4.133,4.171,64928.75117
1669075200000,4.171,4.212,4.161,4.184,73780.430494
1669078800000,4.185,4.197,4.168,4.171,110216.722356
1669082400000,4.17,4.2,4.16,4.191,57136.140577
1669086000000,4.192,4.218,4.192,4.204,55458.280385
1669089600000,4.203,4.217,4.187,4.19,79283.324538
1669093200000,4.19,4.203,4.17,4.192,57137.789082
1669096800000,4.193,4.204,4.105,4.114,127804.401477
1669100400000,4.113,4.144,4.1,4.139,107496.153361
1669104000000,4.138,4.138,4.101,4.126,86532.171088
1669107600000,4.126,4.132,4.104,4.115,71923.998399
1669111200000,4.113,4.158,4.1,4.152,50986.868056
1669114800000,4.151,4.157,4.119,4.135,45394.370307
1669118400000,4.134,4.182,4.117,4.17,60261.551354
1669122000000,4.171,4.273,4.17,4.264,329997.645816
1669125600000,4.266,4.273,4.234,4.249,123019.833551
1669129200000,4.249,4.303,4.249,4.293,103330.764054
1669132800000,4.297,4.319,4.289,4.3,73480.922673
1669136400000,4.297,4.305,4.275,4.28,45941.337673
1669140000000,4.28,4.313,4.272,4.291,37074.176312
1669143600000,4.29,4.309,4.28,4.304,23980.138958
1669147200000,4.305,4.365,4.303,4.316,80004.341976
1669150800000,4.313,4.317,4.3,4.31,14124.650587
1669154400000,4.31,4.323,4.289,4.304,21709.517562
1669158000000,4.303,4.328,4.301,4.323,53152.84067
1669161600000,4.324,4.339,4.295,4.309,130252.877975
1669165200000,4.308,4.32,4.296,4.305,53823.746685
1669168800000,4.305,4.449,4.304,4.412,354320.582353
1669172400000,4.413,4.419,4.381,4.409,179943.159665
1669176000000,4.409,4.424,4.381,4.397,97205.151079
1669179600000,4.397,4.416,4.393,4.402,81581.578628
1669183200000,4.402,4.41,4.394,4.406,65346.79728
1669186800000,4.406,4.439,4.387,4.418,160303.109093
1669190400000,4.418,4.437,4.406,4.417,56958.408777
1669194000000,4.416,4.456,4.409,4.429,132494.523676
1669197600000,4.431,4.453,4.407,4.441,130574.68222
1669201200000,4.44,4.447,4.415,4.427,100648.618654
1669204800000,4.427,4.43,4.368,4.384,144610.158434
1669208400000,4.384,4.413,4.355,4.359,97900.412377
1669212000000,4.361,4.404,4.341,4.396,154044.270108
1669215600000,4.398,4.406,4.378,4.389,49888.25473
1669219200000,4.388,4.403,4.347,4.352,95953.184675
1669222800000,4.351,4.375,4.348,4.367,39958.986612
1669226400000,4.364,4.415,4.357,4.404,64764.432007
1669230000000,4.403,4.45,4.385,4.421,107226.530067
1669233600000,4.421,4.453,4.406,4.453,56590.514236
1669237200000,4.453,4.455,4.435,4.435,66614.211376
1669240800000,4.435,4.449,4.426,4.435,27768.544388
1669244400000,4.436,4.46,4.434,4.447,74582.27143
1669248000000,4.446,4.454,4.39,4.395,96545.538837
1669251600000,4.396,4.448,4.392,4.441,120097.235999
1669255200000,4.44,4.452,4.425,4.434,113269.315536
1669258800000,4.433,4.458,4.427,4.44,90577.054981
1669262400000,4.44,4.455,4.417,4.42,53153.588255
1669266000000,4.42,4.425,4.397,4.409,76109.319089
1669269600000,4.411,4.428,4.409,4.427,38179.910238
1669273200000,4.426,4.438,4.414,4.418,86738.661244
1669276800000,4.419,4.423,4.398,4.418,69607.184086
1669280400000,4.419,4.428,4.401,4.425,56919.800944
1669284000000,4.425,4.439,4.365,4.389,142255.861185
1669287600000,4.391,4.398,4.37,4.396,73501.313362
1669291200000,4.396,4.399,4.37,4.391,56611.491476
1669294800000,4.39,4.414,4.389,4.406,42133.531784
1669298400000,4.406,4.406,4.371,4.393,86441.014798
1669302000000,4.394,4.405,4.373,4.402,61485.761151
1669305600000,4.403,4.418,4.373,4.398,121475.31246
1669309200000,4.399,4.411,4.374,4.375,57227.181106
1669312800000,4.378,4.378,4.348,4.369,96465.177248
1669316400000,4.369,4.37,4.353,4.365,27759.929802
1669320000000,4.367,4.381,4.359,4.365,30211.71465
1669323600000,4.365,4.378,4.355,4.369,13587.120593
1669327200000,4.367,4.392,4.361,4.391,37071.353175
1669330800000,4.39,4.398,4.378,4.395,47633.636606
1669334400000,4.394,4.399,4.352,4.352,112728.328367
1669338000000,4.352,4.356,4.288,4.3,148840.087501
1669341600000,4.302,4.31,4.255,4.294,134415.761189
1669345200000,4.293,4.293,4.281,4.286,40138.424823
1669348800000,4.286,4.295,4.25,4.268,101889.812254
1669352400000,4.266,4.278,4.258,4.258,66603.707724
1669356000000,4.258,4.306,4.257,4.292,79817.742954
1669359600000,4.291,4.295,4.278,4.29,52474.246918
1669363200000,4.29,4.298,4.265,4.277,79048.3172
1669366800000,4.277,4.29,4.271,4.275,58396.093266
1669370400000,4.275,4.318,4.272,4.309,103301.604613
1669374000000,4.309,4.364,4.294,4.33,172460.251891
1669377600000,4.332,4.351,4.308,4.311,59606.02401
1669381200000,4.31,4.315,4.277,4.299,56114.49339
1669384800000,4.3,4.314,4.278,4.311,53717.166693
1669388400000,4.312,4.326,4.292,4.299,41873.500945
1669392000000,4.299,4.3,4.266,4.277,48251.318932
1669395600000,4.277,4.296,4.277,4.288,25228.939445
1669399200000,4.288,4.3,4.275,4.276,41370.396
1669402800000,4.276,4.289,4.272,4.276,35111.349898
1669406400000,4.275,4.298,4.266,4.283,39307.139444
1669410000000,4.282,4.293,4.281,4.29,7306.480254
1669413600000,4.289,4.29,4.275,4.279,31266.172068
1669417200000,4.279,4.302,4.273,4.301,62388.955955
1669420800000,4.3,4.354,4.294,4.333,126036.848534
1669424400000,4.331,4.37,4.33,4.342,241000.072589
1669428000000,4.343,4.365,4.339,4.342,65698.450901
1669431600000,4.342,4.35,4.336,4.341,55035.892181
1669435200000,4.342,4.348,4.33,4.345,62744.800417
1669438800000,4.345,4.362,4.344,4.357,63517.199071
1669442400000,4.355,4.355,4.314,4.318,68959.585335
1669446000000,4.318,4.327,4.304,4.322,50278.840823
1669449600000,4.321,4.332,4.312,4.321,73004.867453
1669453200000,4.321,4.358,4.321,4.35,79166.287567
1669456800000,4.35,4.361,4.34,4.354,115126.082224
1669460400000,4.355,4.36,4.338,4.356,97196.072263
1669464000000,4.356,4.375,4.349,4.362,179955.75647
1669467600000,4.362,4.374,4.354,4.364,56520.094724
1669471200000,4.363,4.409,4.313,4.339,228152.870841
1669474800000,4.336,4.353,4.31,4.329,150458.363459
1669478400000,4.33,4.341,4.309,4.31,30684.85279
1669482000000,4.309,4.312,4.283,4.302,76952.887857
1669485600000,4.303,4.316,4.292,4.293,91569.636795
1669489200000,4.292,4.31,4.282,4.31,27182.669741
1669492800000,4.31,4.318,4.304,4.307,22866.048093
1669496400000,4.307,4.321,4.307,4.32,22329.485371
1669500000000,4.32,4.321,4.278,4.293,34990.220553
1669503600000,4.293,4.315,4.287,4.308,30773.386317
1669507200000,4.307,4.328,4.297,4.321,73137.186456
1669510800000,4.32,4.394,4.32,4.394,172870.427263
1669514400000,4.393,4.45,4.375,4.435,295547.142437
1669518000000,4.437,4.512,4.423,4.486,414686.762712
1669521600000,4.485,4.501,4.451,4.451,150548.169891
1669525200000,4.452,4.47,4.438,4.447,137221.024054
1669528800000,4.446,4.455,4.426,4.44,79921.802698
1669532400000,4.44,4.479,4.436,4.447,87979.080836
1669536000000,4.446,4.475,4.431,4.438,88417.109832
1669539600000,4.437,4.445,4.415,4.418,79887.521998
1669543200000,4.419,4.474,4.418,4.44,147311.893306
1669546800000,4.44,4.45,4.423,4.441,89414.146504
1669550400000,4.441,4.472,4.434,4.436,61943.499029
1669554000000,4.437,4.444,4.406,4.422,93280.776802
1669557600000,4.423,4.442,4.416,4.432,37525.370566
1669561200000,4.431,4.457,4.416,4.445,62138.875772
1669564800000,4.448,4.5,4.421,4.437,216188.014868
1669568400000,4.437,4.441,4.411,4.438,41024.564702
1669572000000,4.44,4.467,4.439,4.46,19627.859334
1669575600000,4.46,4.46,4.423,4.439,14957.019294
1669579200000,4.439,4.453,4.428,4.443,20284.191552
1669582800000,4.443,4.46,4.441,4.453,9524.918057
1669586400000,4.453,4.457,4.441,4.455,13568.520879
1669590000000,4.454,4.455,4.313,4.347,468215.779844
1669593600000,4.347,4.39,4.342,4.36,150131.857817
1669597200000,4.36,4.377,4.141,4.19,609604.211311
1669600800000,4.188,4.21,4.159,4.18,185484.764308
1669604400000,4.18,4.213,4.174,4.211,126874.582944
1669608000000,4.209,4.223,4.2,4.209,65978.332379
1669611600000,4.211,4.216,4.17,4.176,75579.482172
1669615200000,4.176,4.21,4.176,4.209,111138.703635
1669618800000,4.209,4.226,4.205,4.222,120488.251835
1669622400000,4.221,4.234,4.203,4.225,71246.243404
1669626000000,4.225,4.235,4.204,4.214,28928.304435
1669629600000,4.213,4.215,4.2,4.207,46754.207181
1669633200000,4.206,4.222,4.204,4.22,23999.901209
1669636800000,4.219,4.232,4.2,4.209,60740.422948
1669640400000,4.207,4.23,4.206,4.221,39581.808863
1669644000000,4.221,4.259,4.209,4.229,66897.565035
1669647600000,4.229,4.237,4.187,4.202,80491.662311
1669651200000,4.2,4.269,4.175,4.255,98140.470697
1669654800000,4.256,4.306,4.247,4.276,162486.38095
1669658400000,4.276,4.279,4.249,4.25,51744.549321
1669662000000,4.249,4.282,4.248,4.268,19395.169877
1669665600000,4.269,4.287,4.269,4.285,11941.395092
1669669200000,4.286,4.286,4.258,4.269,21916.996939
1669672800000,4.268,4.273,4.248,4.253,14948.407504
1669676400000,4.253,4.273,4.241,4.256,52637.71164
1669680000000,4.255,4.258,4.219,4.236,91815.248122
1669683600000,4.236,4.277,4.227,4.265,42204.132965
1669687200000,4.264,4.364,4.263,4.317,193321.361656
1669690800000,4.316,4.334,4.302,4.324,50322.100996
1669694400000,4.327,4.385,4.325,4.363,191127.422345
1669698000000,4.364,4.406,4.364,4.373,132200.824996
1669701600000,4.373,4.384,4.352,4.354,57286.926577
1669705200000,4.353,4.373,4.348,4.357,39471.342175
1669708800000,4.357,4.393,4.351,4.381,95257.14356
1669712400000,4.379,4.403,4.365,4.394,67639.326373
1669716000000,4.394,4.394,4.366,4.366,66237.990991
1669719600000,4.366,4.385,4.359,4.371,69548.094077
1669723200000,4.37,4.382,4.354,4.359,76945.499412
1669726800000,4.359,4.359,4.314,4.337,122496.294471
1669730400000,4.337,4.367,4.319,4.335,166696.909037
1669734000000,4.334,4.366,4.327,4.349,87311.050674
1669737600000,4.35,4.357,4.306,4.347,106334.633022
1669741200000,4.347,4.349,4.323,4.336,29339.949727
1669744800000,4.336,4.363,4.333,4.357,33768.934316
1669748400000,4.357,4.368,4.344,4.347,21289.67476
1669752000000,4.348,4.371,4.345,4.366,41037.503313
1669755600000,4.366,4.382,4.349,4.361,56485.121267
1669759200000,4.361,4.373,4.353,4.363,26443.023225
1669762800000,4.364,4.372,4.345,4.349,46104.692091
1669766400000,4.348,4.475,4.348,4.463,350796.340337
1669770000000,4.463,4.506,4.433,4.466,313727.567691
1669773600000,4.467,4.474,4.45,4.456,160596.14182
1669777200000,4.457,4.461,4.363,4.379,224135.02926
1669780800000,4.379,4.404,4.379,4.403,91103.631574
1669784400000,4.403,4.418,4.395,4.415,87506.212487
1669788000000,4.414,4.421,4.392,4.405,70243.853088
1669791600000,4.406,4.428,4.405,4.423,64535.020441
1669795200000,4.423,4.433,4.391,4.405,66303.477557
1669798800000,4.405,4.416,4.371,4.393,72942.716886
1669802400000,4.393,4.403,4.38,4.382,38674.559098
1669806000000,4.382,4.41,4.382,4.41,24902.229615
1669809600000,4.411,4.417,4.363,4.366,74350.507988
1669813200000,4.366,4.393,4.36,4.369,128028.041237
1669816800000,4.369,4.388,4.365,4.369,44759.925919
1669820400000,4.369,4.391,4.36,4.39,71561.691472
1669824000000,4.391,4.392,4.363,4.37,37479.242956
1669827600000,4.37,4.37,4.232,4.288,316432.675642
1669831200000,4.286,4.369,4.255,4.315,150880.15125
1669834800000,4.315,4.371,4.315,4.348,117623.566036
1669838400000,4.35,4.383,4.34,4.383,36993.923132
1669842000000,4.383,4.411,4.37,4.406,35310.571197
1669845600000,4.407,4.429,4.399,4.422,48175.529982
1669849200000,4.42,4.45,4.404,4.418,97775.698782
1669852800000,4.418,4.436,4.37,4.395,118478.233417
1669856400000,4.395,4.395,4.366,4.382,126368.942095
1669860000000,4.382,4.388,4.351,4.379,88078.232891
1669863600000,4.379,4.395,4.377,4.389,44637.626501
1669867200000,4.39,4.402,4.376,4.379,55804.417639
1669870800000,4.38,4.401,4.365,4.382,84762.628153
1669874400000,4.382,4.395,4.38,4.392,63912.482525
1669878000000,4.393,4.395,4.377,4.383,55752.403273
1669881600000,4.383,4.392,4.37,4.386,29668.012821
1669885200000,4.387,4.39,4.368,4.389,43589.856162
1669888800000,4.388,4.412,4.375,4.409,83550.336963
1669892400000,4.41,4.439,4.394,4.414,117432.166319
1669896000000,4.415,4.436,4.399,4.434,82362.934245
1669899600000,4.435,4.48,4.363,4.389,392214.652697
1669903200000,4.389,4.42,4.378,4.408,116004.609704
1669906800000,4.408,4.416,4.35,4.401,127710.574331
1669910400000,4.401,4.418,4.381,4.403,167817.016785
1669914000000,4.403,4.407,4.38,4.393,61355.154295
1669917600000,4.394,4.394,4.371,4.374,41142.596345
1669921200000,4.374,4.387,4.367,4.377,27705.938777
1669924800000,4.375,4.379,4.362,4.363,36074.134184
1669928400000,4.362,4.379,4.351,4.371,41626.039199
1669932000000,4.371,4.386,4.37,4.38,31358.955012
1669935600000,4.384,4.395,4.357,4.394,55056.918874
1669939200000,4.394,4.442,4.377,4.438,104990.309252
1669942800000,4.441,4.446,4.362,4.387,136318.226034
1669946400000,4.386,4.401,4.35,4.399,177976.119427
1669950000000,4.4,4.407,4.38,4.387,45062.99167
1669953600000,4.387,4.431,4.37,4.423,203303.386413
1669957200000,4.423,4.428,4.418,4.423,70491.116795
1669960800000,4.423,4.428,4.4,4.401,48235.191175
1669964400000,4.402,4.453,4.391,4.428,216223.0113
1669968000000,4.427,4.462,4.422,4.452,121933.319301
1669971600000,4.453,4.455,4.434,4.436,90762.695473
1669975200000,4.438,4.666,4.437,4.621,823308.878823
1669978800000,4.62,4.647,4.586,4.605,328976.267751
1669982400000,4.606,4.607,4.545,4.585,199080.631118
1669986000000,4.583,4.7,4.452,4.684,677913.0953
1669989600000,4.684,4.684,4.602,4.618,351436.826393
1669993200000,4.618,4.643,4.569,4.579,189396.579626
1669996800000,4.579,4.579,4.524,4.569,118650.925622
1670000400000,4.567,4.592,4.563,4.577,46814.864374
1670004000000,4.578,4.604,4.578,4.601,26433.471051
1670007600000,4.603,4.621,4.591,4.62,37302.267244
1670011200000,4.619,4.629,4.587,4.616,58645.447092
1670014800000,4.619,4.632,4.606,4.61,38977.183756
1670018400000,4.611,4.638,4.6,4.631,33484.413359
1670022000000,4.632,4.664,4.63,4.644,88905.268771
1670025600000,4.644,4.688,4.56,4.58,214108.121922
1670029200000,4.58,4.602,4.561,4.583,136526.061485
1670032800000,4.582,4.592,4.56,4.573,70960.831611
1670036400000,4.573,4.579,4.534,4.547,140880.336443
1670040000000,4.546,4.578,4.546,4.555,55068.616496
1670043600000,4.555,4.577,4.555,4.568,37941.089541
1670047200000,4.568,4.568,4.516,4.536,140732.315375
1670050800000,4.536,4.543,4.509,4.525,82342.864529
1670054400000,4.525,4.533,4.51,4.522,85338.621504
1670058000000,4.523,4.581,4.515,4.574,52714.108814
1670061600000,4.571,4.572,4.548,4.557,51490.582614
1670065200000,4.557,4.561,4.545,4.55,56955.42006
1670068800000,4.552,4.561,4.528,4.55,53873.16764
1670072400000,4.55,4.55,4.534,4.538,31890.064346
1670076000000,4.538,4.545,4.527,4.542,61813.873072
1670079600000,4.539,4.562,4.538,4.55,51619.393667
1670083200000,4.55,4.552,4.51,4.517,79251.198698
1670086800000,4.518,4.529,4.507,4.519,43576.207722
1670090400000,4.517,4.519,4.508,4.515,23601.6905
1670094000000,4.515,4.521,4.476,4.504,69586.84261
1670097600000,4.504,4.509,4.463,4.479,31044.388458
1670101200000,4.479,4.485,4.45,4.472,59881.265907
1670104800000,4.472,4.472,4.4,4.425,216680.85709
1670108400000,4.425,4.434,4.403,4.431,113027.093718
1670112000000,4.431,4.46,4.426,4.454,81507.504456
1670115600000,4.454,4.483,4.454,4.462,66221.65
1670119200000,4.463,4.486,4.46,4.472,34469.157126
1670122800000,4.472,4.481,4.469,4.472,33594.685563
1670126400000,4.471,4.489,4.469,4.487,53814.692801
1670130000000,4.486,4.5,4.48,4.496,46674.703591
1670133600000,4.497,4.504,4.484,4.498,46830.996565
1670137200000,4.498,4.508,4.48,4.493,105670.177749
1670140800000,4.493,4.5,4.471,4.482,63062.35104
1670144400000,4.481,4.491,4.47,4.47,36024.883547
1670148000000,4.47,4.48,4.47,4.474,27962.13018
1670151600000,4.474,4.482,4.467,4.472,32662.904481
1670155200000,4.472,4.511,4.471,4.499,46596.277052
1670158800000,4.499,4.501,4.469,4.48,110477.369364
1670162400000,4.479,4.49,4.469,4.487,90298.961437
1670166000000,4.489,4.519,4.484,4.519,77967.982321
1670169600000,4.519,4.531,4.504,4.519,67090.123557
1670173200000,4.52,4.549,4.52,4.548,69741.489537
1670176800000,4.55,4.585,4.549,4.564,90007.23825
1670180400000,4.564,4.576,4.55,4.552,32606.381264
1670184000000,4.551,4.572,4.548,4.553,37780.594035
1670187600000,4.554,4.57,4.554,4.558,31875.791606
1670191200000,4.556,4.584,4.556,4.579,66082.538287
1670194800000,4.58,4.6,4.566,4.574,108592.345536
1670198400000,4.574,4.616,4.57,4.584,135851.682619
1670202000000,4.584,4.588,4.566,4.581,97191.938281
1670205600000,4.58,4.583,4.561,4.573,64720.665803
1670209200000,4.574,4.609,4.574,4.579,120908.845085
1670212800000,4.579,4.609,4.579,4.603,99727.544343
1670216400000,4.602,4.621,4.588,4.597,127758.446931
1670220000000,4.598,4.603,4.581,4.584,89414.275379
1670223600000,4.583,4.6,4.569,4.585,121613.272485
1670227200000,4.584,4.62,4.584,4.606,112650.166778
1670230800000,4.606,4.606,4.58,4.603,98189.118694
1670234400000,4.603,4.604,4.591,4.598,78354.701269
1670238000000,4.599,4.6,4.587,4.596,79914.418199
1670241600000,4.595,4.595,4.57,4.581,57192.080572
1670245200000,4.581,4.585,4.542,4.543,100275.188447
1670248800000,4.544,4.586,4.528,4.577,151308.397318
1670252400000,4.577,4.577,4.524,4.561,180114.216657
1670256000000,4.56,4.56,4.512,4.536,99162.130442
1670259600000,4.533,4.557,4.522,4.538,56048.020037
1670263200000,4.536,4.55,4.527,4.542,38502.479134
1670266800000,4.543,4.545,4.47,4.494,206565.376965
1670270400000,4.493,4.501,4.482,4.498,38246.877679
1670274000000,4.499,4.514,4.498,4.512,54998.824359
1670277600000,4.511,4.515,4.499,4.507,34064.325919
1670281200000,4.507,4.529,4.498,4.527,49643.610138
1670284800000,4.529,4.544,4.511,4.524,67281.874816
1670288400000,4.528,4.548,4.528,4.535,25207.642632
1670292000000,4.534,4.55,4.533,4.537,38409.162195
1670295600000,4.538,4.55,4.524,4.525,28998.980561
1670299200000,4.526,4.53,4.495,4.53,76498.557353
1670302800000,4.53,4.53,4.508,4.511,42391.128688
1670306400000,4.509,4.542,4.508,4.531,61395.565243
1670310000000,4.532,4.547,4.528,4.544,40448.501601
1670313600000,4.543,4.629,4.543,4.62,259365.569413
1670317200000,4.621,4.624,4.513,4.522,290613.663422
1670320800000,4.521,4.542,4.51,4.537,164122.791982
1670324400000,4.538,4.544,4.513,4.527,73102.328023
1670328000000,4.527,4.538,4.509,4.522,91770.096441
1670331600000,4.521,4.548,4.517,4.519,120275.45031
1670335200000,4.521,4.55,4.513,4.523,72535.474571
1670338800000,4.522,4.619,4.509,4.598,219354.800303
1670342400000,4.598,4.613,4.568,4.568,95910.002747
1670346000000,4.569,4.57,4.528,4.547,98661.730222
1670349600000,4.547,4.563,4.527,4.559,52321.609097
1670353200000,4.558,4.56,4.536,4.559,30485.171274
1670356800000,4.559,4.562,4.555,4.561,19653.851549
1670360400000,4.559,4.593,4.557,4.581,53578.523499
1670364000000,4.581,4.581,4.557,4.562,35181.870564
1670367600000,4.562,4.598,4.562,4.594,74344.247782
1670371200000,4.594,4.597,4.571,4.577,79204.04983
1670374800000,4.58,4.586,4.558,4.58,54884.037633
1670378400000,4.58,4.582,4.564,4.568,30682.555431
1670382000000,4.568,4.585,4.566,4.575,28776.468462
1670385600000,4.572,4.605,4.571,4.592,125295.671337
1670389200000,4.591,4.595,4.55,4.56,135188.637996
1670392800000,4.559,4.56,4.475,4.488,251786.844987
1670396400000,4.487,4.498,4.192,4.343,1052175.615566
1670400000000,4.343,4.37,4.324,4.349,230871.867222
1670403600000,4.348,4.409,4.347,4.4,128970.228131
1670407200000,4.398,4.41,4.38,4.403,77691.764577
1670410800000,4.403,4.408,4.356,4.363,129829.555186
1670414400000,4.364,4.38,4.347,4.367,84737.239685
1670418000000,4.366,4.399,4.362,4.377,145443.879692
1670421600000,4.377,4.398,4.363,4.379,110898.992127
1670425200000,4.378,4.39,4.358,4.369,81830.006346
1670428800000,4.37,4.376,4.337,4.359,94721.204431
1670432400000,4.36,4.362,4.347,4.35,30148.182633
1670436000000,4.35,4.359,4.329,4.334,56584.520091
1670439600000,4.334,4.346,4.332,4.335,43787.490931
1670443200000,4.334,4.335,4.302,4.322,58388.962841
1670446800000,4.321,4.329,4.306,4.32,62629.560835
1670450400000,4.319,4.339,4.307,4.333,26838.254208
1670454000000,4.333,4.353,4.328,4.351,76876.22067
1670457600000,4.351,4.37,4.34,4.358,67936.288252
1670461200000,4.358,4.379,4.355,4.367,96283.191422
1670464800000,4.367,4.398,4.356,4.379,89841.885237
1670468400000,4.38,4.387,4.366,4.375,71152.563497
1670472000000,4.375,4.381,4.351,4.352,38688.651734
1670475600000,4.356,4.359,4.342,4.352,84861.78037
1670479200000,4.351,4.354,4.341,4.345,33279.419819
1670482800000,4.345,4.38,4.345,4.369,64641.892746
1670486400000,4.371,4.382,4.368,4.38,83572.693807
1670490000000,4.38,4.382,4.331,4.346,102111.431523
1670493600000,4.346,4.36,4.344,4.352,54512.693154
1670497200000,4.351,4.376,4.306,4.366,157167.844834
1670500800000,4.367,4.385,4.355,4.368,72781.79604
1670504400000,4.37,4.384,4.354,4.377,85059.864667
1670508000000,4.378,4.385,4.353,4.373,90140.814052
1670511600000,4.373,4.391,4.366,4.374,88235.683244
1670515200000,4.375,4.38,4.356,4.356,32101.919548
1670518800000,4.357,4.374,4.35,4.369,42806.620761
1670522400000,4.369,4.436,4.363,4.415,101601.883524
1670526000000,4.416,4.441,4.407,4.431,70975.162764
1670529600000,4.432,4.44,4.406,4.415,94019.556074
1670533200000,4.416,4.421,4.406,4.417,59078.134797
1670536800000,4.417,4.42,4.404,4.408,24730.321427
1670540400000,4.408,4.422,4.386,4.396,129933.602264
1670544000000,4.396,4.421,4.383,4.412,224764.04992
1670547600000,4.411,4.456,4.4,4.442,185720.099099
1670551200000,4.443,4.468,4.435,4.456,155427.764295
1670554800000,4.456,4.456,4.428,4.441,99367.021406
1670558400000,4.441,4.449,4.431,4.438,71451.892746
1670562000000,4.438,4.445,4.435,4.438,51684.226059
1670565600000,4.437,4.445,4.428,4.443,31026.107271
1670569200000,4.444,4.464,4.443,4.45,50277.070866
1670572800000,4.45,4.452,4.424,4.431,60427.091088
1670576400000,4.431,4.47,4.43,4.461,100007.271701
1670580000000,4.461,4.463,4.42,4.434,180250.477197
1670583600000,4.435,4.45,4.427,4.447,46972.101529
1670587200000,4.445,4.467,4.425,4.448,88681.873433
1670590800000,4.448,4.455,4.384,4.418,189792.742199
1670594400000,4.419,4.442,4.398,4.431,113027.13554
1670598000000,4.433,4.461,4.426,4.445,88914.882672
1670601600000,4.445,4.447,4.39,4.422,189282.678075
1670605200000,4.422,4.428,4.418,4.424,19194.367841
1670608800000,4.423,4.424,4.409,4.422,27822.030262
1670612400000,4.421,4.429,4.408,4.426,31144.806924
1670616000000,4.426,4.434,4.418,4.424,40267.63513
1670619600000,4.422,4.437,4.415,4.424,39168.985115
1670623200000,4.423,4.428,4.419,4.428,15887.427669
1670626800000,4.429,4.44,4.423,4.439,42662.854976
1670630400000,4.438,4.449,4.423,4.43,38471.91417
1670634000000,4.431,4.432,4.41,4.417,52142.303096
1670637600000,4.416,4.423,4.41,4.411,54513.650087
1670641200000,4.41,4.419,4.403,4.414,63594.060211
1670644800000,4.415,4.417,4.41,4.412,27726.550233
1670648400000,4.412,4.417,4.403,4.403,21089.633899
1670652000000,4.403,4.414,4.401,4.412,32565.717985
1670655600000,4.411,4.413,4.397,4.402,73187.460759
1670659200000,4.402,4.403,4.388,4.394,63613.827846
1670662800000,4.394,4.396,4.371,4.395,67981.44356
1670666400000,4.395,4.397,4.38,4.396,37123.770739
1670670000000,4.398,4.412,4.392,4.408,41185.253239
1670673600000,4.408,4.412,4.394,4.401,34113.578011
1670677200000,4.401,4.408,4.395,4.407,41797.028244
1670680800000,4.407,4.418,4.402,4.413,39438.102955
1670684400000,4.414,4.421,4.407,4.416,47887.863744
1670688000000,4.416,4.42,4.409,4.414,17813.725364
1670691600000,4.413,4.415,4.397,4.401,40485.90777
1670695200000,4.404,4.418,4.398,4.405,28035.661925
1670698800000,4.406,4.41,4.398,4.408,13839.05464
1670702400000,4.407,4.41,4.401,4.403,8379.723425
1670706000000,4.404,4.405,4.388,4.389,8671.597185
1670709600000,4.388,4.388,4.378,4.383,40322.471439
1670713200000,4.383,4.393,4.367,4.383,53642.384323
1670716800000,4.384,4.391,4.377,4.389,37501.832323
1670720400000,4.39,4.402,4.389,4.4,26646.614834
1670724000000,4.399,4.405,4.396,4.4,26971.155725
1670727600000,4.399,4.407,4.396,4.404,33774.967347
1670731200000,4.405,4.41,4.404,4.408,19180.720235
1670734800000,4.409,4.417,4.405,4.407,25740.358115
1670738400000,4.408,4.411,4.402,4.407,23474.461648
1670742000000,4.406,4.422,4.404,4.417,26725.036091
1670745600000,4.418,4.418,4.407,4.415,17166.762308
1670749200000,4.414,4.414,4.39,4.398,44904.496232
1670752800000,4.398,4.407,4.393,4.399,36417.612176
1670756400000,4.399,4.4,4.387,4.398,29407.100174
1670760000000,4.397,4.398,4.384,4.394,27211.352789
1670763600000,4.393,4.403,4.389,4.4,32645.990412
1670767200000,4.398,4.398,4.389,4.396,16110.236075
1670770800000,4.398,4.399,4.387,4.398,18440.409807
1670774400000,4.399,4.401,4.387,4.401,33920.788116
1670778000000,4.4,4.403,4.389,4.39,17635.400143
1670781600000,4.39,4.401,4.387,4.401,37027.177195
1670785200000,4.404,4.415,4.38,4.39,37829.793824
1670788800000,4.39,4.39,4.33,4.345,138920.286946
1670792400000,4.342,4.349,4.324,4.335,57077.338644
1670796000000,4.334,4.334,4.25,4.293,131840.223185
1670799600000,4.293,4.312,4.27,4.278,174492.332045
1670803200000,4.278,4.287,4.263,4.276,169458.051104
1670806800000,4.276,4.282,4.266,4.277,66759.476383
1670810400000,4.276,4.276,4.192,4.22,519329.889646
1670814000000,4.22,4.241,4.206,4.237,96109.678577
1670817600000,4.237,4.238,4.212,4.235,129339.857342
1670821200000,4.235,4.248,4.23,4.242,125304.456276
1670824800000,4.241,4.243,4.216,4.23,77865.586442
1670828400000,4.23,4.235,4.222,4.226,55140.614017
1670832000000,4.225,4.233,4.2,4.228,105624.352454
1670835600000,4.227,4.25,4.224,4.242,96025.773387
1670839200000,4.244,4.258,4.236,4.248,89316.540388
1670842800000,4.249,4.25,4.241,4.25,30744.309165
1670846400000,4.249,4.258,4.219,4.23,91158.506997
1670850000000,4.23,4.246,4.214,4.22,123823.613487
1670853600000,4.22,4.243,4.216,4.239,92122.58254
1670857200000,4.239,4.241,4.216,4.216,148401.362855
1670860800000,4.216,4.228,4.21,4.213,53813.620783
1670864400000,4.213,4.222,4.213,4.218,72953.571937
1670868000000,4.219,4.226,4.215,4.218,24735.606869
1670871600000,4.219,4.222,4.215,4.222,45940.940577
1670875200000,4.222,4.229,4.215,4.229,28032.430898
1670878800000,4.229,4.26,4.225,4.253,98944.29795
1670882400000,4.254,4.282,4.254,4.264,69302.829156
1670886000000,4.264,4.265,4.253,4.259,68939.124305
1670889600000,4.261,4.277,4.253,4.258,47612.82007
1670893200000,4.258,4.263,4.234,4.241,69227.893965
1670896800000,4.241,4.25,4.232,4.238,65051.883192
1670900400000,4.238,4.245,4.234,4.238,84340.256289
1670904000000,4.238,4.247,4.217,4.243,52963.811604
1670907600000,4.243,4.255,4.238,4.25,69613.721147
1670911200000,4.251,4.251,4.208,4.218,60718.355476
1670914800000,4.217,4.218,4.12,4.182,314721.473616
1670918400000,4.183,4.204,4.175,4.189,117009.131132
1670922000000,4.189,4.238,4.187,4.227,88153.715661
1670925600000,4.225,4.26,4.225,4.24,118594.243892
1670929200000,4.241,4.268,4.24,4.26,63823.547853
1670932800000,4.26,4.269,4.248,4.248,100027.716984
1670936400000,4.25,4.367,4.245,4.346,501705.700278
1670940000000,4.348,4.362,4.33,4.337,204897.110743
1670943600000,4.337,4.342,4.317,4.326,83324.981821
1670947200000,4.328,4.349,4.324,4.331,68372.353284
1670950800000,4.331,4.346,4.264,4.275,123560.572084
1670954400000,4.274,4.313,4.274,4.312,50149.907047
1670958000000,4.312,4.322,4.307,4.311,19760.838786
1670961600000,4.311,4.314,4.308,4.312,7372.962547
1670965200000,4.31,4.32,4.307,4.316,18932.983701
1670968800000,4.316,4.327,4.31,4.313,18973.560553
1670972400000,4.314,4.33,4.314,4.326,33228.21656
1670976000000,4.329,4.35,4.316,4.348,93264.246772
1670979600000,4.35,4.352,4.328,4.34,49452.829599
1670983200000,4.339,4.35,4.328,4.35,44274.711799
1670986800000,4.35,4.366,4.346,4.351,104437.956481
1670990400000,4.35,4.368,4.35,4.359,74563.458672
1670994000000,4.359,4.359,4.337,4.347,57402.497061
1670997600000,4.347,4.355,4.34,4.352,29044.267603
1671001200000,4.352,4.373,4.344,4.365,132825.618039
1671004800000,4.364,4.368,4.346,4.349,127026.02549
1671008400000,4.349,4.349,4.33,4.34,60809.438288
1671012000000,4.339,4.349,4.332,4.335,58824.643676
1671015600000,4.336,4.348,4.325,4.332,93667.628001
1671019200000,4.331,4.348,4.325,4.343,77298.956393
1671022800000,4.345,4.348,4.321,4.332,96402.167434
1671026400000,4.332,4.353,4.326,4.351,130668.455504
1671030000000,4.352,4.364,4.341,4.343,129729.816455
1671033600000,4.344,4.356,4.324,4.33,107192.919383
1671037200000,4.329,4.338,4.312,4.312,92222.45519
1671040800000,4.312,4.337,4.284,4.293,186597.172049
1671044400000,4.293,4.314,4.188,4.242,562349.021403
1671048000000,4.239,4.269,4.204,4.222,222227.485473
1671051600000,4.222,4.236,4.222,4.223,49075.412436
1671055200000,4.223,4.234,4.22,4.233,33211.934077
1671058800000,4.233,4.24,4.224,4.229,100893.359848
1671062400000,4.23,4.246,4.218,4.219,97470.726708
1671066000000,4.218,4.227,4.142,4.169,283590.665668
1671069600000,4.168,4.199,4.14,4.199,158437.876599
1671073200000,4.198,4.205,4.191,4.196,83994.490178
1671076800000,4.197,4.2,4.179,4.192,71067.26713
1671080400000,4.191,4.194,4.179,4.189,94582.826959
1671084000000,4.188,4.198,4.175,4.177,69269.221805
1671087600000,4.177,4.188,4.174,4.178,99359.33239
1671091200000,4.179,4.192,4.169,4.175,184354.393964
1671094800000,4.173,4.191,4.168,4.186,73636.890668
1671098400000,4.187,4.189,4.176,4.185,61932.844615
1671102000000,4.184,4.194,4.175,4.191,72022.797241
1671105600000,4.19,4.193,4.176,4.181,59085.609569
1671109200000,4.181,4.183,4.154,4.181,204576.762579
1671112800000,4.181,4.184,4.157,4.165,81229.421526
1671116400000,4.166,4.175,4.158,4.163,65107.302161
1671120000000,4.164,4.165,4.146,4.161,116990.900036
1671123600000,4.16,4.163,4.137,4.144,53962.542305
1671127200000,4.143,4.146,4.095,4.125,176464.362655
1671130800000,4.125,4.137,4.113,4.134,50357.498719
1671134400000,4.135,4.145,4.129,4.138,47708.495982
1671138000000,4.138,4.148,4.118,4.14,51294.792348
1671141600000,4.14,4.14,4.119,4.122,52537.32912
1671145200000,4.123,4.155,4.117,4.154,74576.445465
1671148800000,4.155,4.186,4.143,4.181,127841.698631
1671152400000,4.182,4.183,4.155,4.156,81138.884471
1671156000000,4.157,4.18,4.156,4.164,53320.368487
1671159600000,4.165,4.17,4.156,4.164,50842.266667
1671163200000,4.165,4.182,4.163,4.164,86402.692774
1671166800000,4.164,4.167,4.153,4.162,51542.583811
1671170400000,4.162,4.165,4.146,4.161,42424.495029
1671174000000,4.161,4.18,4.158,4.166,113846.421221
1671177600000,4.165,4.168,4.07,4.083,279120.322549
1671181200000,4.083,4.083,3.754,3.905,2459927.619713
1671184800000,3.904,3.913,3.875,3.892,324581.173543
1671188400000,3.893,3.909,3.886,3.897,178991.511392
1671192000000,3.898,3.898,3.869,3.893,175958.629928
1671195600000,3.891,3.894,3.84,3.852,212562.858437
1671199200000,3.852,3.899,3.81,3.885,349101.749107
1671202800000,3.884,3.884,3.836,3.848,227797.136751
1671206400000,3.848,3.853,3.783,3.807,466912.933746
1671210000000,3.807,3.834,3.806,3.815,129918.99365
1671213600000,3.815,3.825,3.803,3.813,86166.640856
1671217200000,3.812,3.83,3.807,3.83,67064.352012
1671220800000,3.828,3.848,3.824,3.838,62011.125027
1671224400000,3.838,3.839,3.789,3.789,94861.483809
1671228000000,3.789,3.796,2.331,2.891,5230904.409683
1671231600000,2.891,3.039,2.716,3.017,3668073.330612
1671235200000,3.017,3.155,2.971,3.119,2953227.899749
1671238800000,3.118,3.125,3.031,3.042,1267331.753099
1671242400000,3.04,3.05,2.85,3.047,1884964.387013
1671246000000,3.046,3.083,3.024,3.048,1103658.912369
1671249600000,3.05,3.094,3.031,3.086,516803.027766
1671253200000,3.087,3.09,3.033,3.037,430515.45876
1671256800000,3.036,3.066,2.999,3.048,471312.119517
1671260400000,3.049,3.119,3.034,3.096,360015.705808
1671264000000,3.096,3.105,3.059,3.086,478598.144437
1671267600000,3.088,3.088,3.041,3.055,355534.259291
1671271200000,3.054,3.084,3.041,3.07,374631.475185
1671274800000,3.071,3.08,3.01,3.036,340161.279211
1671278400000,3.037,3.063,3.016,3.046,328513.505416
1671282000000,3.045,3.045,3.003,3.026,262419.249975
1671285600000,3.026,3.053,3.017,3.019,188393.652326
1671289200000,3.018,3.038,2.964,3.023,297795.475091
1671292800000,3.023,3.041,2.985,3.033,175715.86803
1671296400000,3.034,3.083,2.992,3,209684.137486
1671300000000,3.001,3.033,2.99,3.016,126027.589729
1671303600000,3.015,3.055,3.014,3.051,108431.734169
1671307200000,3.05,3.069,3.032,3.034,107176.786223
1671310800000,3.035,3.057,3.035,3.052,80546.985489
1671314400000,3.052,3.393,3.044,3.257,500415.918359
1671318000000,3.257,3.258,3.185,3.198,383619.033566
1671321600000,3.199,3.211,3.138,3.159,297585.722438
1671325200000,3.16,3.162,3.108,3.124,179133.096288
1671328800000,3.123,3.154,3.119,3.149,217855.79479
1671332400000,3.148,3.165,3.134,3.14,34820.849647
1671336000000,3.146,3.17,3.14,3.15,37854.013673
1671339600000,3.147,3.155,3.111,3.121,53081.953034
1671343200000,3.121,3.131,3.118,3.125,6983.243641
1671346800000,3.128,3.134,3.128,3.132,1342.616616
1671350400000,3.134,3.134,3.132,3.134,748.569497
1671354000000,3.134,3.134,3.134,3.134,0
1671357600000,3.134,3.134,3.134,3.134,0
1671361200000,3.134,3.134,3.134,3.134,0
1671364800000,3.134,3.134,3.134,3.134,0
1671368400000,3.134,3.134,3.134,3.134,0
1671372000000,3.134,3.134,3.134,3.134,0
1671375600000,3.134,3.134,3.134,3.134,0
1671379200000,3.134,3.134,3.134,3.134,0
1671382800000,3.134,3.134,3.134,3.134,0
1671386400000,3.134,3.134,3.06,3.105,111923.675813
1671390000000,3.104,3.107,3.061,3.079,89805.456367
1671393600000,3.081,3.125,3.079,3.092,68138.028858
1671397200000,3.092,3.095,3.056,3.063,64291.724539
1671400800000,3.063,3.091,3.055,3.07,56938.154222
1671404400000,3.072,3.091,3.049,3.05,50977.73549
1671408000000,3.05,3.113,3.05,3.089,102820.793575
1671411600000,3.09,3.11,3.081,3.097,58306.583732
1671415200000,3.097,3.097,3.035,3.046,97557.184204
1671418800000,3.046,3.052,2.954,2.985,491562.136749
1671422400000,2.985,3.022,2.985,3.018,141223.10289
1671426000000,3.021,3.037,3.006,3.011,65364.132512
1671429600000,3.013,3.032,3.011,3.031,89993.83983
1671433200000,3.031,3.033,3.003,3.019,82178.953129
1671436800000,3.019,3.034,3.013,3.031,53958.554438
1671440400000,3.031,3.047,3.019,3.036,80818.108625
1671444000000,3.035,3.062,3.033,3.051,87502.549487
1671447600000,3.052,3.073,3.004,3.023,157387.411211
1671451200000,3.022,3.053,3.02,3.04,66174.73449
1671454800000,3.04,3.053,3.02,3.021,61281.535483
1671458400000,3.021,3.041,2.994,3.029,145091.161385
1671462000000,3.029,3.037,3.006,3.007,96318.283484
1671465600000,3.008,3.019,2.971,2.99,139626.726206
1671469200000,2.989,2.991,2.832,2.89,696935.399755
1671472800000,2.891,2.909,2.729,2.791,484968.338285
1671476400000,2.789,2.844,2.789,2.822,227307.119952
1671480000000,2.822,2.847,2.819,2.837,93256.798281
1671483600000,2.838,2.853,2.817,2.819,86020.398672
1671487200000,2.817,2.823,2.666,2.789,307485.010543
1671490800000,2.789,2.821,2.777,2.816,157342.937836
1671494400000,2.815,2.889,2.803,2.859,341698.448026
1671498000000,2.858,2.921,2.854,2.904,230294.573217
1671501600000,2.904,2.986,2.885,2.938,337028.974758
1671505200000,2.939,2.968,2.918,2.942,171056.964701
1671508800000,2.941,3.02,2.934,2.987,411868.289326
1671512400000,2.987,3.003,2.963,2.98,238233.549974
1671516000000,2.98,3.001,2.975,2.994,124838.305668
1671519600000,2.996,2.997,2.958,2.975,90742.579291
1671523200000,2.975,3.011,2.958,2.989,138857.036374
1671526800000,2.989,3.011,2.978,2.997,202348.437614
1671530400000,2.998,2.999,2.976,2.98,129836.327487
1671534000000,2.98,3.017,2.966,2.987,270073.866265
1671537600000,2.988,3.027,2.988,2.998,147123.276537
1671541200000,2.998,3.001,2.974,2.986,128871.009834
1671544800000,2.987,3.042,2.954,3.012,239977.484394
1671548400000,3.01,3.118,2.997,3.083,580555.614285
1671552000000,3.084,3.096,3.034,3.053,260231.241296
1671555600000,3.051,3.055,3.007,3.014,109742.33811
1671559200000,3.015,3.026,2.986,3.011,151742.435338
1671562800000,3.012,3.022,2.972,2.979,72103.3492
1671566400000,2.98,2.984,2.933,2.945,132681.803961
1671570000000,2.945,2.955,2.92,2.951,140333.067025
1671573600000,2.95,2.971,2.946,2.964,41544.906276
1671577200000,2.966,2.997,2.964,2.978,116293.418603
1671580800000,2.975,3.007,2.962,2.969,295838.560362
1671584400000,2.968,2.98,2.934,2.945,163358.087235
1671588000000,2.945,2.946,2.911,2.923,115575.699632
1671591600000,2.923,2.942,2.905,2.931,110884.738693
1671595200000,2.93,2.933,2.91,2.92,99159.727937
1671598800000,2.92,2.949,2.903,2.941,98830.804328
1671602400000,2.942,2.953,2.931,2.935,58144.999113
1671606000000,2.936,2.951,2.931,2.933,45688.300844
1671609600000,2.931,2.955,2.906,2.937,168949.714513
1671613200000,2.936,2.945,2.929,2.941,76068.216541
1671616800000,2.941,2.942,2.922,2.929,68842.484431
1671620400000,2.929,2.939,2.917,2.935,72957.807087
1671624000000,2.934,2.935,2.911,2.914,84855.724353
1671627600000,2.914,2.927,2.876,2.907,270021.336059
1671631200000,2.907,2.941,2.891,2.911,142415.51552
1671634800000,2.912,2.925,2.897,2.917,131116.052144
1671638400000,2.917,2.92,2.893,2.898,101328.411237
1671642000000,2.897,2.915,2.889,2.911,73967.772842
1671645600000,2.912,2.924,2.906,2.911,39060.101722
1671649200000,2.911,2.969,2.907,2.936,163978.917006
1671652800000,2.936,2.975,2.921,2.971,94782.442787
1671656400000,2.971,2.988,2.961,2.974,101438.984557
1671660000000,2.975,2.975,2.957,2.96,22349.528127
1671663600000,2.96,2.982,2.949,2.979,92172.889953
1671667200000,2.977,2.99,2.942,2.973,152178.917887
1671670800000,2.974,2.979,2.957,2.959,94819.283624
1671674400000,2.96,2.985,2.952,2.96,127543.885132
1671678000000,2.963,2.972,2.955,2.958,76544.195447
1671681600000,2.958,2.964,2.946,2.951,70306.999252
1671685200000,2.951,2.956,2.927,2.934,154442.221348
1671688800000,2.935,2.94,2.921,2.93,92318.222124
1671692400000,2.93,2.941,2.915,2.94,89443.835915
1671696000000,2.94,2.97,2.934,2.954,132072.172782
1671699600000,2.954,2.98,2.952,2.973,205956.78162
1671703200000,2.973,2.979,2.956,2.964,113265.709089
1671706800000,2.964,2.985,2.954,2.974,78811.194169
1671710400000,2.975,2.998,2.962,2.969,226976.906388
1671714000000,2.969,2.976,2.945,2.951,158404.502768
1671717600000,2.951,2.954,2.901,2.923,250547.875258
1671721200000,2.92,2.923,2.884,2.905,277766.058149
1671724800000,2.904,2.941,2.897,2.931,162078.152887
1671728400000,2.93,2.934,2.903,2.905,92629.988455
1671732000000,2.905,2.925,2.897,2.912,84585.986283
1671735600000,2.914,2.928,2.91,2.928,44184.676543
1671739200000,2.928,2.993,2.924,2.963,188579.35816
1671742800000,2.963,2.991,2.952,2.984,84893.084571
1671746400000,2.986,3.009,2.972,2.982,124079.518131
1671750000000,2.982,2.995,2.979,2.993,83185.524893
1671753600000,2.993,3.014,2.98,2.984,217114.828222
1671757200000,2.987,3,2.98,2.999,90595.670498
1671760800000,2.999,3.03,2.987,3.017,126385.159632
1671764400000,3.019,3.035,3.004,3.013,290687.815744
1671768000000,3.013,3.016,2.991,3,133224.022403
1671771600000,3,3.003,2.98,2.99,89623.884611
1671775200000,2.989,2.998,2.98,2.984,66822.321921
1671778800000,2.983,2.992,2.98,2.988,44501.119124
1671782400000,2.989,2.991,2.974,2.984,88301.579016
1671786000000,2.986,2.988,2.967,2.982,76518.528747
1671789600000,2.983,3.005,2.98,2.988,95041.533695
1671793200000,2.988,2.993,2.977,2.982,35219.157947
1671796800000,2.981,2.988,2.966,2.986,72122.08834
1671800400000,2.986,2.998,2.944,2.981,246340.631574
1671804000000,2.981,2.985,2.953,2.956,121658.387275
1671807600000,2.958,2.994,2.955,2.982,115945.117931
1671811200000,2.982,2.986,2.973,2.978,45574.007431
1671814800000,2.977,2.989,2.977,2.98,22965.292123
1671818400000,2.981,2.994,2.979,2.979,27338.451096
1671822000000,2.98,2.99,2.977,2.987,16606.095277
1671825600000,2.987,2.993,2.978,2.981,15345.706299
1671829200000,2.981,2.989,2.972,2.983,38610.004537
1671832800000,2.984,2.985,2.974,2.975,20844.653376
1671836400000,2.977,2.982,2.965,2.968,32385.080156
1671840000000,2.966,2.988,2.965,2.973,33466.287154
1671843600000,2.972,2.979,2.97,2.971,22163.988556
1671847200000,2.971,2.982,2.971,2.973,29410.032884
1671850800000,2.973,2.99,2.972,2.987,55960.668364
1671854400000,2.987,2.99,2.976,2.979,32189.505552
1671858000000,2.979,2.982,2.967,2.981,33517.211898
1671861600000,2.981,2.981,2.957,2.959,85522.483374
1671865200000,2.958,2.973,2.956,2.968,89499.283581
1671868800000,2.969,2.971,2.96,2.96,45837.605802
1671872400000,2.96,2.962,2.952,2.954,48487.112633
1671876000000,2.954,2.959,2.944,2.946,40855.268694
1671879600000,2.946,2.963,2.942,2.96,47485.824971
1671883200000,2.958,2.96,2.954,2.956,17393.530314
1671886800000,2.957,2.97,2.952,2.952,40566.362734
1671890400000,2.953,2.966,2.95,2.962,31701.592866
1671894000000,2.963,2.968,2.958,2.962,35451.122591
1671897600000,2.959,2.964,2.953,2.96,17103.47348
1671901200000,2.962,2.967,2.956,2.956,17735.019914
1671904800000,2.957,2.96,2.946,2.951,18773.653033
1671908400000,2.954,2.959,2.95,2.953,11227.441953
1671912000000,2.954,2.955,2.944,2.946,9529.989546
1671915600000,2.946,2.95,2.934,2.937,42081.503053
1671919200000,2.937,2.94,2.921,2.923,27014.318885
1671922800000,2.922,2.939,2.918,2.934,40248.7888
1671926400000,2.934,2.941,2.924,2.941,40538.091502
1671930000000,2.941,2.944,2.934,2.936,53170.499451
1671933600000,2.937,2.946,2.929,2.942,41845.711138
1671937200000,2.942,2.953,2.938,2.953,46866.934673
1671940800000,2.952,2.962,2.947,2.95,46366.15947
1671944400000,2.95,2.951,2.929,2.936,107818.460598
1671948000000,2.935,2.936,2.926,2.93,40246.767042
1671951600000,2.931,2.943,2.93,2.933,57273.797669
1671955200000,2.933,2.944,2.93,2.941,85893.839333
1671958800000,2.941,2.951,2.936,2.944,57663.351611
1671962400000,2.943,2.944,2.933,2.939,25784.19202
1671966000000,2.939,2.94,2.923,2.933,48902.67347
1671969600000,2.932,2.947,2.922,2.934,70772.301851
1671973200000,2.933,2.94,2.932,2.94,38753.866172
1671976800000,2.94,2.946,2.895,2.936,212199.643788
1671980400000,2.933,2.952,2.921,2.927,60982.121156
1671984000000,2.926,2.934,2.91,2.931,58944.777294
1671987600000,2.931,2.938,2.924,2.924,17989.663557
1671991200000,2.923,2.93,2.914,2.924,30868.306551
1671994800000,2.924,2.947,2.911,2.946,49984.332319
1671998400000,2.947,2.947,2.937,2.941,14664.310011
1672002000000,2.941,2.962,2.94,2.959,54732.168489
1672005600000,2.961,2.969,2.952,2.953,22944.334389
1672009200000,2.954,2.967,2.952,2.964,35360.129617
1672012800000,2.964,2.966,2.952,2.955,50876.016802
1672016400000,2.956,2.979,2.956,2.978,85764.96371
1672020000000,2.978,2.992,2.97,2.98,112727.61845
1672023600000,2.98,2.988,2.961,2.965,83229.133505
1672027200000,2.966,2.974,2.96,2.97,174546.876237
1672030800000,2.97,2.97,2.949,2.949,85400.031199
1672034400000,2.949,2.96,2.946,2.952,60948.882296
1672038000000,2.952,2.966,2.948,2.956,116870.735516
1672041600000,2.954,2.957,2.943,2.953,51187.856161
1672045200000,2.953,2.958,2.95,2.951,28018.622272
1672048800000,2.951,2.97,2.95,2.963,74392.64036
1672052400000,2.963,2.969,2.961,2.965,40879.117372
1672056000000,2.965,2.975,2.964,2.972,34088.486076
1672059600000,2.973,2.985,2.964,2.983,96292.165158
1672063200000,2.983,2.985,2.972,2.976,31762.525607
1672066800000,2.975,2.975,2.96,2.968,50219.424588
1672070400000,2.969,2.986,2.967,2.982,47848.701899
1672074000000,2.984,2.987,2.978,2.985,26560.690431
1672077600000,2.985,3.007,2.981,2.991,104842.554028
1672081200000,2.991,2.995,2.984,2.986,28431.845896
1672084800000,2.988,2.995,2.986,2.989,11370.852549
1672088400000,2.99,2.997,2.986,2.987,25026.350695
1672092000000,2.986,2.99,2.981,2.981,26518.804109
1672095600000,2.982,3.007,2.979,3.002,42276.917943
1672099200000,3.003,3.017,2.986,2.992,60851.83887
1672102800000,2.992,2.998,2.977,2.981,67419.744668
1672106400000,2.981,2.993,2.979,2.983,80710.230124
1672110000000,2.983,2.984,2.966,2.975,57407.778378
1672113600000,2.975,2.977,2.958,2.967,65162.729793
1672117200000,2.968,2.973,2.963,2.965,48975.162298
1672120800000,2.964,2.977,2.963,2.974,46477.627979
1672124400000,2.974,2.978,2.968,2.975,65653.578131
1672128000000,2.974,2.978,2.963,2.964,70618.847316
1672131600000,2.964,3.128,2.957,3.093,972826.985902
1672135200000,3.097,3.3,3.08,3.214,2390930.429045
1672138800000,3.213,3.213,3.153,3.164,517291.337444
1672142400000,3.163,3.179,3.127,3.162,383306.406746
1672146000000,3.162,3.193,3.156,3.172,189671.328132
1672149600000,3.17,3.198,3.137,3.154,274456.70958
1672153200000,3.153,3.189,3.14,3.161,182197.84282
1672156800000,3.162,3.183,3.148,3.164,76921.626392
1672160400000,3.163,3.166,3.025,3.052,461946.654713
1672164000000,3.051,3.068,3.043,3.055,80928.44884
1672167600000,3.055,3.07,3.047,3.06,96662.007332
1672171200000,3.061,3.063,3.028,3.035,119506.894904
1672174800000,3.035,3.064,3.029,3.057,75031.781819
1672178400000,3.057,3.065,3.053,3.06,53721.194967
1672182000000,3.06,3.075,3.058,3.072,69896.239897
1672185600000,3.072,3.099,3.072,3.076,148940.532039
1672189200000,3.076,3.086,3.044,3.062,169910.166703
1672192800000,3.063,3.07,3.036,3.042,122628.410919
1672196400000,3.042,3.045,2.971,3.012,397469.295329
1672200000000,3.012,3.023,3.002,3.016,136336.266387
1672203600000,3.014,3.018,2.909,2.947,560823.81666
1672207200000,2.945,2.971,2.938,2.959,144170.245099
1672210800000,2.959,2.978,2.954,2.974,120281.065179
1672214400000,2.973,2.98,2.955,2.963,99744.559518
1672218000000,2.963,2.99,2.957,2.98,73285.380764
1672221600000,2.979,2.982,2.957,2.967,89615.567669
1672225200000,2.967,2.99,2.962,2.979,79373.621703
1672228800000,2.981,2.995,2.981,2.983,52183.411876
1672232400000,2.983,2.997,2.978,2.978,40261.768484
1672236000000,2.98,3.017,2.97,3,151292.927617
1672239600000,3,3.032,2.959,2.967,171034.970208
1672243200000,2.967,2.986,2.961,2.97,54539.114928
1672246800000,2.97,3.004,2.968,2.996,79913.230234
1672250400000,2.996,3.012,2.996,3.007,42847.172819
1672254000000,3.009,3.029,3,3.006,81637.91221
1672257600000,3.006,3.03,3.006,3.017,29942.361649
1672261200000,3.017,3.021,2.956,2.988,129464.655011
1672264800000,2.986,3.012,2.975,3.004,56073.134879
1672268400000,3.004,3.017,2.99,2.992,36713.035336
1672272000000,2.993,3.043,2.992,3.032,132805.827084
1672275600000,3.034,3.039,3.01,3.016,57129.064278
1672279200000,3.014,3.023,2.975,3.02,177910.541215
1672282800000,3.02,3.027,3.014,3.026,54681.967945
1672286400000,3.027,3.027,3,3.014,78501.30031
1672290000000,3.011,3.02,3.007,3.018,35897.27422
1672293600000,3.018,3.02,2.993,3,74435.001332
1672297200000,3,3.015,2.988,3.007,84037.43161
1672300800000,3.009,3.013,2.987,2.991,171684.945037
1672304400000,2.991,3.019,2.991,3.009,158734.478744
1672308000000,3.009,3.02,2.994,3.013,130140.41995
1672311600000,3.014,3.021,2.996,3.001,68310.923819
1672315200000,3.002,3.011,2.99,2.996,50515.942383
1672318800000,2.996,3.014,2.993,3.001,74056.88483
1672322400000,3.002,3.037,2.996,3.014,144654.136714
1672326000000,3.016,3.027,3.011,3.019,72715.928126
1672329600000,3.019,3.032,3.01,3.016,79065.05498
1672333200000,3.017,3.021,3.002,3.015,60360.823308
1672336800000,3.015,3.015,3.007,3.014,59181.574586
1672340400000,3.014,3.029,2.991,3.002,86749.766945
1672344000000,3.003,3.01,2.919,2.946,316196.582631
1672347600000,2.946,2.95,2.933,2.934,65798.332538
1672351200000,2.932,2.967,2.926,2.952,67126.896912
1672354800000,2.952,2.984,2.943,2.978,59085.285978
1672358400000,2.977,2.998,2.968,2.986,118204.261205
1672362000000,2.986,2.99,2.951,2.955,89666.417492
1672365600000,2.956,2.979,2.954,2.97,64724.48901
1672369200000,2.97,2.982,2.967,2.975,53936.08249
1672372800000,2.977,2.988,2.972,2.986,32362.831867
1672376400000,2.986,2.988,2.955,2.963,48316.708999
1672380000000,2.962,2.972,2.955,2.961,62744.895728
1672383600000,2.96,2.961,2.92,2.947,172912.589448
1672387200000,2.947,2.951,2.936,2.946,79227.143076
1672390800000,2.946,2.958,2.945,2.955,40543.779966
1672394400000,2.955,2.969,2.948,2.951,66105.335351
1672398000000,2.951,2.957,2.946,2.947,32109.005289
1672401600000,2.947,2.972,2.939,2.96,223827.624085
1672405200000,2.96,2.972,2.947,2.948,62773.037883
1672408800000,2.948,2.971,2.934,2.965,69494.5903
1672412400000,2.966,2.989,2.953,2.977,93508.308964
1672416000000,2.978,2.987,2.968,2.977,31816.829235
1672419600000,2.977,2.988,2.973,2.98,30264.830877
1672423200000,2.982,2.99,2.968,2.99,43021.280055
1672426800000,2.988,2.992,2.981,2.983,28898.223206
1672430400000,2.982,2.985,2.973,2.975,29117.607125
1672434000000,2.977,2.984,2.965,2.967,38759.313891
1672437600000,2.97,2.971,2.96,2.964,21288.313353
1672441200000,2.964,2.98,2.962,2.98,46503.755872
1672444800000,2.979,2.986,2.973,2.976,44068.398356
1672448400000,2.976,2.977,2.967,2.967,42051.136789
1672452000000,2.968,2.982,2.965,2.978,49757.993874
1672455600000,2.978,2.981,2.968,2.969,25790.878817
1672459200000,2.969,2.978,2.964,2.974,31958.730767
1672462800000,2.975,2.979,2.961,2.965,72391.230835
1672466400000,2.965,2.977,2.961,2.976,46170.316409
1672470000000,2.976,2.984,2.972,2.983,41549.859521
1672473600000,2.983,2.984,2.976,2.979,67303.488403
1672477200000,2.979,2.979,2.972,2.975,19798.816379
1672480800000,2.976,2.99,2.975,2.988,84276.704765
1672484400000,2.989,3.001,2.984,2.985,81253.433812
1672488000000,2.986,2.998,2.984,2.991,45682.183864
1672491600000,2.991,3.01,2.991,3.008,87846.208418
1672495200000,3.008,3.125,3.008,3.1,898142.134659
1672498800000,3.1,3.13,3.068,3.08,482730.763297
1672502400000,3.083,3.094,3.047,3.052,227476.06059
1672506000000,3.052,3.059,3.03,3.043,35818.566561
1672509600000,3.042,3.06,3.034,3.04,30998.828374
1672513200000,3.04,3.04,3.025,3.029,20795.67744
1672516800000,3.03,3.052,3.025,3.047,40935.898328
1672520400000,3.047,3.052,3.033,3.034,12504.329424
1672524000000,3.036,3.041,2.982,2.996,118113.156058
1672527600000,2.995,3.015,2.991,3.012,36412.753089
1672531200000,3.014,3.016,2.994,2.998,33434.138503
1672534800000,2.998,3.033,2.996,3.027,37857.457394
1672538400000,3.027,3.039,3.019,3.022,55205.915416
1672542000000,3.022,3.028,3.012,3.019,54256.631158
1672545600000,3.019,3.023,3.013,3.016,31268.84452
1672549200000,3.017,3.053,3.017,3.048,81200.398873
1672552800000,3.048,3.112,3.042,3.075,239725.410754
1672556400000,3.076,3.088,3.054,3.084,89253.447826
1672560000000,3.085,3.09,3.064,3.07,120727.004565
1672563600000,3.068,3.074,3.056,3.066,46078.015457
1672567200000,3.068,3.073,3.055,3.058,41657.946664
1672570800000,3.06,3.077,3.059,3.075,35098.245038
1672574400000,3.075,3.076,3.063,3.074,64507.744215
1672578000000,3.074,3.08,3.067,3.069,29003.273704
1672581600000,3.07,3.098,3.07,3.098,119109.960079
1672585200000,3.096,3.106,3.082,3.097,60719.695104
1672588800000,3.098,3.113,3.085,3.09,46934.387922
1672592400000,3.09,3.101,3.09,3.101,19762.359086
1672596000000,3.1,3.116,3.097,3.1,41110.264509
1672599600000,3.105,3.145,3.105,3.131,56836.620282
1672603200000,3.13,3.149,3.124,3.127,24728.804025
1672606800000,3.13,3.133,3.113,3.125,131460.511245
1672610400000,3.125,3.136,3.116,3.123,46190.851962
1672614000000,3.124,3.135,3.104,3.107,76878.644786
1672617600000,3.108,3.119,3.073,3.077,131497.235379
1672621200000,3.078,3.079,3.047,3.063,119983.870749
1672624800000,3.062,3.078,3.033,3.061,199220.778965
1672628400000,3.062,3.089,3.062,3.082,105789.377927
1672632000000,3.083,3.085,3.067,3.08,50140.673107
1672635600000,3.081,3.096,3.079,3.087,44998.868448
1672639200000,3.088,3.105,3.079,3.083,66326.253896
1672642800000,3.083,3.15,3.079,3.126,335515.79892
1672646400000,3.125,3.193,3.125,3.168,339985.518952
1672650000000,3.168,3.182,3.154,3.161,156201.974921
1672653600000,3.161,3.176,3.143,3.167,161414.230196
1672657200000,3.165,3.17,3.149,3.166,112286.737894
1672660800000,3.166,3.219,3.16,3.194,445845.279039
1672664400000,3.194,3.201,3.153,3.16,183704.223799
1672668000000,3.162,3.172,3.152,3.158,136991.622341
1672671600000,3.16,3.171,3.141,3.167,148038.093255
1672675200000,3.167,3.167,3.143,3.144,64519.728952
1672678800000,3.145,3.152,3.139,3.149,47210.516605
1672682400000,3.15,3.162,3.149,3.157,31686.406912
1672686000000,3.157,3.167,3.154,3.164,21270.532815
1672689600000,3.165,3.167,3.156,3.165,24093.951135
1672693200000,3.168,3.183,3.165,3.171,33172.257292
1672696800000,3.174,3.174,3.143,3.146,44160.427417
1672700400000,3.148,3.162,3.141,3.152,74855.105503
1672704000000,3.153,3.166,3.144,3.159,68679.389363
1672707600000,3.157,3.16,3.106,3.147,172355.999846
1672711200000,3.147,3.19,3.142,3.162,258552.823371
1672714800000,3.162,3.165,3.148,3.156,140892.880023
1672718400000,3.156,3.159,3.133,3.135,151413.858693
1672722000000,3.135,3.171,3.135,3.164,131834.556301
1672725600000,3.165,3.197,3.16,3.164,273201.750104
1672729200000,3.167,3.17,3.154,3.168,102876.893308
1672732800000,3.166,3.171,3.12,3.146,256242.115543
1672736400000,3.146,3.171,3.144,3.167,155692.960177
1672740000000,3.169,3.187,3.158,3.174,202884.107331
1672743600000,3.175,3.187,3.166,3.171,99649.958024
1672747200000,3.171,3.177,3.145,3.157,147565.760258
1672750800000,3.157,3.162,3.137,3.15,126657.169623
1672754400000,3.149,3.177,3.117,3.128,214447.413246
1672758000000,3.126,3.146,3.113,3.14,151493.869444
1672761600000,3.14,3.148,3.073,3.076,254036.621254
1672765200000,3.076,3.096,3.064,3.076,148172.344295
1672768800000,3.077,3.078,3.037,3.048,205375.654539
1672772400000,3.049,3.05,3.027,3.047,84319.188134
1672776000000,3.046,3.061,3.042,3.053,103748.743192
1672779600000,3.053,3.073,3.05,3.072,72375.412414
1672783200000,3.071,3.083,3.062,3.077,52092.274735
1672786800000,3.077,3.103,3.072,3.092,79780.921215
1672790400000,3.092,3.11,3.088,3.103,88870.025623
1672794000000,3.101,3.151,3.101,3.138,186704.845038
1672797600000,3.142,3.186,3.135,3.18,198687.890392
1672801200000,3.183,3.237,3.174,3.22,564468.499272
1672804800000,3.221,3.424,3.213,3.342,1277892.9765
1672808400000,3.343,3.347,3.303,3.318,473243.800697
1672812000000,3.318,3.318,3.268,3.304,381125.083747
1672815600000,3.303,3.306,3.273,3.301,98229.846011
1672819200000,3.3,3.306,3.253,3.269,248914.576895
1672822800000,3.268,3.282,3.254,3.258,114231.137023
1672826400000,3.258,3.28,3.254,3.271,71244.644988
1672830000000,3.269,3.274,3.248,3.252,79295.786937
1672833600000,3.255,3.271,3.237,3.243,117200.77248
1672837200000,3.243,3.281,3.243,3.281,160164.131815
1672840800000,3.281,3.297,3.262,3.269,273719.640572
1672844400000,3.27,3.287,3.236,3.285,159200.333141
1672848000000,3.283,3.309,3.26,3.283,245458.948263
1672851600000,3.282,3.315,3.274,3.285,155642.239394
1672855200000,3.285,3.499,3.277,3.402,816978.244278
1672858800000,3.399,3.399,3.32,3.353,363861.261016
1672862400000,3.354,3.355,3.294,3.3,241218.645607
1672866000000,3.3,3.345,3.288,3.331,100457.229364
1672869600000,3.333,3.355,3.322,3.345,47585.801056
1672873200000,3.345,3.37,3.343,3.355,111719.669204
1672876800000,3.356,3.362,3.3,3.3,211821.517523
1672880400000,3.299,3.339,3.292,3.319,134672.85192
1672884000000,3.318,3.345,3.307,3.331,129102.066852
1672887600000,3.331,3.334,3.302,3.313,116797.881161
1672891200000,3.314,3.329,3.31,3.319,149227.067156
1672894800000,3.318,3.341,3.316,3.336,146625.820881
1672898400000,3.336,3.338,3.296,3.313,210077.350193
1672902000000,3.314,3.317,3.275,3.302,202214.005399
1672905600000,3.303,3.308,3.265,3.283,141038.959639
1672909200000,3.284,3.284,3.243,3.259,138752.916408
1672912800000,3.26,3.283,3.258,3.273,85905.568612
1672916400000,3.273,3.287,3.257,3.282,61305.653703
1672920000000,3.283,3.289,3.267,3.276,34532.721658
1672923600000,3.276,3.284,3.225,3.236,171430.148011
1672927200000,3.233,3.268,3.231,3.262,88850.943288
1672930800000,3.263,3.286,3.262,3.268,95962.606973
1672934400000,3.269,3.289,3.26,3.261,76982.862589
1672938000000,3.261,3.267,3.25,3.26,76198.430673
1672941600000,3.259,3.309,3.259,3.304,51364.329061
1672945200000,3.304,3.328,3.298,3.321,91750.967409
1672948800000,3.321,3.331,3.317,3.32,75631.336988
1672952400000,3.322,3.322,3.297,3.301,56454.078629
1672956000000,3.303,3.319,3.294,3.305,48021.955374
1672959600000,3.305,3.31,3.269,3.288,222028.217438
1672963200000,3.289,3.328,3.269,3.325,207629.477823
1672966800000,3.325,3.338,3.304,3.306,134828.519396
1672970400000,3.306,3.315,3.283,3.314,166700.794257
1672974000000,3.314,3.326,3.3,3.311,140908.248432
1672977600000,3.312,3.323,3.295,3.314,183567.233997
1672981200000,3.313,3.313,3.297,3.304,60055.494612
1672984800000,3.304,3.315,3.262,3.272,253309.551752
1672988400000,3.272,3.277,3.26,3.274,94414.006608
1672992000000,3.274,3.279,3.263,3.274,58947.882502
1672995600000,3.274,3.277,3.247,3.269,84835.65464
1672999200000,3.272,3.287,3.258,3.266,88356.951283
1673002800000,3.266,3.27,3.231,3.238,164046.32437
1673006400000,3.238,3.252,3.216,3.242,166472.803665
1673010000000,3.242,3.279,3.201,3.253,325649.13359
1673013600000,3.253,3.257,3.234,3.244,70243.940702
1673017200000,3.244,3.287,3.24,3.286,73326.75993
1673020800000,3.286,3.306,3.27,3.29,81872.238548
1673024400000,3.29,3.294,3.276,3.282,17481.073619
1673028000000,3.281,3.356,3.281,3.324,258345.652966
1673031600000,3.324,3.348,3.304,3.342,91939.681761
1673035200000,3.345,3.354,3.315,3.317,57918.351398
1673038800000,3.318,3.33,3.318,3.322,28640.250502
1673042400000,3.322,3.354,3.322,3.349,60012.630175
1673046000000,3.348,3.352,3.335,3.338,77117.620473
1673049600000,3.338,3.368,3.325,3.366,125353.86501
1673053200000,3.365,3.369,3.336,3.345,56760.151047
1673056800000,3.347,3.359,3.347,3.356,83451.087058
1673060400000,3.355,3.36,3.341,3.348,58861.761778
1673064000000,3.348,3.35,3.337,3.338,46525.140077
1673067600000,3.338,3.348,3.337,3.348,67532.615693
1673071200000,3.348,3.349,3.334,3.348,62336.566682
1673074800000,3.349,3.398,3.338,3.37,189032.354357
1673078400000,3.37,3.37,3.346,3.347,80453.981153
1673082000000,3.347,3.351,3.34,3.349,34138.818502
1673085600000,3.348,3.349,3.333,3.337,63446.798144
1673089200000,3.337,3.337,3.325,3.327,69935.304159
1673092800000,3.327,3.356,3.321,3.332,136689.372056
1673096400000,3.33,3.351,3.326,3.327,60487.904712
1673100000000,3.326,3.34,3.317,3.338,93503.989761
1673103600000,3.338,3.342,3.32,3.329,51809.008708
1673107200000,3.328,3.328,3.297,3.309,106584.099928
1673110800000,3.308,3.323,3.305,3.316,39216.537057
1673114400000,3.316,3.338,3.314,3.332,15638.046832
1673118000000,3.332,3.395,3.326,3.333,319393.361381
1673121600000,3.335,3.339,3.316,3.325,48082.287349
1673125200000,3.326,3.327,3.288,3.295,55277.883442
1673128800000,3.292,3.298,3.279,3.287,34875.657147
1673132400000,3.286,3.308,3.285,3.299,76588.269028
1673136000000,3.301,3.328,3.271,3.312,106852.014067
1673139600000,3.308,3.387,3.306,3.374,185313.633292
1673143200000,3.376,3.376,3.328,3.339,149696.222745
1673146800000,3.339,3.366,3.332,3.362,118519.184607
1673150400000,3.362,3.376,3.349,3.368,77468.69419
1673154000000,3.368,3.454,3.368,3.418,323741.442908
1673157600000,3.418,3.419,3.378,3.389,177364.048421
1673161200000,3.389,3.406,3.381,3.396,55158.526116
1673164800000,3.395,3.398,3.369,3.386,151606.796316
1673168400000,3.386,3.408,3.363,3.372,90846.287344
1673172000000,3.376,3.383,3.37,3.374,45833.763939
1673175600000,3.374,3.375,3.347,3.35,79611.822248
1673179200000,3.35,3.37,3.35,3.361,42800.842162
1673182800000,3.361,3.375,3.352,3.359,63300.508913
1673186400000,3.359,3.391,3.353,3.382,104096.239779
1673190000000,3.384,3.398,3.368,3.391,88503.023247
1673193600000,3.391,3.399,3.367,3.371,153665.36239
1673197200000,3.373,3.381,3.351,3.355,64374.542056
1673200800000,3.355,3.365,3.34,3.354,62772.628469
1673204400000,3.355,3.371,3.35,3.367,67208.544797
1673208000000,3.369,3.42,3.366,3.399,246455.547875
1673211600000,3.401,3.406,3.377,3.383,89495.890096
1673215200000,3.385,3.4,3.38,3.392,47802.895756
1673218800000,3.392,3.463,3.392,3.446,255860.966975
1673222400000,3.447,3.488,3.433,3.486,285539.632771
1673226000000,3.487,3.604,3.48,3.569,795593.298055
1673229600000,3.567,3.595,3.537,3.541,389757.22556
1673233200000,3.54,3.565,3.527,3.548,216855.612592
1673236800000,3.548,3.579,3.539,3.554,139126.229792
1673240400000,3.555,3.607,3.538,3.539,227703.103598
1673244000000,3.539,3.567,3.53,3.548,125537.369678
1673247600000,3.548,3.585,3.54,3.579,143382.808198
1673251200000,3.58,3.593,3.55,3.561,150885.191658
1673254800000,3.561,3.667,3.555,3.608,496961.918067
1673258400000,3.608,3.816,3.604,3.739,905783.308946
1673262000000,3.737,3.895,3.701,3.775,1226558.92356
1673265600000,3.775,3.836,3.757,3.815,455327.471234
1673269200000,3.815,3.889,3.749,3.783,706636.261212
1673272800000,3.786,3.935,3.734,3.886,751559.476571
1673276400000,3.886,3.908,3.823,3.85,596376.243424
1673280000000,3.85,3.917,3.803,3.859,611437.236053
1673283600000,3.859,3.868,3.784,3.828,388587.676169
1673287200000,3.828,3.858,3.78,3.823,247416.929579
1673290800000,3.825,3.888,3.797,3.858,154776.400277
1673294400000,3.857,3.882,3.752,3.778,232811.929081
1673298000000,3.779,3.874,3.771,3.835,209109.812977
1673301600000,3.835,3.95,3.807,3.82,236291.596829
1673305200000,3.82,3.823,3.76,3.773,324856.189775
1673308800000,3.774,3.844,3.761,3.841,265208.367472
1673312400000,3.842,3.862,3.808,3.823,269894.163964
1673316000000,3.825,3.842,3.65,3.711,608049.371683
1673319600000,3.711,3.729,3.692,3.725,182203.168529
1673323200000,3.725,3.745,3.704,3.745,102510.146446
1673326800000,3.745,3.751,3.713,3.744,88386.900157
1673330400000,3.744,3.762,3.703,3.731,145018.133999
1673334000000,3.734,3.741,3.696,3.707,122027.789019
1673337600000,3.706,3.753,3.698,3.745,195840.041665
1673341200000,3.741,3.765,3.729,3.749,140944.028668
1673344800000,3.747,3.775,3.729,3.756,90038.210011
1673348400000,3.753,3.768,3.718,3.724,116986.058796
1673352000000,3.724,3.751,3.687,3.696,303395.886081
1673355600000,3.696,3.727,3.682,3.72,164091.50325
1673359200000,3.722,3.761,3.708,3.755,272347.006884
1673362800000,3.755,3.778,3.74,3.773,171284.642905
1673366400000,3.773,3.773,3.716,3.735,125302.911801
1673370000000,3.732,3.746,3.718,3.74,87068.67542
1673373600000,3.739,3.792,3.735,3.791,108327.068165
1673377200000,3.793,3.796,3.77,3.79,56467.271575
1673380800000,3.793,3.8,3.76,3.783,111432.081337
1673384400000,3.783,3.783,3.757,3.763,66309.374115
1673388000000,3.762,3.764,3.739,3.746,40559.304509
1673391600000,3.748,3.771,3.742,3.758,123311.988007
1673395200000,3.758,3.777,3.736,3.772,209460.012961
1673398800000,3.773,3.782,3.736,3.763,154893.6699
1673402400000,3.763,3.765,3.685,3.69,262108.311109
1673406000000,3.69,3.721,3.663,3.692,258633.548737
1673409600000,3.692,3.724,3.681,3.692,166395.943185
1673413200000,3.692,3.717,3.688,3.698,101570.102888
1673416800000,3.697,3.716,3.688,3.702,115513.838942
1673420400000,3.702,3.717,3.69,3.709,106403.868009
1673424000000,3.707,3.708,3.672,3.691,110072.293973
1673427600000,3.691,3.702,3.683,3.696,95015.225909
1673431200000,3.698,3.708,3.69,3.705,69124.350684
1673434800000,3.703,3.703,3.658,3.686,160571.413604
1673438400000,3.686,3.686,3.661,3.67,97502.403276
1673442000000,3.67,3.684,3.617,3.644,232723.147143
1673445600000,3.643,3.644,3.606,3.625,221625.483023
1673449200000,3.629,3.639,3.552,3.566,417681.489094
1673452800000,3.565,3.577,3.535,3.544,224816.287909
1673456400000,3.546,3.58,3.543,3.561,95993.150214
1673460000000,3.561,3.598,3.561,3.585,149484.363068
1673463600000,3.584,3.625,3.573,3.623,124290.872673
1673467200000,3.624,3.628,3.597,3.614,108955.782001
1673470800000,3.614,3.631,3.602,3.628,81158.6922
1673474400000,3.628,3.67,3.605,3.662,71291.607073
1673478000000,3.662,3.736,3.66,3.735,305947.823068
1673481600000,3.734,3.792,3.697,3.79,415331.749936
1673485200000,3.792,3.793,3.735,3.767,227762.562621
1673488800000,3.764,3.795,3.747,3.75,226826.443446
1673492400000,3.748,3.809,3.748,3.793,198666.435092
1673496000000,3.793,3.804,3.776,3.789,185374.586602
1673499600000,3.789,3.805,3.752,3.753,156912.766724
1673503200000,3.754,3.783,3.753,3.77,135966.525832
1673506800000,3.769,3.778,3.752,3.766,157541.108488
1673510400000,3.766,3.767,3.715,3.744,175984.085767
1673514000000,3.746,3.749,3.731,3.737,102030.653816
1673517600000,3.737,3.738,3.704,3.724,110629.527935
1673521200000,3.723,3.737,3.71,3.733,62815.171707
1673524800000,3.733,3.747,3.717,3.738,113792.63374
1673528400000,3.738,3.78,3.564,3.764,961328.88334
1673532000000,3.765,3.794,3.65,3.686,470168.71793
1673535600000,3.686,3.716,3.678,3.7,233986.018115
1673539200000,3.697,3.853,3.689,3.802,403222.768833
1673542800000,3.801,3.836,3.761,3.819,409881.720042
1673546400000,3.817,3.832,3.785,3.815,167662.947869
1673550000000,3.814,3.878,3.804,3.837,244805.040913
1673553600000,3.841,3.872,3.828,3.869,109302.596073
1673557200000,3.869,3.876,3.821,3.847,190155.427845
1673560800000,3.844,3.85,3.823,3.842,68460.8374
1673564400000,3.841,3.86,3.831,3.855,121347.21975
1673568000000,3.853,3.947,3.843,3.876,403734.641965
1673571600000,3.875,3.888,3.816,3.86,285297.559965
1673575200000,3.86,3.86,3.831,3.854,106045.773845
1673578800000,3.854,3.885,3.854,3.885,165169.784414
1673582400000,3.885,3.891,3.868,3.868,120341.791491
1673586000000,3.871,3.886,3.825,3.83,153627.434297
1673589600000,3.832,3.865,3.83,3.853,81787.578554
1673593200000,3.853,3.857,3.812,3.829,98716.169653
1673596800000,3.83,3.85,3.822,3.842,87594.093936
1673600400000,3.842,3.87,3.836,3.844,119152.79609
1673604000000,3.841,3.859,3.782,3.828,227353.431217
1673607600000,3.826,3.826,3.79,3.804,109354.058852
1673611200000,3.802,3.816,3.754,3.775,134561.181693
1673614800000,3.781,3.785,3.741,3.758,90906.04206
1673618400000,3.759,3.8,3.747,3.79,100906.124117
1673622000000,3.789,3.846,3.774,3.841,263915.597602
1673625600000,3.841,3.842,3.765,3.779,214126.240771
1673629200000,3.778,3.805,3.766,3.796,188506.230188
1673632800000,3.799,3.825,3.778,3.78,140210.200096
1673636400000,3.779,3.815,3.768,3.811,77865.046529
1673640000000,3.813,3.848,3.793,3.845,93403.203929
1673643600000,3.848,3.982,3.823,3.981,556517.868939
1673647200000,3.983,4.109,3.942,3.981,601002.954782
1673650800000,3.981,4.023,3.96,4.019,212272.879974
1673654400000,4.019,4.414,4,4.244,2142727.95407
1673658000000,4.243,4.489,4.214,4.442,1265973.877158
1673661600000,4.442,4.483,4.333,4.348,668018.189003
1673665200000,4.348,4.361,4.3,4.341,304012.96183
1673668800000,4.339,4.359,4.301,4.353,261698.352094
1673672400000,4.354,4.371,4.296,4.351,334968.63462
1673676000000,4.352,4.505,4.344,4.437,789747.187823
1673679600000,4.436,4.449,4.371,4.418,398125.433595
1673683200000,4.418,4.508,4.407,4.429,416164.468899
1673686800000,4.427,4.443,3.949,4.188,1822773.122917
1673690400000,4.187,4.221,4.087,4.199,445199.825855
1673694000000,4.199,4.25,4.167,4.223,229269.200133
1673697600000,4.223,4.284,4.192,4.24,196107.584953
1673701200000,4.239,4.243,4.176,4.218,210126.53468
1673704800000,4.219,4.32,4.128,4.234,576030.300403
1673708400000,4.235,4.306,4.204,4.291,351358.26492
1673712000000,4.289,4.313,4.224,4.246,917630.292705
1673715600000,4.247,4.282,4.207,4.222,173141.067132
1673719200000,4.22,4.274,4.212,4.255,128714.265653
1673722800000,4.254,4.268,4.187,4.213,204493.838443
1673726400000,4.213,4.252,4.19,4.245,147955.706381
1673730000000,4.247,4.34,4.223,4.34,194821.808922
1673733600000,4.34,4.487,4.302,4.456,165973.338271
1673737200000,4.456,4.867,4.446,4.805,1595851.879687
1673740800000,4.805,4.809,4.55,4.665,1208507.971628
1673744400000,4.669,4.72,4.6,4.636,697288.772785
1673748000000,4.636,4.699,4.595,4.62,741181.391057
1673751600000,4.619,4.674,4.534,4.658,462774.012035
1673755200000,4.659,4.682,4.625,4.659,185410.369242
1673758800000,4.659,4.71,4.634,4.676,250187.357245
1673762400000,4.677,4.678,4.576,4.588,281658.249425
1673766000000,4.589,4.598,4.503,4.592,295951.647394
1673769600000,4.594,4.594,4.448,4.504,438919.126937
1673773200000,4.504,4.579,4.489,4.575,228381.478379
1673776800000,4.572,4.598,4.549,4.577,193425.018068
1673780400000,4.575,4.734,4.561,4.659,416879.956643
1673784000000,4.658,4.744,4.651,4.696,411993.833034
1673787600000,4.695,4.76,4.633,4.645,544456.677134
1673791200000,4.645,4.734,4.641,4.725,290486.077745
1673794800000,4.726,4.987,4.712,4.895,1366408.493571
1673798400000,4.892,4.937,4.736,4.767,795948.433181
1673802000000,4.766,4.822,4.676,4.706,488814.307378
1673805600000,4.705,4.736,4.612,4.691,511567.604194
1673809200000,4.693,4.739,4.652,4.687,247247.357464
1673812800000,4.693,4.768,4.666,4.743,225405.531713
1673816400000,4.745,4.774,4.734,4.767,85436.701862
1673820000000,4.768,4.774,4.688,4.749,103773.186358
1673823600000,4.749,4.765,4.673,4.701,159523.954298
1673827200000,4.703,4.807,4.63,4.718,546850.678334
1673830800000,4.72,4.796,4.701,4.787,319965.552924
1673834400000,4.787,4.859,4.77,4.791,372668.165278
1673838000000,4.793,4.81,4.717,4.728,237350.652173
1673841600000,4.728,4.766,4.698,4.742,180629.334527
1673845200000,4.741,4.792,4.728,4.787,135090.528786
1673848800000,4.789,4.801,4.747,4.76,170996.204926
1673852400000,4.76,4.796,4.714,4.746,314151.176901
1673856000000,4.749,4.758,4.471,4.602,1144211.621704
1673859600000,4.603,4.626,4.577,4.612,162621.760547
1673863200000,4.612,4.654,4.612,4.623,110505.15101
1673866800000,4.624,4.627,4.582,4.584,180941.734285
1673870400000,4.585,4.626,4.525,4.541,254137.466108
1673874000000,4.54,4.613,4.533,4.574,340406.183344
1673877600000,4.574,4.594,4.512,4.555,187255.725637
1673881200000,4.555,4.593,4.418,4.568,554324.424677
1673884800000,4.568,4.579,4.526,4.554,209279.526243
1673888400000,4.553,4.618,4.543,4.612,180516.945167
1673892000000,4.612,4.618,4.57,4.61,91173.310841
1673895600000,4.611,4.65,4.6,4.623,220089.027696
1673899200000,4.624,4.644,4.603,4.614,74178.851299
1673902800000,4.616,4.622,4.566,4.604,149926.327434
1673906400000,4.604,4.641,4.581,4.588,68780.458427
1673910000000,4.588,4.597,4.554,4.572,114248.92336
1673913600000,4.571,4.611,4.512,4.534,221510.373061
1673917200000,4.534,4.561,4.428,4.492,318791.827883
1673920800000,4.492,4.52,4.463,4.52,136867.246144
1673924400000,4.52,4.53,4.501,4.527,96853.138334
1673928000000,4.527,4.572,4.515,4.559,106899.716976
1673931600000,4.559,4.596,4.559,4.588,117385.511156
1673935200000,4.588,4.735,4.557,4.651,340695.453536
1673938800000,4.653,4.759,4.633,4.731,429141.302144
1673942400000,4.732,4.778,4.696,4.728,256803.574134
1673946000000,4.725,4.726,4.68,4.704,153325.181227
1673949600000,4.704,4.71,4.665,4.698,82738.628145
1673953200000,4.698,4.885,4.698,4.757,827438.054056
1673956800000,4.756,4.771,4.72,4.74,440810.76124
1673960400000,4.741,4.775,4.707,4.762,260156.242688
1673964000000,4.762,4.798,4.64,4.774,476225.08479
1673967600000,4.774,4.781,4.691,4.725,219993.392304
1673971200000,4.725,4.73,4.663,4.667,210124.421373
1673974800000,4.666,4.712,4.629,4.708,86142.300318
1673978400000,4.712,4.741,4.693,4.731,105714.480279
1673982000000,4.733,4.749,4.716,4.745,75207.171638
1673985600000,4.746,4.765,4.732,4.763,74489.324595
1673989200000,4.763,4.764,4.719,4.744,42053.638487
1673992800000,4.742,4.742,4.679,4.685,51824.809723
1673996400000,4.681,4.714,4.611,4.627,203245.955229
1674000000000,4.63,4.679,4.624,4.645,136273.301839
1674003600000,4.646,4.728,4.646,4.726,176802.800672
1674007200000,4.726,4.731,4.632,4.71,184901.610603
1674010800000,4.709,4.719,4.67,4.672,152659.847162
1674014400000,4.672,4.686,4.654,4.662,57527.103106
1674018000000,4.662,4.7,4.646,4.686,245411.277663
1674021600000,4.686,4.686,4.6,4.633,146242.033242
1674025200000,4.631,4.654,4.61,4.647,124795.6687
1674028800000,4.648,4.653,4.554,4.581,187340.999989
1674032400000,4.582,4.622,4.548,4.603,102163.680081
1674036000000,4.605,4.631,4.59,4.604,64023.939638
1674039600000,4.604,4.633,4.598,4.605,72340.570596
1674043200000,4.606,4.639,4.606,4.631,51052.823747
1674046800000,4.632,4.67,4.572,4.656,229859.283408
1674050400000,4.657,4.71,4.646,4.697,273698.736096
1674054000000,4.697,4.739,4.4,4.499,894413.4961
1674057600000,4.494,4.497,4.25,4.413,1634494.381355
1674061200000,4.414,4.495,4.399,4.414,522640.491644
1674064800000,4.415,4.478,4.39,4.417,181211.050028
1674068400000,4.418,4.424,4.395,4.395,57873.908817
1674072000000,4.397,4.404,4.302,4.326,180880.319073
1674075600000,4.326,4.359,4.316,4.321,147769.834164
1674079200000,4.322,4.325,4.261,4.322,148408.990116
1674082800000,4.321,4.331,4.216,4.252,354155.699412
1674086400000,4.252,4.314,4.248,4.28,171107.567948
1674090000000,4.281,4.348,4.279,4.317,163571.519087
1674093600000,4.317,4.36,4.305,4.351,169274.731805
1674097200000,4.351,4.387,4.349,4.36,96574.138943
1674100800000,4.362,4.411,4.351,4.402,147149.079734
1674104400000,4.401,4.431,4.377,4.394,133700.280861
1674108000000,4.392,4.408,4.369,4.383,126985.176804
1674111600000,4.386,4.391,4.351,4.368,203423.106327
1674115200000,4.368,4.39,4.359,4.365,85387.218214
1674118800000,4.364,4.398,4.356,4.394,94336.211279
1674122400000,4.393,4.4,4.331,4.359,133924.56521
1674126000000,4.36,4.361,4.302,4.323,110592.044325
1674129600000,4.322,4.342,4.282,4.316,99462.26072
1674133200000,4.315,4.333,4.251,4.329,160822.204894
1674136800000,4.328,4.351,4.286,4.331,117780.179978
1674140400000,4.331,4.365,4.321,4.333,125073.726184
1674144000000,4.335,4.358,4.308,4.336,138851.789865
1674147600000,4.336,4.367,4.311,4.328,88121.440119
1674151200000,4.326,4.369,4.315,4.369,100837.184496
1674154800000,4.367,4.432,4.36,4.418,290140.05093
1674158400000,4.419,4.439,4.399,4.423,78385.279091
1674162000000,4.425,4.426,4.372,4.374,70590.762974
1674165600000,4.373,4.392,4.369,4.389,41027.677927
1674169200000,4.39,4.425,4.373,4.407,120640.819435
1674172800000,4.406,4.408,4.353,4.366,105559.221298
1674176400000,4.365,4.418,4.35,4.405,167435.745553
1674180000000,4.406,4.434,4.395,4.396,117354.127057
1674183600000,4.396,4.404,4.384,4.395,55935.961372
1674187200000,4.399,4.415,4.361,4.367,89232.720845
1674190800000,4.366,4.389,4.355,4.368,83977.122873
1674194400000,4.367,4.384,4.343,4.358,77295.196612
1674198000000,4.358,4.388,4.354,4.374,51770.180044
1674201600000,4.375,4.377,4.336,4.363,62461.575807
1674205200000,4.362,4.379,4.347,4.375,40056.48046
1674208800000,4.375,4.383,4.355,4.379,50116.318788
1674212400000,4.376,4.384,4.358,4.362,38907.372776
1674216000000,4.362,4.409,4.353,4.405,147945.124688
1674219600000,4.406,4.419,4.385,4.387,105956.981913
1674223200000,4.385,4.411,4.365,4.407,77304.364073
1674226800000,4.409,4.434,4.4,4.42,102173.297488
1674230400000,4.42,4.486,4.41,4.467,122950.91845
1674234000000,4.467,4.53,4.467,4.509,127471.571683
1674237600000,4.512,4.558,4.506,4.544,109553.828113
1674241200000,4.546,4.582,4.532,4.58,106013.250963
1674244800000,4.583,4.705,4.579,4.699,335554.581944
1674248400000,4.699,4.743,4.668,4.711,224519.829688
1674252000000,4.71,4.75,4.675,4.694,208218.972097
1674255600000,4.695,4.782,4.695,4.741,263979.253216
1674259200000,4.74,4.78,4.688,4.717,429550.576922
1674262800000,4.717,5.02,4.717,4.928,1180529.051518
1674266400000,4.928,5.001,4.903,4.909,350020.685152
1674270000000,4.909,4.918,4.852,4.898,180004.52989
1674273600000,4.9,4.964,4.9,4.963,156011.925305
1674277200000,4.963,4.966,4.905,4.924,143949.635086
1674280800000,4.924,4.957,4.9,4.955,106021.141445
1674284400000,4.955,5.06,4.92,5.017,300002.503112
1674288000000,5.017,5.094,4.932,4.953,291218.545611
1674291600000,4.953,5.003,4.935,4.995,387522.731404
1674295200000,4.995,5.029,4.815,4.898,1189190.765772
1674298800000,4.897,4.91,4.844,4.878,254732.242014
1674302400000,4.876,4.939,4.874,4.931,185748.166558
1674306000000,4.929,4.969,4.875,4.912,296310.422985
1674309600000,4.911,4.921,4.885,4.886,116952.791588
1674313200000,4.888,4.926,4.817,4.844,427822.33327
1674316800000,4.843,5.158,4.841,5.02,826250.885296
1674320400000,5.02,5.02,4.929,4.965,332131.578854
1674324000000,4.965,4.988,4.921,4.98,79005.816789
1674327600000,4.981,5.015,4.959,4.979,81087.203573
1674331200000,4.982,5.042,4.959,5.04,97285.11444
1674334800000,5.039,5.196,5.029,5.156,394079.415021
1674338400000,5.153,5.153,5.022,5.025,146561.016409
1674342000000,5.023,5.145,4.925,4.951,527379.117827
1674345600000,4.952,5.027,4.926,4.967,217722.570699
1674349200000,4.965,4.968,4.9,4.948,243694.211596
1674352800000,4.947,4.98,4.91,4.951,167324.309335
1674356400000,4.952,5.039,4.952,4.97,300907.093353
1674360000000,4.967,5.052,4.952,5.027,228167.400106
1674363600000,5.03,5.044,4.983,5.012,160564.460307
1674367200000,5.006,5.082,4.997,5.046,148739.261956
1674370800000,5.045,5.056,5.007,5.026,114982.872545
1674374400000,5.026,5.192,4.989,5.099,648492.906058
1674378000000,5.097,5.236,5.076,5.211,420459.704922
1674381600000,5.209,5.377,5.162,5.29,670702.018372
1674385200000,5.29,5.325,5.207,5.235,291507.220028
1674388800000,5.237,5.25,5.162,5.196,285360.699096
1674392400000,5.196,5.486,5.182,5.459,765988.24945
1674396000000,5.457,5.499,5.381,5.407,907090.993637
1674399600000,5.407,5.532,5.3,5.473,839428.685456
1674403200000,5.47,5.48,5.321,5.465,633918.080454
1674406800000,5.466,5.786,5.465,5.736,1006305.14526
1674410400000,5.737,5.746,5.665,5.695,281061.2034
1674414000000,5.695,5.695,5.571,5.603,233428.283587
1674417600000,5.603,5.609,5.324,5.369,663642.876361
1674421200000,5.366,5.415,5.294,5.367,347739.270321
1674424800000,5.366,5.382,5.306,5.372,161573.911557
1674428400000,5.371,5.467,5.369,5.43,257878.698454
1674432000000,5.428,5.527,5.396,5.455,383588.38904
1674435600000,5.457,5.68,5.457,5.634,359344.825599
1674439200000,5.634,5.733,5.589,5.685,332251.213267
1674442800000,5.686,5.777,5.482,5.539,759212.627714
1674446400000,5.538,5.586,5.411,5.583,366183.340444
1674450000000,5.583,5.587,5.471,5.505,233485.854592
1674453600000,5.5,5.533,5.471,5.508,138320.439135
1674457200000,5.51,5.515,5.413,5.44,217881.17479
1674460800000,5.443,5.499,5.382,5.407,280924.994042
1674464400000,5.407,5.466,5.386,5.448,134114.692733
1674468000000,5.447,5.561,5.423,5.521,215408.78977
1674471600000,5.521,5.551,5.479,5.519,130833.41774
1674475200000,5.519,5.519,5.403,5.417,220877.587582
1674478800000,5.417,5.425,5.21,5.274,776850.577374
1674482400000,5.276,5.392,5.138,5.179,658002.967237
1674486000000,5.18,5.357,5.158,5.304,355941.622765
1674489600000,5.304,5.36,5.24,5.317,266766.53863
1674493200000,5.314,5.391,5.262,5.387,101715.88852
1674496800000,5.387,5.454,5.372,5.383,161731.99457
1674500400000,5.383,5.53,5.355,5.477,296176.919072
1674504000000,5.474,5.475,5.418,5.449,104217.24248
1674507600000,5.448,5.466,5.415,5.434,68482.091299
1674511200000,5.434,5.438,5.365,5.381,56676.84613
1674514800000,5.382,5.492,5.38,5.421,184159.673353
1674518400000,5.421,5.462,5.359,5.385,186324.406422
1674522000000,5.39,5.42,5.322,5.413,174179.734047
1674525600000,5.413,5.477,5.4,5.42,278237.55205
1674529200000,5.421,5.5,5.411,5.492,103583.339211
1674532800000,5.493,5.508,5.446,5.477,138517.397378
1674536400000,5.476,5.496,5.435,5.466,98251.03308
1674540000000,5.466,5.558,5.456,5.504,273368.711905
1674543600000,5.504,5.504,5.438,5.459,103965.979479
1674547200000,5.463,5.491,5.442,5.451,50336.380036
1674550800000,5.455,5.455,5.341,5.364,291915.202205
1674554400000,5.364,5.39,5.341,5.351,116908.817224
1674558000000,5.351,5.372,5.304,5.345,170297.003121
1674561600000,5.348,5.388,5.34,5.351,78638.358048
1674565200000,5.351,5.377,5.247,5.281,181797.765634
1674568800000,5.28,5.307,5.22,5.269,362516.869816
1674572400000,5.271,5.297,5.235,5.292,120655.707571
1674576000000,5.292,5.323,5.213,5.244,198385.041608
1674579600000,5.246,5.257,5.15,5.237,233542.227859
1674583200000,5.236,5.27,5.227,5.257,50579.42057
1674586800000,5.259,5.278,5.247,5.274,40805.662055
1674590400000,5.274,5.303,5.185,5.226,94423.816578
1674594000000,5.225,5.253,5.008,5.111,327952.609881
1674597600000,5.111,5.142,4.838,4.963,532720.409982
1674601200000,4.963,5,4.9,4.999,337310.902117
1674604800000,4.997,5.032,4.908,4.961,317676.806867
1674608400000,4.961,4.984,4.808,4.919,373363.986813
1674612000000,4.918,4.974,4.912,4.945,139682.105856
1674615600000,4.945,4.981,4.932,4.981,67832.299311
1674619200000,4.981,5.021,4.966,4.997,87396.869704
1674622800000,4.996,5.042,4.989,5.034,101812.324722
1674626400000,5.034,5.135,5.032,5.118,222814.630059
1674630000000,5.116,5.146,5.102,5.129,123447.018055
1674633600000,5.129,5.164,5.072,5.083,248132.563952
1674637200000,5.082,5.084,5.02,5.024,217284.475191
1674640800000,5.027,5.065,4.993,5.044,208282.356144
1674644400000,5.045,5.061,5.02,5.038,60013.039836
1674648000000,5.037,5.175,5.036,5.143,333528.999622
1674651600000,5.144,5.209,5.115,5.144,309841.984449
1674655200000,5.141,5.197,5.06,5.127,371676.821212
1674658800000,5.126,5.442,5.089,5.309,709470.131683
1674662400000,5.308,5.546,5.3,5.514,950399.648242
1674666000000,5.515,5.537,5.28,5.3,378090.831102
1674669600000,5.299,5.53,5.271,5.497,267302.895958
1674673200000,5.498,5.628,5.438,5.576,603134.727193
1674676800000,5.575,5.595,5.497,5.527,242830.982789
1674680400000,5.527,5.573,5.433,5.563,366102.838775
1674684000000,5.564,5.699,5.404,5.425,439451.093587
1674687600000,5.426,5.524,5.405,5.455,280617.049661
1674691200000,5.455,5.547,5.421,5.538,217619.02445
1674694800000,5.538,5.663,5.516,5.587,328622.11611
1674698400000,5.587,5.609,5.482,5.5,168112.331268
1674702000000,5.502,5.527,5.469,5.483,130002.900779
1674705600000,5.484,5.529,5.436,5.481,252619.179774
1674709200000,5.483,5.492,5.426,5.481,208799.828814
1674712800000,5.48,5.543,5.371,5.462,319548.165995
1674716400000,5.463,5.472,5.371,5.382,210715.906855
1674720000000,5.382,5.415,5.34,5.391,177900.305498
1674723600000,5.388,5.423,5.325,5.368,137877.54936
1674727200000,5.368,5.386,5.306,5.34,222607.197621
1674730800000,5.34,5.351,5.294,5.318,165982.410365
1674734400000,5.317,5.383,5.306,5.353,198992.892048
1674738000000,5.353,5.398,5.229,5.39,462834.158604
1674741600000,5.389,5.458,5.309,5.344,451629.5052
1674745200000,5.343,5.416,5.244,5.268,314242.44216
1674748800000,5.271,5.346,5.169,5.333,341960.400187
1674752400000,5.333,5.405,5.315,5.332,162497.329168
1674756000000,5.333,5.395,5.307,5.36,75455.921016
1674759600000,5.355,5.383,5.314,5.378,72663.04312
1674763200000,5.377,5.435,5.363,5.424,80352.083983
1674766800000,5.423,5.486,5.365,5.451,99507.500183
1674770400000,5.45,5.461,5.389,5.399,65693.776271
1674774000000,5.401,5.539,5.393,5.433,204935.68279
1674777600000,5.433,5.486,5.3,5.32,238915.943036
1674781200000,5.319,5.372,5.213,5.265,374053.529895
1674784800000,5.263,5.356,5.261,5.335,161958.857422
1674788400000,5.34,5.372,5.312,5.32,79933.859344
1674792000000,5.32,5.4,5.318,5.342,122968.563437
1674795600000,5.341,5.401,5.328,5.392,119248.552526
1674799200000,5.392,5.4,5.36,5.369,92313.939004
1674802800000,5.369,5.396,5.341,5.394,96062.228479
1674806400000,5.394,5.419,5.342,5.349,111369.542498
1674810000000,5.348,5.388,5.328,5.377,87278.651044
1674813600000,5.374,5.386,5.302,5.32,92384.126015
1674817200000,5.318,5.338,5.3,5.324,93531.460515
1674820800000,5.321,5.347,5.263,5.282,138310.18922
1674824400000,5.277,5.318,5.202,5.245,476383.62136
1674828000000,5.242,5.283,5.179,5.259,220402.014906
1674831600000,5.261,5.357,5.249,5.281,210692.584983
1674835200000,5.28,5.363,5.279,5.357,141438.597003
1674838800000,5.359,5.416,5.342,5.402,184727.869721
1674842400000,5.403,5.433,5.373,5.416,129527.3391
1674846000000,5.415,5.415,5.367,5.394,84493.507359
1674849600000,5.39,5.431,5.315,5.343,190893.786944
1674853200000,5.344,5.403,5.335,5.382,52234.748124
1674856800000,5.383,5.393,5.344,5.36,78885.770428
1674860400000,5.36,5.403,5.356,5.389,56908.546265
1674864000000,5.389,5.556,5.363,5.482,481126.12183
1674867600000,5.482,5.496,5.43,5.446,228643.20618
1674871200000,5.443,5.469,5.417,5.425,140718.341483
1674874800000,5.424,5.461,5.408,5.442,129721.312457
1674878400000,5.442,5.479,5.434,5.443,138132.230179
1674882000000,5.444,5.6,5.438,5.576,377876.194028
1674885600000,5.575,5.606,5.443,5.494,363970.360507
1674889200000,5.495,5.51,5.38,5.408,211291.911651
1674892800000,5.407,5.415,5.334,5.363,371606.864995
1674896400000,5.363,5.38,5.323,5.358,137994.179186
1674900000000,5.355,5.377,5.323,5.326,137473.453087
1674903600000,5.326,5.361,5.32,5.351,98685.443019
1674907200000,5.351,5.353,5.267,5.283,311688.157093
1674910800000,5.284,5.286,5.225,5.264,244967.6385
1674914400000,5.264,5.28,5.226,5.23,247740.038606
1674918000000,5.23,5.291,5.208,5.277,152808.14165
1674921600000,5.279,5.306,5.258,5.284,89229.787163
1674925200000,5.285,5.3,5.255,5.292,63865.808371
1674928800000,5.292,5.293,5.249,5.273,44911.314514
1674932400000,5.273,5.296,5.266,5.288,27677.516731
1674936000000,5.289,5.294,5.203,5.207,91745.128273
1674939600000,5.205,5.236,5.2,5.227,72706.970111
1674943200000,5.227,5.234,5.174,5.211,101425.913507
1674946800000,5.21,5.286,5.193,5.274,98417.570344
1674950400000,5.274,5.397,5.255,5.396,240626.385475
1674954000000,5.396,5.489,5.371,5.376,427189.992906
1674957600000,5.377,5.408,5.332,5.352,209547.132105
1674961200000,5.353,5.392,5.326,5.371,107812.446327
1674964800000,5.377,5.396,5.356,5.387,46522.16044
1674968400000,5.389,5.397,5.345,5.362,58388.383141
1674972000000,5.363,5.367,5.315,5.315,97209.934325
1674975600000,5.316,5.347,5.29,5.333,97061.476026
1674979200000,5.334,5.353,5.317,5.328,48107.402296
1674982800000,5.329,5.379,5.314,5.37,163636.759326
1674986400000,5.368,5.427,5.368,5.393,185193.005582
1674990000000,5.395,5.414,5.347,5.372,98344.426756
1674993600000,5.374,5.378,5.329,5.371,103500.555272
1674997200000,5.369,5.407,5.355,5.361,92347.221239
1675000800000,5.359,5.411,5.356,5.404,137295.587084
1675004400000,5.402,5.424,5.394,5.401,131259.348736
1675008000000,5.401,5.428,5.342,5.38,166725.417456
1675011600000,5.381,5.405,5.372,5.381,60871.576639
1675015200000,5.382,5.5,5.381,5.478,223221.683469
1675018800000,5.477,5.517,5.458,5.487,124089.333699
1675022400000,5.487,5.499,5.429,5.459,128845.692574
1675026000000,5.458,5.563,5.443,5.51,169816.649465
1675029600000,5.512,5.514,5.471,5.491,80090.442274
1675033200000,5.49,5.541,5.464,5.478,128443.212001
1675036800000,5.478,5.522,5.453,5.513,163665.608359
1675040400000,5.513,5.53,5.424,5.439,201987.763311
1675044000000,5.439,5.439,5.368,5.412,201287.870189
1675047600000,5.412,5.437,5.398,5.425,81048.79788
1675051200000,5.425,5.438,5.397,5.407,78727.074459
1675054800000,5.407,5.407,5.364,5.392,107132.083282
1675058400000,5.391,5.391,5.336,5.355,93728.7815
1675062000000,5.354,5.376,5.338,5.362,77622.591003
1675065600000,5.361,5.373,5.289,5.311,219742.983946
1675069200000,5.308,5.315,5.084,5.105,960976.454985
1675072800000,5.106,5.156,5.058,5.134,311639.323852
1675076400000,5.134,5.158,5.1,5.129,161696.380486
1675080000000,5.126,5.157,5.1,5.121,237051.983047
1675083600000,5.121,5.162,5.115,5.12,96904.58948
1675087200000,5.118,5.219,5.117,5.219,184701.993735
1675090800000,5.22,5.223,5.12,5.162,140101.741921
1675094400000,5.16,5.192,5.132,5.186,106763.964155
1675098000000,5.186,5.232,5.146,5.151,92621.218213
1675101600000,5.15,5.162,5.103,5.123,101169.500556
1675105200000,5.124,5.124,4.844,5.007,670271.238099
1675108800000,5.007,5.019,4.938,4.982,205143.471257
1675112400000,4.987,5.052,4.987,5.041,77035.069978
1675116000000,5.043,5.068,4.977,5.06,108383.518375
1675119600000,5.06,5.158,5.053,5.1,201294.779477
1675123200000,5.097,5.125,5.044,5.116,190764.648217
1675126800000,5.115,5.146,5.079,5.131,120090.14218
1675130400000,5.133,5.156,5.11,5.13,111326.827279
1675134000000,5.131,5.132,5.066,5.087,107855.926563
1675137600000,5.091,5.118,5.085,5.11,106271.367343
1675141200000,5.111,5.113,5.038,5.041,120125.196096
1675144800000,5.043,5.092,5.039,5.063,97774.814491
1675148400000,5.065,5.125,5.062,5.117,66498.39215
1675152000000,5.118,5.127,5.051,5.071,125875.284782
1675155600000,5.072,5.102,5.046,5.065,100586.656118
1675159200000,5.065,5.076,5.006,5.023,78530.141426
1675162800000,5.023,5.054,5.01,5.051,124967.122584
1675166400000,5.051,5.072,5.033,5.058,127590.733981
1675170000000,5.059,5.148,5.059,5.148,222146.154578
1675173600000,5.148,5.198,5.109,5.174,316200.662268
1675177200000,5.173,5.223,5.159,5.219,241803.484241
1675180800000,5.219,5.298,5.2,5.244,248880.051712
1675184400000,5.244,5.277,5.23,5.261,82286.204482
1675188000000,5.26,5.436,5.251,5.344,401508.117084
1675191600000,5.346,5.354,5.301,5.328,129549.525356
1675195200000,5.328,5.334,5.267,5.285,103151.019028
1675198800000,5.285,5.299,5.195,5.237,150484.8617
1675202400000,5.236,5.262,5.16,5.234,96709.242432
1675206000000,5.235,5.278,5.218,5.229,139100.572001
1675209600000,5.232,5.251,5.172,5.222,136807.003224
1675213200000,5.222,5.274,5.184,5.246,133108.548596
1675216800000,5.246,5.335,5.234,5.311,194657.109341
1675220400000,5.311,5.318,5.237,5.256,113123.497017
1675224000000,5.256,5.269,5.227,5.238,97777.826296
1675227600000,5.241,5.253,5.203,5.207,86574.001646
1675231200000,5.205,5.213,5.123,5.133,217610.067182
1675234800000,5.13,5.166,5.108,5.142,187286.155368
1675238400000,5.141,5.146,5.07,5.089,219208.323631
1675242000000,5.088,5.113,5.042,5.106,159111.213672
1675245600000,5.103,5.14,5.093,5.112,140854.156813
1675249200000,5.11,5.151,5.103,5.131,67579.390344
1675252800000,5.13,5.215,5.116,5.182,151755.063058
1675256400000,5.181,5.25,5.121,5.216,244347.795878
1675260000000,5.217,5.38,5.199,5.325,576082.806147
1675263600000,5.326,5.334,5.173,5.209,407914.889096
1675267200000,5.208,5.302,5.188,5.235,237247.217636
1675270800000,5.233,5.239,5.124,5.159,120540.254518
1675274400000,5.157,5.202,5.09,5.183,160327.861987
1675278000000,5.186,5.49,5.137,5.458,1286437.76164
1675281600000,5.459,5.698,5.436,5.602,1183410.319443
1675285200000,5.602,5.662,5.544,5.646,512914.332891
1675288800000,5.648,5.77,5.6,5.726,441217.291803
1675292400000,5.727,5.786,5.656,5.683,525448.171915
1675296000000,5.684,5.839,5.684,5.746,744013.130972
1675299600000,5.745,5.749,5.673,5.68,395538.289791
1675303200000,5.681,5.743,5.68,5.724,302019.501762
1675306800000,5.724,5.752,5.696,5.697,159436.809349
1675310400000,5.697,5.721,5.685,5.712,123505.853981
1675314000000,5.713,5.823,5.701,5.804,379077.132883
1675317600000,5.803,5.867,5.704,5.711,369997.67697
1675321200000,5.71,5.735,5.605,5.646,283405.405614
1675324800000,5.644,5.689,5.631,5.671,138584.685608
1675328400000,5.67,5.706,5.63,5.706,87788.280796
1675332000000,5.705,5.777,5.671,5.752,164472.151764
1675335600000,5.751,5.774,5.721,5.759,200685.974975
1675339200000,5.755,5.777,5.726,5.766,155760.273147
1675342800000,5.763,5.809,5.704,5.723,335153.202488
1675346400000,5.722,5.781,5.59,5.608,481266.689728
1675350000000,5.608,5.68,5.58,5.664,413551.297523
1675353600000,5.663,5.755,5.651,5.719,313143.901564
1675357200000,5.719,5.762,5.713,5.713,152629.360167
1675360800000,5.712,5.782,5.696,5.729,225063.584572
1675364400000,5.727,5.73,5.61,5.629,149413.526059
1675368000000,5.627,5.648,5.613,5.644,89229.509104
1675371600000,5.643,5.654,5.482,5.483,412637.040432
1675375200000,5.483,5.545,5.451,5.521,301640.338121
1675378800000,5.522,5.531,5.451,5.476,155746.780312
1675382400000,5.479,5.527,5.419,5.492,231376.779273
1675386000000,5.494,5.534,5.479,5.518,151313.212732
1675389600000,5.517,5.545,5.472,5.499,170938.815291
1675393200000,5.502,5.509,5.444,5.508,194154.709447
1675396800000,5.508,5.547,5.475,5.517,148437.184313
1675400400000,5.517,5.538,5.505,5.531,83510.774194
1675404000000,5.531,5.574,5.5,5.511,148176.247276
1675407600000,5.511,5.532,5.454,5.479,156688.141496
1675411200000,5.479,5.516,5.442,5.516,130749.008574
1675414800000,5.516,5.554,5.503,5.522,79466.132491
1675418400000,5.521,5.55,5.501,5.535,106757.80743
1675422000000,5.533,5.572,5.519,5.57,89347.853687
1675425600000,5.57,5.639,5.53,5.626,237238.628377
1675429200000,5.627,5.628,5.48,5.523,442942.735
1675432800000,5.525,5.71,5.508,5.638,447499.440927
1675436400000,5.637,5.707,5.598,5.678,335085.794818
1675440000000,5.678,5.78,5.631,5.639,455569.668419
1675443600000,5.638,5.693,5.631,5.639,104628.266071
1675447200000,5.641,5.65,5.587,5.627,139754.758593
1675450800000,5.627,5.647,5.597,5.603,51843.100699
1675454400000,5.598,5.646,5.561,5.638,57970.750275
1675458000000,5.641,5.653,5.617,5.637,49304.818197
1675461600000,5.639,5.683,5.639,5.679,75041.286425
1675465200000,5.679,5.696,5.66,5.675,84326.834127
1675468800000,5.674,5.713,5.647,5.656,159921.503397
1675472400000,5.661,5.67,5.603,5.613,125084.697203
1675476000000,5.61,5.657,5.607,5.649,104194.178335
1675479600000,5.649,5.649,5.58,5.59,160436.398318
1675483200000,5.589,5.599,5.564,5.582,94360.45408
1675486800000,5.582,5.582,5.538,5.578,125276.257307
1675490400000,5.579,5.593,5.549,5.59,92588.631695
1675494000000,5.589,5.601,5.578,5.596,62467.843923
1675497600000,5.593,5.611,5.562,5.566,71415.826324
1675501200000,5.566,5.605,5.565,5.594,83711.58072
1675504800000,5.594,5.612,5.586,5.587,70515.703315
1675508400000,5.585,5.61,5.585,5.599,54672.570123
1675512000000,5.6,5.627,5.587,5.623,60530.840725
1675515600000,5.624,5.697,5.622,5.684,256436.865594
1675519200000,5.686,5.692,5.642,5.69,149841.672299
1675522800000,5.688,5.723,5.645,5.652,174190.127581
1675526400000,5.652,5.657,5.598,5.62,146769.989658
1675530000000,5.621,5.633,5.574,5.621,164546.815408
1675533600000,5.623,5.633,5.549,5.597,131788.524664
1675537200000,5.594,5.604,5.56,5.566,60111.50458
1675540800000,5.565,5.591,5.558,5.585,48119.174349
1675544400000,5.585,5.6,5.577,5.595,30570.313915
1675548000000,5.595,5.62,5.588,5.597,39540.391002
1675551600000,5.597,5.608,5.484,5.525,270443.579341
1675555200000,5.524,5.542,5.42,5.468,260234.625531
1675558800000,5.468,5.508,5.457,5.497,118146.605271
1675562400000,5.498,5.51,5.46,5.464,105223.198048
1675566000000,5.463,5.486,5.46,5.473,101988.15792
1675569600000,5.476,5.512,5.468,5.5,81221.482635
1675573200000,5.5,5.522,5.5,5.52,41132.467183
1675576800000,5.52,5.543,5.51,5.523,64821.816698
1675580400000,5.525,5.534,5.505,5.511,64888.655876
1675584000000,5.51,5.55,5.502,5.535,97152.065852
1675587600000,5.536,5.546,5.501,5.506,69384.138261
1675591200000,5.506,5.529,5.505,5.528,63847.352185
1675594800000,5.527,5.529,5.473,5.484,119796.929287
1675598400000,5.483,5.497,5.18,5.275,712834.20173
1675602000000,5.273,5.347,5.235,5.319,440836.152261
1675605600000,5.317,5.345,5.3,5.317,176948.705008
1675609200000,5.315,5.333,5.254,5.277,177409.063795
1675612800000,5.28,5.304,5.225,5.237,225366.482492
1675616400000,5.239,5.268,5.18,5.213,291979.876957
1675620000000,5.213,5.249,5.202,5.22,89494.746999
1675623600000,5.217,5.242,5.185,5.231,111242.920218
1675627200000,5.231,5.246,5.208,5.218,61070.169183
1675630800000,5.221,5.234,5.159,5.234,108270.577282
1675634400000,5.232,5.298,5.222,5.29,50692.176401
1675638000000,5.29,5.308,5.271,5.299,49371.097173
1675641600000,5.299,5.394,5.298,5.392,158034.484818
1675645200000,5.393,5.399,5.329,5.334,145354.951773
1675648800000,5.335,5.351,5.263,5.263,102741.262961
1675652400000,5.263,5.303,5.255,5.27,103058.058609
1675656000000,5.27,5.298,5.257,5.258,52525.233342
1675659600000,5.259,5.272,5.186,5.248,193236.641537
1675663200000,5.249,5.255,5.224,5.233,112072.976407
1675666800000,5.235,5.295,5.212,5.292,119060.151907
1675670400000,5.292,5.314,5.261,5.266,108978.116971
1675674000000,5.266,5.281,5.243,5.253,50419.994626
1675677600000,5.255,5.261,5.224,5.238,84489.989966
1675681200000,5.24,5.251,5.191,5.245,107262.091706
1675684800000,5.246,5.285,5.224,5.259,120808.667914
1675688400000,5.261,5.29,5.22,5.226,88403.794186
1675692000000,5.226,5.275,5.2,5.248,114237.9377
1675695600000,5.249,5.341,5.23,5.341,180925.515579
1675699200000,5.34,5.403,5.288,5.311,334192.660638
1675702800000,5.312,5.316,5.285,5.288,51805.318416
1675706400000,5.288,5.311,5.258,5.28,36687.260478
1675710000000,5.278,5.309,5.261,5.272,37650.475301
1675713600000,5.271,5.275,5.236,5.246,46842.516824
1675717200000,5.241,5.245,5.195,5.225,99705.470549
1675720800000,5.223,5.223,5.185,5.19,107988.490476
1675724400000,5.19,5.197,5.074,5.128,364119.851239
1675728000000,5.13,5.161,5.122,5.156,124564.414211
1675731600000,5.156,5.214,5.154,5.203,77712.019012
1675735200000,5.203,5.215,5.17,5.215,119838.136878
1675738800000,5.213,5.223,5.187,5.207,69325.965685
1675742400000,5.207,5.228,5.201,5.217,69854.198186
1675746000000,5.217,5.285,5.217,5.28,138778.866617
1675749600000,5.282,5.302,5.26,5.283,121088.196515
1675753200000,5.283,5.327,5.26,5.278,121543.390727
1675756800000,5.279,5.301,5.234,5.292,200018.345197
1675760400000,5.292,5.365,5.289,5.359,217957.178823
1675764000000,5.36,5.374,5.33,5.333,144973.882979
1675767600000,5.333,5.376,5.33,5.349,101786.64944
1675771200000,5.351,5.426,5.332,5.408,284026.853869
1675774800000,5.408,5.415,5.336,5.372,225162.957474
1675778400000,5.37,5.402,5.354,5.386,149392.247829
1675782000000,5.386,5.473,5.34,5.398,326444.229097
1675785600000,5.398,5.443,5.362,5.409,251415.086156
1675789200000,5.409,5.5,5.378,5.498,302850.219548
1675792800000,5.5,5.507,5.32,5.404,319119.276697
1675796400000,5.403,5.492,5.402,5.471,120692.592232
1675800000000,5.474,5.522,5.446,5.507,102968.068851
1675803600000,5.506,5.541,5.496,5.516,140549.995408
1675807200000,5.517,5.544,5.483,5.524,112829.839509
1675810800000,5.523,5.563,5.522,5.536,175454.058408
1675814400000,5.538,5.696,5.537,5.61,469308.484675
1675818000000,5.61,5.654,5.561,5.614,262970.665054
1675821600000,5.614,5.64,5.537,5.543,194515.231272
1675825200000,5.544,5.586,5.541,5.569,149358.266479
1675828800000,5.571,5.589,5.533,5.552,125766.40481
1675832400000,5.552,5.578,5.499,5.535,159898.434564
1675836000000,5.538,5.546,5.5,5.51,115427.211589
1675839600000,5.508,5.623,5.5,5.592,210402.395609
1675843200000,5.59,5.593,5.508,5.53,259744.929952
1675846800000,5.532,5.558,5.484,5.507,214896.198574
1675850400000,5.508,5.521,5.465,5.515,141082.113474
1675854000000,5.514,5.589,5.503,5.574,175217.504263
1675857600000,5.574,5.7,5.555,5.593,661181.136439
1675861200000,5.593,5.658,5.55,5.613,377031.199285
1675864800000,5.613,5.686,5.559,5.6,547760.648817
1675868400000,5.598,5.606,5.475,5.505,476726.259971
1675872000000,5.504,5.52,5.306,5.412,692776.020821
1675875600000,5.413,5.461,5.391,5.441,166553.900271
1675879200000,5.44,5.455,5.366,5.394,64764.836706
1675882800000,5.394,5.423,5.351,5.37,70411.01772
1675886400000,5.369,5.37,5.254,5.272,250630.187066
1675890000000,5.268,5.351,5.261,5.344,71222.82669
1675893600000,5.344,5.45,5.331,5.423,99336.337587
1675897200000,5.424,5.475,5.422,5.443,173011.928261
1675900800000,5.445,5.504,5.4,5.489,391115.335527
1675904400000,5.492,5.516,5.449,5.453,149095.879181
1675908000000,5.453,5.462,5.23,5.233,421961.257125
1675911600000,5.234,5.257,5.09,5.165,1025098.430368
1675915200000,5.162,5.224,5.123,5.206,299185.631553
1675918800000,5.205,5.257,5.19,5.234,109541.262448
1675922400000,5.233,5.283,5.198,5.274,192586.287036
1675926000000,5.274,5.278,5.228,5.249,101964.240781
1675929600000,5.249,5.307,5.249,5.291,94915.054353
1675933200000,5.291,5.293,5.242,5.265,135344.790101
1675936800000,5.266,5.276,5.213,5.244,99652.636708
1675940400000,5.241,5.271,5.217,5.242,85370.474422
1675944000000,5.241,5.28,5.187,5.249,267861.197771
1675947600000,5.249,5.267,5.211,5.255,96548.188909
1675951200000,5.258,5.293,5.234,5.255,155952.999662
1675954800000,5.256,5.272,5.188,5.199,224956.561814
1675958400000,5.199,5.214,5.097,5.14,273114.492486
1675962000000,5.14,5.171,5.095,5.132,128096.946691
1675965600000,5.132,5.163,5.106,5.127,60115.985408
1675969200000,5.126,5.127,4.87,4.941,1020844.678288
1675972800000,4.941,4.941,4.844,4.888,324683.403032
1675976400000,4.886,4.89,4.715,4.823,513251.706167
1675980000000,4.823,4.854,4.605,4.704,514352.122443
1675983600000,4.705,4.8,4.7,4.788,336152.020217
1675987200000,4.789,4.829,4.766,4.805,321519.711249
1675990800000,4.805,4.841,4.799,4.84,261293.596556
1675994400000,4.84,4.848,4.808,4.84,184943.836038
1675998000000,4.841,4.844,4.791,4.796,198173.283253
1676001600000,4.795,4.811,4.745,4.77,229882.041678
1676005200000,4.77,4.811,4.719,4.791,279492.972305
1676008800000,4.791,4.853,4.784,4.842,161533.036276
1676012400000,4.843,4.868,4.814,4.868,128882.46022
1676016000000,4.866,4.946,4.853,4.914,270514.809333
1676019600000,4.914,4.941,4.852,4.864,166310.642027
1676023200000,4.864,4.887,4.84,4.876,112941.091097
1676026800000,4.875,4.876,4.797,4.805,200912.94551
1676030400000,4.807,4.85,4.801,4.806,253807.209645
1676034000000,4.81,4.866,4.81,4.835,133681.621995
1676037600000,4.837,4.98,4.813,4.939,642663.980496
1676041200000,4.941,5.01,4.837,4.884,488371.848621
1676044800000,4.883,4.935,4.827,4.865,179146.273301
1676048400000,4.865,4.968,4.859,4.928,178149.977729
1676052000000,4.933,4.945,4.89,4.895,92242.155388
1676055600000,4.897,4.946,4.881,4.941,42764.751703
1676059200000,4.94,4.948,4.909,4.918,40126.069367
1676062800000,4.916,4.918,4.807,4.842,224436.703581
1676066400000,4.84,4.861,4.786,4.791,209870.979552
1676070000000,4.79,4.869,4.783,4.848,97909.274985
1676073600000,4.847,4.926,4.833,4.921,136864.305016
1676077200000,4.922,4.964,4.893,4.951,227528.650679
1676080800000,4.951,5.057,4.925,4.984,348946.150963
1676084400000,4.983,5.119,4.982,5.033,388083.027285
1676088000000,5.033,5.116,5.004,5.087,315770.497783
1676091600000,5.089,5.089,5.017,5.02,141166.985667
1676095200000,5.019,5.029,4.976,4.991,132914.691818
1676098800000,4.991,5.007,4.967,4.997,59293.520182
1676102400000,4.996,5.024,4.969,5,74727.968561
1676106000000,5.002,5.01,4.982,4.991,46570.685878
1676109600000,4.992,4.994,4.954,4.967,104857.390103
1676113200000,4.967,4.999,4.959,4.994,76415.115805
1676116800000,4.995,5.052,4.978,4.998,109133.150602
1676120400000,4.998,5.1,4.998,5.096,327368.019021
1676124000000,5.096,5.099,5.046,5.098,142720.544384
1676127600000,5.098,5.099,5.039,5.075,99934.587507
1676131200000,5.078,5.078,5.028,5.031,113425.974145
1676134800000,5.032,5.043,5.001,5.02,48893.506361
1676138400000,5.02,5.04,4.999,5.016,59728.212405
1676142000000,5.016,5.034,5.007,5.021,16893.755004
1676145600000,5.019,5.048,5.005,5.032,23681.541371
1676149200000,5.03,5.093,5.02,5.093,44003.087324
1676152800000,5.093,5.109,5.075,5.082,49610.89408
1676156400000,5.082,5.117,5.077,5.101,81349.891866
1676160000000,5.099,5.099,5.058,5.061,55447.144689
1676163600000,5.061,5.077,5.034,5.038,66990.925763
1676167200000,5.038,5.065,5.029,5.049,73267.768582
1676170800000,5.047,5.051,5.023,5.026,71068.48233
1676174400000,5.026,5.038,4.993,5.016,192289.639016
1676178000000,5.016,5.031,5.01,5.015,45837.248943
1676181600000,5.016,5.05,5.015,5.044,82787.223474
1676185200000,5.043,5.067,5.026,5.03,150373.834116
1676188800000,5.03,5.05,5.014,5.024,116951.09717
1676192400000,5.025,5.076,5.024,5.065,206845.932621
1676196000000,5.067,5.08,5.04,5.061,53775.026692
1676199600000,5.065,5.077,5.053,5.07,35082.662909
1676203200000,5.069,5.07,5.001,5.021,134413.980599
1676206800000,5.019,5.033,4.996,5.014,72199.518514
1676210400000,5.014,5.06,5.002,5.049,185557.649977
1676214000000,5.05,5.07,5.032,5.064,147359.981159
1676217600000,5.064,5.11,5.044,5.079,212776.796883
1676221200000,5.082,5.113,5.071,5.096,109335.459988
1676224800000,5.096,5.154,5.081,5.088,115639.823777
1676228400000,5.089,5.09,5.052,5.069,70470.527513
1676232000000,5.07,5.083,5.039,5.046,39925.953922
1676235600000,5.045,5.056,4.902,4.909,322227.644813
1676239200000,4.909,4.939,4.847,4.928,248025.408916
1676242800000,4.925,4.941,4.89,4.92,72483.017666
1676246400000,4.921,4.949,4.867,4.93,220888.476902
1676250000000,4.93,4.942,4.841,4.866,162470.717474
1676253600000,4.866,4.886,4.797,4.87,276949.991808
1676257200000,4.87,4.902,4.859,4.894,142287.116722
1676260800000,4.896,4.929,4.888,4.913,178652.750422
1676264400000,4.915,4.945,4.912,4.928,60731.901281
1676268000000,4.928,4.95,4.916,4.926,61026.910709
1676271600000,4.926,4.963,4.911,4.942,84195.622281
1676275200000,4.939,4.944,4.823,4.834,339714.563799
1676278800000,4.83,4.868,4.7,4.755,691140.85291
1676282400000,4.755,4.79,4.717,4.775,215980.656594
1676286000000,4.776,4.8,4.767,4.789,108407.281335
1676289600000,4.789,4.828,4.78,4.817,151063.782237
1676293200000,4.817,4.826,4.782,4.782,103715.86271
1676296800000,4.782,4.833,4.766,4.829,141034.328403
1676300400000,4.829,4.831,4.783,4.786,152025.701472
1676304000000,4.787,4.828,4.712,4.764,385792.931424
1676307600000,4.761,4.779,4.678,4.722,253626.878026
1676311200000,4.721,4.812,4.72,4.783,116662.101118
1676314800000,4.784,4.807,4.779,4.804,59280.478062
1676318400000,4.805,4.818,4.79,4.803,39350.472797
1676322000000,4.807,4.807,4.774,4.793,42151.716943
1676325600000,4.794,4.82,4.786,4.813,53142.859622
1676329200000,4.814,4.877,4.81,4.867,166838.345722
1676332800000,4.87,4.88,4.826,4.832,117907.939202
1676336400000,4.834,4.836,4.801,4.812,71381.916528
1676340000000,4.812,4.837,4.802,4.802,41465.843767
1676343600000,4.803,4.829,4.797,4.8,63963.861827
1676347200000,4.8,4.823,4.78,4.785,195310.645827
1676350800000,4.786,4.809,4.785,4.8,53650.436755
1676354400000,4.802,4.819,4.788,4.806,48250.02257
1676358000000,4.805,4.817,4.79,4.813,60032.191764
1676361600000,4.812,4.814,4.752,4.759,130965.280456
1676365200000,4.76,4.845,4.745,4.834,122793.523031
1676368800000,4.837,4.846,4.816,4.825,104754.143029
1676372400000,4.825,4.829,4.788,4.796,96243.143724
1676376000000,4.796,4.832,4.792,4.813,95183.566909
1676379600000,4.812,4.943,4.736,4.888,1249756.028086
1676383200000,4.885,5.038,4.815,5.01,775880.5168
1676386800000,5.011,5.098,4.959,5.03,843806.882527
1676390400000,5.028,5.047,4.981,5.003,195576.021463
1676394000000,5.002,5.046,5.001,5.042,77673.701611
1676397600000,5.042,5.1,5.038,5.072,144483.571519
1676401200000,5.07,5.083,5.05,5.071,72231.346913
1676404800000,5.072,5.086,5.06,5.08,47805.366647
1676408400000,5.083,5.084,5.049,5.074,101839.602992
1676412000000,5.075,5.095,5.065,5.075,66900.237672
1676415600000,5.076,5.098,5.064,5.09,74507.126011
1676419200000,5.09,5.107,5.024,5.038,123238.709814
1676422800000,5.038,5.05,5.02,5.026,66219.426923
1676426400000,5.028,5.033,5.005,5.017,56195.743203
1676430000000,5.016,5.067,5.012,5.047,171382.042043
1676433600000,5.049,5.06,5.037,5.04,47289.886614
1676437200000,5.039,5.065,5.036,5.053,44440.713668
1676440800000,5.046,5.075,5.039,5.057,54016.606788
1676444400000,5.058,5.084,5.053,5.068,91197.89055
1676448000000,5.068,5.08,5.049,5.061,99621.81007
1676451600000,5.057,5.087,5.055,5.084,64515.079146
1676455200000,5.083,5.133,5.074,5.118,112737.832336
1676458800000,5.119,5.172,5.109,5.157,218211.04472
1676462400000,5.156,5.226,5.152,5.218,425190.455604
1676466000000,5.216,5.281,5.2,5.234,423388.67041
1676469600000,5.233,5.25,5.198,5.212,195620.724241
1676473200000,5.212,5.256,5.182,5.254,199686.373982
1676476800000,5.253,5.281,5.21,5.217,231174.288677
1676480400000,5.218,5.243,5.211,5.227,53924.326807
1676484000000,5.227,5.278,5.221,5.275,71983.467159
1676487600000,5.272,5.444,5.271,5.413,340573.954421
1676491200000,5.415,5.475,5.368,5.448,367870.344747
1676494800000,5.449,5.482,5.417,5.451,227661.009959
1676498400000,5.454,5.462,5.414,5.423,155956.482178
1676502000000,5.425,5.498,5.421,5.48,186821.151112
1676505600000,5.48,5.543,5.418,5.429,509035.815287
1676509200000,5.43,5.513,5.43,5.485,266662.079035
1676512800000,5.484,5.513,5.46,5.485,149286.599563
1676516400000,5.487,5.538,5.483,5.515,152214.387764
1676520000000,5.514,5.54,5.467,5.491,284278.832424
1676523600000,5.491,5.517,5.48,5.496,152476.098949
1676527200000,5.497,5.505,5.458,5.461,135388.668047
1676530800000,5.459,5.469,5.39,5.423,263548.688674
1676534400000,5.423,5.461,5.406,5.429,91306.810283
1676538000000,5.428,5.494,5.419,5.485,130676.134675
1676541600000,5.485,5.495,5.449,5.455,78728.652925
1676545200000,5.452,5.487,5.437,5.463,171863.582573
1676548800000,5.463,5.534,5.444,5.501,201183.991065
1676552400000,5.5,5.503,5.38,5.413,411893.711951
1676556000000,5.412,5.458,5.386,5.447,216881.482389
1676559600000,5.447,5.549,5.436,5.54,507819.320514
1676563200000,5.54,5.576,5.429,5.517,779907.948955
1676566800000,5.516,5.839,5.481,5.779,952932.000846
1676570400000,5.783,5.92,5.765,5.812,676623.228633
1676574000000,5.813,5.994,5.811,5.933,548863.513432
1676577600000,5.932,5.995,5.827,5.91,666918.968812
1676581200000,5.911,5.914,5.772,5.801,482236.082304
1676584800000,5.798,5.835,5.607,5.608,587210.005153
1676588400000,5.609,5.662,5.35,5.4,1319876.539008
1676592000000,5.401,5.643,5.396,5.636,701202.283161
1676595600000,5.635,5.804,5.604,5.768,556597.300421
1676599200000,5.767,5.956,5.715,5.883,840084.985638
1676602800000,5.882,6.508,5.856,6.476,4162847.365785
1676606400000,6.479,6.625,6.371,6.487,2193241.86015
1676610000000,6.487,6.589,6.321,6.55,1240103.259614
1676613600000,6.549,6.551,6.394,6.435,736615.103326
1676617200000,6.435,6.543,6.412,6.446,560521.400287
1676620800000,6.449,6.56,6.38,6.511,557132.496313
1676624400000,6.51,6.618,6.416,6.48,587088.393449
1676628000000,6.478,6.828,6.462,6.695,1260164.691686
1676631600000,6.697,6.85,6.68,6.829,835007.7713
1676635200000,6.829,6.897,6.734,6.735,509906.67408
1676638800000,6.733,6.958,6.728,6.782,680963.333273
1676642400000,6.781,7.32,6.781,7.128,1675494.682346
1676646000000,7.127,7.457,7.085,7.375,1476722.172935
1676649600000,7.373,7.775,7.215,7.726,3032334.801036
1676653200000,7.728,7.875,7.63,7.749,1282369.731198
1676656800000,7.752,7.896,7.25,7.411,1837989.368242
1676660400000,7.414,7.531,7.364,7.473,474130.431657
1676664000000,7.473,7.535,7.414,7.467,293108.39683
1676667600000,7.469,7.506,7.324,7.439,507661.537394
1676671200000,7.439,7.717,7.27,7.648,544749.643077
1676674800000,7.649,7.71,7.534,7.6,487703.316838
1676678400000,7.599,7.788,7.244,7.408,1521764.923932
1676682000000,7.409,7.518,7.3,7.509,682546.570212
1676685600000,7.509,7.72,7.497,7.581,672516.143299
1676689200000,7.579,7.715,7.552,7.699,634218.893037
1676692800000,7.699,7.981,7.651,7.687,1075134.673277
1676696400000,7.687,7.692,7.564,7.589,429070.094132
1676700000000,7.588,7.702,7.37,7.433,739367.568917
1676703600000,7.435,7.509,7.371,7.486,450228.5669
1676707200000,7.488,7.568,7.434,7.513,432436.79426
1676710800000,7.512,7.587,7.402,7.425,385479.750396
1676714400000,7.422,7.491,7.32,7.408,430120.102057
1676718000000,7.409,7.635,7.407,7.557,490299.013849
1676721600000,7.557,7.627,7.502,7.538,274447.972376
1676725200000,7.539,7.605,7.437,7.467,343530.395264
1676728800000,7.467,7.548,7.423,7.442,263686.493093
1676732400000,7.446,7.578,7.398,7.453,463019.584276
1676736000000,7.456,7.53,7.35,7.503,547671.571014
1676739600000,7.502,7.715,7.421,7.463,638481.195353
1676743200000,7.463,7.51,7.41,7.478,197690.081694
1676746800000,7.478,7.598,7.475,7.59,158867.257772
1676750400000,7.589,7.62,7.511,7.521,132405.269004
1676754000000,7.516,7.65,7.514,7.638,134986.373161
1676757600000,7.64,7.68,7.527,7.547,149905.915331
1676761200000,7.541,7.551,7.452,7.518,186091.288396
1676764800000,7.52,7.88,7.52,7.798,677554.946088
1676768400000,7.801,7.819,7.607,7.756,716251.243658
1676772000000,7.758,7.92,7.7,7.8,498457.05591
1676775600000,7.797,8,7.666,7.714,816782.524777
1676779200000,7.716,8.172,7.694,8.151,1000192.386278
1676782800000,8.146,8.557,8.144,8.484,1929549.93546
1676786400000,8.485,8.881,8.485,8.845,1655526.450754
1676790000000,8.846,8.945,8.544,8.708,1659103.976378
1676793600000,8.708,8.76,8.606,8.672,588705.97063
1676797200000,8.67,8.867,8.629,8.79,581615.96613
1676800800000,8.788,9.5,8.754,9.212,1690531.750887
1676804400000,9.212,9.322,9.114,9.164,1246138.12595
1676808000000,9.163,9.388,9.16,9.18,760038.118846
1676811600000,9.182,9.364,9.14,9.317,662211.966407
1676815200000,9.316,9.45,9.133,9.294,1059087.342214
1676818800000,9.292,9.41,9.16,9.208,768740.766608
1676822400000,9.207,9.38,8.386,8.631,2634100.709327
1676826000000,8.631,8.736,8.186,8.243,1768097.260644
1676829600000,8.244,8.469,8.234,8.395,681643.280584
1676833200000,8.399,8.463,8.274,8.324,420562.133238
1676836800000,8.325,8.519,8.283,8.486,337146.273172
1676840400000,8.488,8.886,8.45,8.834,490258.986959
1676844000000,8.831,8.86,8.636,8.772,450488.165547
1676847600000,8.77,8.79,8.323,8.464,734287.885706
1676851200000,8.467,8.71,8.402,8.408,500780.494385
1676854800000,8.409,8.72,8.06,8.64,1422861.386148
1676858400000,8.639,8.688,8.538,8.648,551485.946522
1676862000000,8.65,8.667,8.559,8.59,315679.141439
1676865600000,8.591,8.702,8.563,8.632,361331.049547
1676869200000,8.63,8.657,8.4,8.48,484431.650681
1676872800000,8.487,8.495,8.316,8.484,415653.509815
1676876400000,8.488,8.63,8.447,8.464,326525.701043
1676880000000,8.468,8.561,8.352,8.376,430334.04337
1676883600000,8.375,8.549,8.3,8.547,574617.5834
1676887200000,8.548,8.67,8.462,8.63,490246.487155
1676890800000,8.633,8.635,8.515,8.554,254316.03212
1676894400000,8.558,8.641,8.461,8.52,354495.62578
1676898000000,8.524,8.548,8.35,8.388,498477.015775
1676901600000,8.389,8.501,8.303,8.484,613795.782916
1676905200000,8.485,8.513,8.352,8.388,332898.147507
1676908800000,8.389,8.45,8.12,8.235,1053910.876736
1676912400000,8.235,8.264,8.169,8.184,209326.581896
1676916000000,8.184,8.207,8.065,8.164,374762.829011
1676919600000,8.164,8.216,8.145,8.196,217287.984429
1676923200000,8.199,8.423,8.195,8.26,329405.931974
1676926800000,8.26,8.281,8.149,8.179,149448.006242
1676930400000,8.181,8.365,8.178,8.334,148787.211049
1676934000000,8.334,8.672,8.274,8.531,737298.223964
1676937600000,8.533,8.698,8.455,8.459,549558.138147
1676941200000,8.46,8.56,8.411,8.436,213454.500417
1676944800000,8.439,8.529,8.413,8.433,231512.931338
1676948400000,8.431,8.511,8.365,8.386,206034.172098
1676952000000,8.386,8.421,8.245,8.275,310057.837701
1676955600000,8.285,8.368,8.279,8.342,170904.31253
1676959200000,8.343,8.384,8.302,8.359,159293.465935
1676962800000,8.361,8.51,8.361,8.416,298482.702451
1676966400000,8.415,8.42,7.8,7.959,1390224.624572
1676970000000,7.957,8.075,7.941,8.026,496495.987043
1676973600000,8.023,8.028,7.786,7.827,865827.123437
1676977200000,7.829,7.874,7.717,7.766,615111.619299
1676980800000,7.765,7.89,7.764,7.853,293083.922137
1676984400000,7.854,7.908,7.688,7.791,424164.852646
1676988000000,7.79,7.947,7.78,7.845,350931.439352
1676991600000,7.842,7.916,7.746,7.91,275858.550069
1676995200000,7.909,8.309,7.905,8.186,1107741.813254
1676998800000,8.186,8.41,8.169,8.368,466341.082358
1677002400000,8.369,8.383,8.271,8.29,207497.392475
1677006000000,8.29,8.409,8.275,8.301,255264.209542
1677009600000,8.299,8.319,8.196,8.205,154017.237559
1677013200000,8.204,8.274,7.95,7.974,466580.482402
1677016800000,7.975,8.27,7.967,8.24,342752.885642
1677020400000,8.242,8.254,8.105,8.185,379376.398323
1677024000000,8.187,8.2,7.976,8.133,543312.374558
1677027600000,8.133,8.38,8.06,8.283,538024.151416
1677031200000,8.281,8.431,8.05,8.315,941348.921605
1677034800000,8.308,8.76,8.281,8.712,1347260.322132
1677038400000,8.711,9.01,8.614,8.982,2282367.820148
1677042000000,8.982,9.175,8.854,9.014,1410645.183281
1677045600000,9.016,9.022,8.71,8.751,901115.312498
1677049200000,8.753,8.775,8.531,8.756,1157746.967117
1677052800000,8.754,8.832,8.503,8.603,726636.387457
1677056400000,8.604,8.747,8.505,8.538,591069.545444
1677060000000,8.537,8.583,8.422,8.485,505440.029824
1677063600000,8.484,8.615,8.358,8.391,400689.757862
1677067200000,8.391,8.426,8.147,8.194,958218.617115
1677070800000,8.192,8.254,8.1,8.183,590114.950442
1677074400000,8.181,8.181,7.635,7.722,1603995.966043
1677078000000,7.721,7.791,7.524,7.626,1187729.149458
1677081600000,7.626,7.783,7.625,7.723,748350.9533
1677085200000,7.726,7.742,7.661,7.719,340344.89376
1677088800000,7.719,7.9,7.717,7.837,352951.498037
1677092400000,7.832,7.98,7.789,7.825,228519.591721
1677096000000,7.825,7.86,7.709,7.792,111186.525485
1677099600000,7.794,7.827,7.701,7.808,107226.035132
1677103200000,7.805,8.15,7.792,8.12,362768.628816
1677106800000,8.12,8.172,8.006,8.027,540222.561567
1677110400000,8.027,8.059,7.924,7.991,584375.643893
1677114000000,7.992,8.133,7.942,8.057,291026.858913
1677117600000,8.055,8.238,8.036,8.202,511609.514049
1677121200000,8.198,8.284,8.082,8.101,416535.427776
1677124800000,8.101,8.179,8.036,8.164,374198.483427
1677128400000,8.161,8.265,8.05,8.119,647653.997839
1677132000000,8.122,8.132,8,8.067,294995.220085
1677135600000,8.068,8.102,8.033,8.089,144548.880444
1677139200000,8.085,8.126,7.941,7.96,232263.437079
1677142800000,7.961,8.01,7.85,7.941,317495.604754
1677146400000,7.94,8.058,7.934,8,235062.865663
1677150000000,8,8.024,7.7,7.772,715294.642543
1677153600000,7.77,7.921,7.71,7.901,654421.425588
1677157200000,7.902,7.96,7.8,7.869,642018.345624
1677160800000,7.871,7.929,7.804,7.811,413777.229498
1677164400000,7.812,8.108,7.762,7.939,571175.219307
1677168000000,7.935,7.941,7.772,7.801,305927.320798
1677171600000,7.807,7.845,7.705,7.754,494903.850043
1677175200000,7.755,7.808,7.629,7.702,275279.297549
1677178800000,7.702,7.787,7.686,7.782,133648.519762
1677182400000,7.784,8,7.778,7.871,191365.159215
1677186000000,7.872,7.872,7.781,7.781,67688.615714
1677189600000,7.782,7.835,7.714,7.829,138500.094019
1677193200000,7.827,7.901,7.82,7.851,183676.348977
1677196800000,7.853,7.93,7.767,7.824,199011.64023
1677200400000,7.824,8.05,7.816,7.91,425787.418541
1677204000000,7.905,8.006,7.843,7.87,151058.367849
1677207600000,7.87,7.997,7.852,7.959,191232.608812
1677211200000,7.961,8.013,7.878,7.899,148708.586835
1677214800000,7.898,7.9,7.74,7.798,361200.645267
1677218400000,7.8,7.89,7.787,7.866,197647.12038
1677222000000,7.865,7.899,7.796,7.849,206208.157797
1677225600000,7.849,7.864,7.763,7.809,247922.857548
1677229200000,7.809,7.837,7.702,7.715,232195.481525
1677232800000,7.715,7.747,7.621,7.718,266612.351474
1677236400000,7.721,7.749,7.675,7.718,113217.640311
1677240000000,7.718,7.761,7.636,7.65,190274.84196
1677243600000,7.65,7.77,7.55,7.734,596440.48227
1677247200000,7.734,7.824,7.722,7.797,468188.394516
1677250800000,7.797,7.945,7.73,7.734,1073115.269704
1677254400000,7.733,7.786,7.3,7.372,2197337.091968
1677258000000,7.372,7.398,7.001,7.096,1427940.427655
1677261600000,7.097,7.199,7.057,7.065,420222.055914
1677265200000,7.065,7.131,6.79,6.958,854177.575006
1677268800000,6.961,7.088,6.96,7.02,408618.97619
1677272400000,7.02,7.02,6.604,6.673,566097.90486
1677276000000,6.673,6.826,6.614,6.816,504380.266851
1677279600000,6.816,6.902,6.736,6.86,651092.899284
1677283200000,6.859,6.962,6.851,6.922,345404.786022
1677286800000,6.921,6.95,6.851,6.917,191072.713488
1677290400000,6.916,6.948,6.799,6.93,349875.413818
1677294000000,6.93,6.935,6.805,6.822,182524.871621
1677297600000,6.821,6.892,6.758,6.891,175863.661453
1677301200000,6.89,6.89,6.764,6.822,195412.633603
1677304800000,6.822,6.856,6.784,6.851,192845.463386
1677308400000,6.85,6.904,6.836,6.886,270997.416328
1677312000000,6.886,6.992,6.864,6.877,220984.765584
1677315600000,6.881,6.887,6.8,6.839,169776.707389
1677319200000,6.84,6.882,6.777,6.788,216065.477321
1677322800000,6.791,6.868,6.751,6.812,232495.372552
1677326400000,6.812,6.823,6.673,6.797,386651.761271
1677330000000,6.799,6.877,6.788,6.83,249101.513657
1677333600000,6.83,6.862,6.79,6.817,114401.211336
1677337200000,6.817,6.855,6.75,6.822,126362.994077
1677340800000,6.82,6.998,6.771,6.793,274192.016917
1677344400000,6.79,6.81,6.705,6.731,166344.189532
1677348000000,6.731,6.733,6.465,6.489,424346.632494
1677351600000,6.489,6.573,6.44,6.521,393695.875205
1677355200000,6.517,6.534,6.34,6.443,442145.962578
1677358800000,6.444,6.54,6.418,6.527,143029.935455
1677362400000,6.525,6.634,6.503,6.627,205260.915001
1677366000000,6.623,6.785,6.602,6.706,265723.419366
1677369600000,6.71,6.715,6.64,6.668,223762.559901
1677373200000,6.667,6.725,6.657,6.709,82516.12034
1677376800000,6.707,6.892,6.678,6.86,263520.857893
1677380400000,6.859,6.865,6.784,6.831,201331.832233
1677384000000,6.829,6.878,6.789,6.828,217732.232945
1677387600000,6.828,6.891,6.795,6.797,191074.601634
1677391200000,6.798,6.819,6.746,6.791,152469.123462
1677394800000,6.792,6.792,6.734,6.756,125806.267292
1677398400000,6.754,6.758,6.702,6.738,135405.693432
1677402000000,6.741,6.799,6.739,6.797,85469.850016
1677405600000,6.797,6.797,6.755,6.786,75543.737065
1677409200000,6.785,6.788,6.715,6.752,120365.002147
1677412800000,6.754,6.755,6.659,6.686,182320.437953
1677416400000,6.686,6.745,6.669,6.742,107361.782425
1677420000000,6.738,6.83,6.725,6.749,210246.199471
1677423600000,6.75,6.774,6.716,6.74,104799.106462
1677427200000,6.742,6.837,6.698,6.763,180085.948142
1677430800000,6.766,6.787,6.675,6.785,78220.118397
1677434400000,6.783,6.908,6.771,6.901,149378.369951
1677438000000,6.902,7,6.868,6.972,247687.179766
1677441600000,6.97,6.988,6.914,6.921,181787.526512
1677445200000,6.918,6.92,6.857,6.86,220579.135292
1677448800000,6.861,6.872,6.743,6.826,162073.499893
1677452400000,6.825,6.933,6.818,6.908,234512.155344
1677456000000,6.906,6.909,6.8,6.839,116342.291969
1677459600000,6.836,6.867,6.801,6.861,106231.779074
1677463200000,6.862,6.899,6.843,6.878,121800.276643
1677466800000,6.878,6.94,6.817,6.824,202623.111397
1677470400000,6.824,6.832,6.779,6.791,124961.635342
1677474000000,6.79,6.818,6.712,6.747,149115.230874
1677477600000,6.745,6.792,6.725,6.754,91620.767203
1677481200000,6.759,6.807,6.737,6.744,86011.965765
1677484800000,6.742,6.764,6.688,6.712,141179.590152
1677488400000,6.713,6.762,6.693,6.755,84220.94473
1677492000000,6.757,6.776,6.697,6.741,108578.420305
1677495600000,6.739,6.84,6.736,6.822,158866.065809
1677499200000,6.82,6.884,6.787,6.798,158488.831449
1677502800000,6.8,6.945,6.799,6.94,389332.323697
1677506400000,6.941,7,6.897,6.941,408660.375625
1677510000000,6.941,7.276,6.931,7.01,947651.860214
1677513600000,7.011,7.088,6.837,6.92,550868.276527
1677517200000,6.919,6.921,6.809,6.847,248458.543025
1677520800000,6.847,6.864,6.67,6.756,282523.252942
1677524400000,6.757,6.79,6.708,6.729,171107.963572
1677528000000,6.725,6.767,6.675,6.763,81853.141535
1677531600000,6.767,6.811,6.754,6.795,36221.296839
1677535200000,6.796,6.855,6.78,6.827,78554.541064
1677538800000,6.829,6.897,6.827,6.856,131794.96288
1677542400000,6.856,6.885,6.81,6.82,123466.746364
1677546000000,6.82,6.855,6.778,6.823,136481.472823
1677549600000,6.827,6.84,6.789,6.839,72944.972244
1677553200000,6.839,6.866,6.826,6.849,134180.160577
1677556800000,6.849,6.855,6.77,6.796,108602.480807
1677560400000,6.796,6.838,6.783,6.815,160889.363586
1677564000000,6.814,6.837,6.796,6.806,69340.374565
1677567600000,6.806,6.819,6.7,6.703,216407.180647
1677571200000,6.705,6.736,6.64,6.695,231779.047649
1677574800000,6.69,6.735,6.683,6.694,156746.833403
1677578400000,6.694,6.733,6.656,6.714,249868.4582
1677582000000,6.716,6.722,6.51,6.613,495123.471823
1677585600000,6.612,6.708,6.607,6.683,167036.002573
1677589200000,6.683,6.693,6.596,6.617,214959.650154
1677592800000,6.616,6.68,6.537,6.598,333014.909974
1677596400000,6.598,6.694,6.592,6.693,247229.144407
1677600000000,6.693,6.711,6.556,6.572,294266.507276
1677603600000,6.572,6.646,6.561,6.633,113365.519306
1677607200000,6.633,6.644,6.542,6.552,129716.905563
1677610800000,6.554,6.563,6.416,6.46,282661.185886
1677614400000,6.463,6.5,6.435,6.471,92029.756237
1677618000000,6.471,6.472,6.313,6.38,275916.732043
1677621600000,6.379,6.466,6.366,6.45,112119.702558
1677625200000,6.448,6.489,6.424,6.489,140409.009399
1677628800000,6.488,6.528,6.41,6.445,216640.39085
1677632400000,6.444,6.495,6.434,6.478,236903.620026
1677636000000,6.48,6.55,6.467,6.545,327850.460081
1677639600000,6.546,6.701,6.526,6.7,358674.195763
1677643200000,6.7,6.838,6.647,6.792,399397.29105
1677646800000,6.794,6.849,6.753,6.788,296402.756493
1677650400000,6.79,6.995,6.79,6.886,511795.229401
1677654000000,6.885,6.929,6.842,6.842,307647.075627
1677657600000,6.841,6.957,6.819,6.942,302487.277661
1677661200000,6.94,7.116,6.88,6.894,610831.573755
1677664800000,6.894,6.965,6.873,6.957,247736.722226
1677668400000,6.958,6.987,6.889,6.949,216566.327986
1677672000000,6.949,7.024,6.912,6.961,238133.687132
1677675600000,6.961,6.981,6.844,6.913,260618.580299
1677679200000,6.912,7.095,6.887,7.008,510848.702552
1677682800000,7.01,7.035,6.894,7.026,317973.905767
1677686400000,7.022,7.11,6.9,7.054,507609.873564
1677690000000,7.056,7.194,7.004,7.166,586276.125549
1677693600000,7.166,7.257,7.102,7.14,468526.191357
1677697200000,7.14,7.165,6.97,6.999,326708.882996
1677700800000,6.998,7.143,6.955,7.099,268059.766375
1677704400000,7.1,7.196,7.072,7.164,178298.375824
1677708000000,7.162,7.258,7.155,7.197,223075.250281
1677711600000,7.196,7.294,7.173,7.255,354563.005979
1677715200000,7.253,7.365,7.157,7.174,967454.576903
1677718800000,7.174,7.202,7.075,7.112,313617.658379
1677722400000,7.112,7.127,6.914,6.938,415077.89329
1677726000000,6.938,6.991,6.901,6.956,230358.122779
1677729600000,6.956,7.021,6.956,7.015,166018.809757
1677733200000,7.013,7.013,6.862,6.9,273958.587396
1677736800000,6.9,6.934,6.833,6.907,200056.901583
1677740400000,6.907,6.945,6.888,6.92,180369.022648
1677744000000,6.92,6.94,6.84,6.933,145274.523267
1677747600000,6.935,6.972,6.894,6.902,146432.424594
1677751200000,6.904,6.923,6.8,6.853,239357.975951
1677754800000,6.851,6.91,6.84,6.88,155770.263195
1677758400000,6.882,6.897,6.758,6.808,278984.303782
1677762000000,6.807,6.85,6.758,6.783,184917.114743
1677765600000,6.782,6.799,6.7,6.746,274820.181194
1677769200000,6.747,6.793,6.731,6.759,104008.686526
1677772800000,6.759,6.759,6.641,6.661,209980.077927
1677776400000,6.661,6.714,6.649,6.682,146770.325595
1677780000000,6.682,6.786,6.675,6.784,84140.249889
1677783600000,6.784,6.92,6.782,6.885,157279.92369
1677787200000,6.886,6.913,6.815,6.828,94747.054171
1677790800000,6.828,6.868,6.806,6.833,140559.187403
1677794400000,6.833,6.93,6.832,6.915,102126.441459
1677798000000,6.911,6.937,6.863,6.909,143018.330523
1677801600000,6.91,6.972,6.853,6.895,221685.663165
1677805200000,6.893,6.915,5.801,6.179,3174562.206359
1677808800000,6.176,6.249,6.147,6.198,568414.709084
1677812400000,6.197,6.209,6.144,6.174,242711.975781
1677816000000,6.173,6.303,6.162,6.287,284740.471082
1677819600000,6.288,6.33,6.215,6.221,378804.590849
1677823200000,6.221,6.295,6.215,6.256,186944.612369
1677826800000,6.255,6.286,6.216,6.261,172634.159259
1677830400000,6.259,6.316,6.252,6.314,214296.705966
1677834000000,6.314,6.321,6.237,6.262,228980.130595
1677837600000,6.261,6.273,6.234,6.243,160012.972451
1677841200000,6.243,6.291,6.228,6.266,215280.375852
1677844800000,6.264,6.282,6.23,6.241,178076.572467
1677848400000,6.242,6.297,6.175,6.281,277394.149613
1677852000000,6.28,6.338,6.273,6.29,341046.997057
1677855600000,6.291,6.298,6.216,6.249,165424.409405
1677859200000,6.249,6.263,6.216,6.243,121097.168602
1677862800000,6.244,6.262,6.234,6.244,62630.123653
1677866400000,6.244,6.25,6.113,6.19,170072.940781
1677870000000,6.192,6.24,6.171,6.223,91034.512597
1677873600000,6.225,6.24,6.175,6.189,60924.595505
1677877200000,6.188,6.19,6.107,6.15,162295.870507
1677880800000,6.15,6.247,6.15,6.247,137478.187371
1677884400000,6.247,6.265,6.221,6.261,242389.877724
1677888000000,6.263,6.329,6.25,6.302,199543.44357
1677891600000,6.302,6.313,6.266,6.275,112063.536166
1677895200000,6.273,6.302,6.258,6.258,93136.264434
1677898800000,6.258,6.267,6.219,6.234,138645.324755
1677902400000,6.234,6.251,6.17,6.2,140942.759569
1677906000000,6.198,6.214,6.1,6.156,286996.104741
1677909600000,6.155,6.239,6.147,6.215,202563.205724
1677913200000,6.215,6.221,6.182,6.192,57980.748735
1677916800000,6.191,6.191,6.16,6.163,104340.923139
1677920400000,6.163,6.188,6.15,6.166,74490.562076
1677924000000,6.164,6.181,6.113,6.125,114647.175
1677927600000,6.124,6.159,6.117,6.155,71101.258959
1677931200000,6.155,6.184,6.112,6.169,125181.210806
1677934800000,6.168,6.181,6.119,6.119,107152.864512
1677938400000,6.119,6.145,6.06,6.081,222156.96125
1677942000000,6.083,6.104,6.041,6.056,175110.70818
1677945600000,6.057,6.105,6.056,6.097,90535.629208
1677949200000,6.095,6.114,6.021,6.033,85655.243699
1677952800000,6.033,6.054,5.972,6.029,291498.820949
1677956400000,6.029,6.052,5.892,5.928,167950.066629
1677960000000,5.928,5.934,5.761,5.881,410708.513974
1677963600000,5.879,5.88,5.688,5.79,372977.775557
1677967200000,5.788,5.943,5.762,5.862,247647.566158
1677970800000,5.864,5.922,5.843,5.917,180940.889469
1677974400000,5.917,5.968,5.879,5.946,213637.364201
1677978000000,5.945,6.135,5.945,6.115,385011.596428
1677981600000,6.115,6.167,5.968,6.067,372899.231483
1677985200000,6.068,6.164,6.067,6.11,174496.654618
1677988800000,6.112,6.209,6.112,6.158,210305.341471
1677992400000,6.159,6.171,6.118,6.127,125155.194768
1677996000000,6.127,6.133,6.085,6.128,128925.139032
1677999600000,6.128,6.131,6.072,6.115,214242.544236
1678003200000,6.116,6.146,6.063,6.08,129453.896638
1678006800000,6.08,6.16,6.048,6.138,185116.476284
1678010400000,6.138,6.232,6.138,6.195,242605.425052
1678014000000,6.194,6.201,6.134,6.147,118692.404499
1678017600000,6.15,6.201,6.139,6.196,173821.382642
1678021200000,6.197,6.248,6.186,6.231,306231.060534
1678024800000,6.23,6.245,6.175,6.188,144026.199732
1678028400000,6.193,6.265,6.183,6.227,208771.614211
1678032000000,6.227,6.262,6.177,6.236,287326.79758
1678035600000,6.237,6.282,6.188,6.198,130267.72872
1678039200000,6.2,6.222,6.172,6.174,64977.951565
1678042800000,6.179,6.198,6.14,6.187,73480.173641
1678046400000,6.187,6.241,6.179,6.212,33591.376521
1678050000000,6.205,6.25,6.181,6.234,147553.332361
1678053600000,6.233,6.233,6.155,6.164,62540.959438
1678057200000,6.163,6.168,6.087,6.138,216576.59901
1678060800000,6.139,6.196,6.055,6.13,175192.728183
1678064400000,6.131,6.162,6.03,6.049,330772.83749
1678068000000,6.047,6.092,6.007,6.085,228746.851306
1678071600000,6.085,6.107,6.074,6.093,44605.217734
1678075200000,6.097,6.162,6.058,6.067,140960.431683
1678078800000,6.068,6.101,6.041,6.095,62142.469186
1678082400000,6.096,6.137,6.094,6.124,69877.989782
1678086000000,6.122,6.165,6.108,6.121,147229.480301
1678089600000,6.123,6.144,6.085,6.13,91098.372859
1678093200000,6.13,6.137,6.082,6.104,74580.552625
1678096800000,6.102,6.125,6.081,6.113,54570.408089
1678100400000,6.116,6.116,6.061,6.071,51610.407539
1678104000000,6.069,6.095,6.036,6.088,107391.493745
1678107600000,6.088,6.152,6.088,6.152,149045.049304
1678111200000,6.153,6.199,6.13,6.173,279114.976245
1678114800000,6.176,6.244,6.156,6.233,234987.657606
1678118400000,6.232,6.242,6.164,6.199,177742.300308
1678122000000,6.199,6.2,6.166,6.179,83099.430507
1678125600000,6.179,6.2,6.16,6.185,63399.424164
1678129200000,6.19,6.201,6.111,6.124,204375.990792
1678132800000,6.127,6.141,6.089,6.09,112153.720888
1678136400000,6.091,6.127,6.072,6.112,52194.097954
1678140000000,6.112,6.139,6.103,6.122,87306.319728
1678143600000,6.121,6.128,6.089,6.099,70724.917819
1678147200000,6.099,6.107,6.046,6.1,166639.198673
1678150800000,6.104,6.196,6.1,6.159,207161.197044
1678154400000,6.16,6.179,6.137,6.168,84217.090333
1678158000000,6.168,6.191,6.133,6.139,95709.706566
1678161600000,6.139,6.145,6.1,6.121,102549.500785
1678165200000,6.123,6.126,6.105,6.116,28448.694123
1678168800000,6.114,6.114,6.075,6.098,108983.10736
1678172400000,6.098,6.099,6.071,6.075,164517.56699
1678176000000,6.074,6.099,6.052,6.091,160463.084088
1678179600000,6.09,6.094,5.989,6.006,259556.069903
1678183200000,6.006,6.043,5.941,5.967,170321.731845
1678186800000,5.965,5.992,5.901,5.914,177399.303039
1678190400000,5.916,5.965,5.889,5.94,261252.226205
1678194000000,5.94,5.961,5.868,5.884,133789.823058
1678197600000,5.884,5.928,5.832,5.9,250533.431294
1678201200000,5.9,6.014,5.765,5.966,801814.493815
1678204800000,5.962,5.986,5.844,5.879,218570.27441
1678208400000,5.877,5.992,5.868,5.968,119475.906363
1678212000000,5.964,5.987,5.909,5.912,91650.045612
1678215600000,5.912,5.934,5.869,5.873,48515.618109
1678219200000,5.873,5.891,5.826,5.866,100335.968354
1678222800000,5.862,5.896,5.81,5.872,198174.773809
1678226400000,5.872,5.905,5.804,5.903,75128.275836
1678230000000,5.903,6.003,5.884,5.972,160678.0753
1678233600000,5.974,6.029,5.974,5.984,138516.448586
1678237200000,5.986,6.054,5.955,5.999,138813.208657
1678240800000,5.999,6.103,5.997,6.064,200011.186693
1678244400000,6.064,6.088,6,6.033,177466.501589
1678248000000,6.035,6.067,6.035,6.06,146759.677942
1678251600000,6.058,6.073,5.904,5.93,272139.503537
1678255200000,5.931,5.957,5.905,5.934,143647.395013
1678258800000,5.934,5.94,5.867,5.884,116049.03845
1678262400000,5.885,5.943,5.855,5.91,127031.323457
1678266000000,5.911,5.923,5.863,5.893,108005.906807
1678269600000,5.895,5.934,5.86,5.921,130349.572064
1678273200000,5.921,5.929,5.824,5.843,155855.273788
1678276800000,5.846,5.863,5.767,5.778,202778.543973
1678280400000,5.777,5.794,5.613,5.655,636990.727482
1678284000000,5.654,5.685,5.6,5.653,388695.893908
1678287600000,5.657,5.782,5.616,5.763,361933.49099
1678291200000,5.764,5.796,5.686,5.744,224647.419143
1678294800000,5.745,5.806,5.721,5.78,124626.048341
1678298400000,5.781,5.846,5.717,5.793,152913.154631
1678302000000,5.79,5.861,5.763,5.816,107448.940992
1678305600000,5.818,5.899,5.776,5.883,86817.556153
1678309200000,5.885,5.968,5.849,5.882,244283.493644
1678312800000,5.88,5.884,5.657,5.76,363917.110425
1678316400000,5.757,5.875,5.747,5.782,338487.234541
1678320000000,5.783,5.907,5.727,5.781,308752.750081
1678323600000,5.782,5.9,5.773,5.879,278139.740825
1678327200000,5.879,5.948,5.849,5.889,340910.690515
1678330800000,5.889,5.94,5.886,5.899,128191.064764
1678334400000,5.901,5.924,5.849,5.892,150543.580957
1678338000000,5.895,5.938,5.882,5.893,126671.645931
1678341600000,5.892,5.954,5.886,5.945,217878.001441
1678345200000,5.942,5.948,5.83,5.852,224624.011769
1678348800000,5.854,5.888,5.773,5.864,322097.30927
1678352400000,5.869,5.886,5.817,5.835,116111.849383
1678356000000,5.838,5.891,5.81,5.888,164665.212757
1678359600000,5.888,6.103,5.885,6.074,792274.149873
1678363200000,6.073,6.084,6.005,6.045,299851.12329
1678366800000,6.045,6.18,6.005,6.176,463190.263776
1678370400000,6.176,6.196,6.107,6.125,470647.72746
1678374000000,6.126,6.155,6.052,6.062,214694.396622
1678377600000,6.061,6.071,5.967,5.99,328729.108493
1678381200000,5.991,6.052,5.97,6.038,168796.231216
1678384800000,6.04,6.04,5.9,5.94,456898.115222
1678388400000,5.936,5.948,5.713,5.772,650019.67631
1678392000000,5.772,5.772,5.3,5.337,1403940.058437
1678395600000,5.342,5.49,5.288,5.306,676193.213501
1678399200000,5.306,5.431,5.302,5.393,362819.203245
1678402800000,5.392,5.526,5.38,5.513,367764.349091
1678406400000,5.515,5.529,5.4,5.444,463913.016293
1678410000000,5.444,5.498,5.375,5.477,436880.66532
1678413600000,5.478,5.499,5.416,5.439,213043.298014
1678417200000,5.437,5.45,5.4,5.4,156847.107087
1678420800000,5.401,5.442,5.376,5.425,278808.097754
1678424400000,5.425,5.439,5.398,5.417,199927.637124
1678428000000,5.418,5.426,5.303,5.336,191180.63839
1678431600000,5.336,5.397,5.298,5.375,266928.114801
1678435200000,5.376,5.376,5.201,5.258,398178.946634
1678438800000,5.26,5.274,5.143,5.206,531955.480561
1678442400000,5.206,5.231,5.102,5.184,575945.98295
1678446000000,5.187,5.23,5.149,5.214,333851.602112
1678449600000,5.214,5.265,5.173,5.245,361149.332894
1678453200000,5.243,5.413,5.205,5.385,709265.291028
1678456800000,5.386,5.39,5.18,5.247,506743.298034
1678460400000,5.248,5.379,5.248,5.367,286195.289743
1678464000000,5.366,5.456,5.305,5.361,479757.886592
1678467600000,5.359,5.362,5.248,5.285,247696.907082
1678471200000,5.29,5.31,5.22,5.228,100462.73541
1678474800000,5.225,5.309,5.224,5.297,74167.774014
1678478400000,5.3,5.329,5.232,5.241,101096.9199
1678482000000,5.244,5.272,5.158,5.262,217067.12573
1678485600000,5.26,5.333,5.239,5.316,104816.535062
1678489200000,5.315,5.371,5.301,5.313,225456.071647
1678492800000,5.313,5.388,5.287,5.333,609596.211548
1678496400000,5.33,5.511,5.33,5.46,636207.894891
1678500000000,5.458,5.497,5.368,5.38,496904.944732
1678503600000,5.383,5.394,5.314,5.314,288692.520174
1678507200000,5.314,5.319,5.232,5.261,299783.666291
1678510800000,5.262,5.307,5.24,5.291,152980.310325
1678514400000,5.29,5.301,5.186,5.218,443587.860375
1678518000000,5.22,5.226,4.68,4.783,2063619.981867
1678521600000,4.783,4.896,4.771,4.812,910210.782978
1678525200000,4.812,4.851,4.753,4.813,605781.854612
1678528800000,4.811,4.843,4.761,4.769,399220.995133
1678532400000,4.769,4.789,4.65,4.785,602534.222466
1678536000000,4.785,4.843,4.766,4.77,275734.099955
1678539600000,4.77,4.82,4.77,4.783,206549.298873
1678543200000,4.783,4.857,4.767,4.801,258028.526491
1678546800000,4.799,4.812,4.709,4.743,420800.285062
1678550400000,4.744,4.797,4.68,4.76,483007.03874
1678554000000,4.76,4.836,4.736,4.82,334855.7233
1678557600000,4.82,4.857,4.797,4.827,239518.238961
1678561200000,4.826,4.865,4.815,4.854,203252.957068
1678564800000,4.854,4.97,4.853,4.951,374904.24601
1678568400000,4.954,4.991,4.891,4.925,225907.66106
1678572000000,4.926,4.957,4.889,4.912,159407.946212
1678575600000,4.913,4.982,4.906,4.951,168954.171579
1678579200000,4.951,4.952,4.877,4.905,173265.621802
1678582800000,4.907,4.95,4.892,4.92,166407.258084
1678586400000,4.92,4.949,4.88,4.946,230133.497766
1678590000000,4.947,4.977,4.928,4.972,218900.922601
1678593600000,4.975,4.985,4.945,4.979,126508.070392
1678597200000,4.979,5.03,4.965,4.968,217066.340248
1678600800000,4.968,5.008,4.956,4.968,105512.67253
1678604400000,4.968,4.987,4.925,4.956,169179.852304
1678608000000,4.957,4.996,4.936,4.962,251865.336817
1678611600000,4.962,4.965,4.908,4.917,293687.056024
1678615200000,4.918,4.942,4.905,4.915,146357.735419
1678618800000,4.915,4.942,4.897,4.908,152797.777809
1678622400000,4.906,4.906,4.844,4.901,236168.280262
1678626000000,4.9,4.947,4.879,4.882,137165.907985
1678629600000,4.882,4.897,4.846,4.856,219515.399736
1678633200000,4.855,4.874,4.808,4.856,188325.098167
1678636800000,4.856,4.917,4.831,4.894,234750.270175
1678640400000,4.898,5.131,4.87,5.111,633917.62412
1678644000000,5.111,5.193,5.067,5.17,360409.387439
1678647600000,5.168,5.228,5.079,5.087,385183.873712
1678651200000,5.088,5.285,5.087,5.247,297806.925887
1678654800000,5.252,5.283,5.211,5.28,141330.026005
1678658400000,5.28,5.457,5.2,5.408,855954.965586
1678662000000,5.407,5.766,5.384,5.708,1209825.187806
1678665600000,5.708,6.071,5.673,6.069,2142650.066459
1678669200000,6.068,6.068,5.908,5.916,902094.212693
1678672800000,5.916,6.006,5.906,5.993,656549.197462
1678676400000,5.993,6.039,5.952,6.015,457424.701779
1678680000000,6.016,6.145,5.96,6.044,737205.878115
1678683600000,6.043,6.159,6.013,6.085,574012.792482
1678687200000,6.085,6.113,6.018,6.077,357718.245736
1678690800000,6.077,6.227,6.059,6.168,597729.412756
1678694400000,6.167,6.223,6.015,6.038,863876.674196
1678698000000,6.038,6.077,5.71,5.74,1528550.077515
1678701600000,5.74,5.881,5.74,5.858,413844.174198
1678705200000,5.861,5.873,5.665,5.8,502935.82501
1678708800000,5.8,5.81,5.701,5.766,391958.2002
1678712400000,5.769,5.963,5.762,5.86,1090659.049584
1678716000000,5.86,6.197,5.845,6.141,1447737.160612
1678719600000,6.151,6.424,6.1,6.17,1885249.522748
1678723200000,6.17,6.426,6.146,6.418,1469675.513684
1678726800000,6.419,6.479,6.283,6.337,640552.141922
1678730400000,6.338,6.4,6.271,6.363,301830.033072
1678734000000,6.362,6.485,6.331,6.39,232655.77608
1678737600000,6.391,6.451,6.32,6.338,236305.734223
1678741200000,6.337,6.51,6.337,6.381,207040.81742
1678744800000,6.385,6.588,6.385,6.47,345171.391081
1678748400000,6.469,6.476,6.301,6.374,431873.381752
1678752000000,6.375,6.38,6.275,6.28,313431.13844
1678755600000,6.277,6.337,6.241,6.315,335685.760619
1678759200000,6.315,6.333,6.255,6.264,234965.349545
1678762800000,6.269,6.33,6.264,6.307,149538.132785
1678766400000,6.306,6.369,6.29,6.369,196383.934289
1678770000000,6.367,6.469,6.269,6.313,601354.587646
1678773600000,6.315,6.355,6.288,6.294,193044.138705
1678777200000,6.293,6.342,6.175,6.236,358053.517851
1678780800000,6.238,6.263,6.12,6.23,462803.303584
1678784400000,6.23,6.255,6.181,6.25,200154.287992
1678788000000,6.25,6.271,6.208,6.264,190706.225557
1678791600000,6.26,6.275,6.186,6.239,308896.56141
1678795200000,6.236,6.641,6.175,6.589,1977416.028742
1678798800000,6.588,7.015,6.535,7.008,2041700.727868
1678802400000,7.01,7.158,6.853,7.087,1192733.262817
1678806000000,7.087,7.448,7.06,7.424,1398858.406556
1678809600000,7.422,7.58,7.111,7.264,1955950.466942
1678813200000,7.264,7.291,7.08,7.214,640800.007997
1678816800000,7.208,7.224,6.907,6.92,912077.866786
1678820400000,6.92,7.07,6.606,6.882,1337955.700664
1678824000000,6.885,6.918,6.716,6.766,351065.802312
1678827600000,6.771,6.791,6.4,6.666,790836.95985
1678831200000,6.664,6.803,6.611,6.795,347298.876009
1678834800000,6.796,6.836,6.733,6.759,287686.531529
1678838400000,6.754,6.798,6.636,6.779,634948.936707
1678842000000,6.779,7.043,6.756,6.964,669586.102477
1678845600000,6.964,7.044,6.912,6.961,411918.898395
1678849200000,6.962,6.97,6.851,6.915,305453.246035
1678852800000,6.917,6.983,6.877,6.947,219207.288014
1678856400000,6.951,6.974,6.828,6.835,192450.915897
1678860000000,6.841,6.866,6.75,6.827,323396.563892
1678863600000,6.827,6.853,6.754,6.849,262355.534548
1678867200000,6.842,6.86,6.75,6.804,248597.605386
1678870800000,6.805,6.814,6.64,6.666,530039.684722
1678874400000,6.667,6.709,6.565,6.584,553539.108183
1678878000000,6.583,6.59,6.386,6.564,1024468.754599
1678881600000,6.565,6.68,6.329,6.518,1068508.980816
1678885200000,6.522,6.667,6.375,6.387,825846.790231
1678888800000,6.384,6.504,6.165,6.283,1236466.39823
1678892400000,6.282,6.293,5.836,5.912,2164662.618354
1678896000000,5.911,5.939,5.327,5.45,2596884.900201
1678899600000,5.446,5.665,5.422,5.609,1028794.237786
1678903200000,5.609,5.669,5.42,5.648,882603.917034
1678906800000,5.65,5.65,5.45,5.543,702200.724955
1678910400000,5.543,5.641,5.498,5.595,580228.025367
1678914000000,5.594,5.63,5.539,5.589,227502.081645
1678917600000,5.586,5.689,5.526,5.605,667103.680149
1678921200000,5.606,5.649,5.563,5.614,396868.679558
1678924800000,5.616,5.733,5.517,5.528,918918.343722
1678928400000,5.523,5.665,5.515,5.652,547688.518071
1678932000000,5.65,5.733,5.625,5.722,433783.240954
1678935600000,5.725,5.726,5.592,5.618,252696.890879
1678939200000,5.617,5.639,5.551,5.595,248510.715984
1678942800000,5.595,5.713,5.563,5.7,300144.670364
1678946400000,5.7,5.787,5.67,5.724,642732.834442
1678950000000,5.724,5.94,5.713,5.861,715647.871132
1678953600000,5.862,5.862,5.789,5.841,498669.318648
1678957200000,5.842,5.924,5.723,5.836,552548.485671
1678960800000,5.837,5.906,5.783,5.864,390471.586953
1678964400000,5.86,5.923,5.817,5.876,308864.72869
1678968000000,5.878,5.878,5.623,5.684,779689.154169
1678971600000,5.682,5.784,5.564,5.771,518759.440752
1678975200000,5.77,5.821,5.685,5.764,259306.413356
1678978800000,5.768,5.78,5.691,5.754,329343.434737
1678982400000,5.756,5.779,5.649,5.692,418861.309299
1678986000000,5.692,5.695,5.617,5.665,247682.461862
1678989600000,5.664,5.713,5.624,5.707,117403.191116
1678993200000,5.708,5.836,5.7,5.802,231189.647628
1678996800000,5.8,5.8,5.632,5.645,407335.852365
1679000400000,5.645,5.813,5.642,5.771,211331.492446
1679004000000,5.771,5.82,5.761,5.787,107333.983793
1679007600000,5.788,5.863,5.775,5.808,201058.881515
1679011200000,5.808,5.832,5.7,5.708,256402.864541
1679014800000,5.71,6.025,5.705,6.024,639882.0233
1679018400000,6.025,6.11,5.906,5.949,847782.541407
1679022000000,5.947,5.999,5.91,5.963,237487.423704
1679025600000,5.967,5.985,5.93,5.944,164488.3284
1679029200000,5.941,5.958,5.889,5.935,206411.800405
1679032800000,5.933,6.036,5.913,6.035,360855.351353
1679036400000,6.035,6.037,5.927,5.967,245940.727209
1679040000000,5.968,5.998,5.885,5.906,209488.325465
1679043600000,5.908,6.009,5.908,5.998,276178.659742
1679047200000,5.992,6.297,5.991,6.265,733247.228775
1679050800000,6.264,6.3,6.188,6.275,637794.22343
1679054400000,6.274,6.274,6.05,6.084,663725.048639
1679058000000,6.084,6.16,6.061,6.084,418752.771619
1679061600000,6.084,6.148,5.82,5.883,862763.544356
1679065200000,5.882,5.971,5.867,5.939,648413.273548
1679068800000,5.936,5.992,5.841,5.885,326305.838856
1679072400000,5.888,6.011,5.888,5.979,193755.30919
1679076000000,5.986,6.037,5.915,6.034,130830.748169
1679079600000,6.037,6.112,6.017,6.09,229623.720717
1679083200000,6.093,6.097,5.959,6.025,127752.066499
1679086800000,6.023,6.143,6.012,6.097,207927.628654
1679090400000,6.101,6.245,6.055,6.172,360011.520713
1679094000000,6.176,6.484,6.176,6.392,870023.093807
1679097600000,6.391,6.404,6.24,6.374,658427.298803
1679101200000,6.375,6.551,6.289,6.345,868251.048522
1679104800000,6.345,6.495,6.271,6.483,679920.736556
1679108400000,6.481,6.55,6.384,6.444,477036.984238
1679112000000,6.445,6.455,6.332,6.341,312504.076013
1679115600000,6.342,6.415,6.308,6.411,230166.664628
1679119200000,6.411,6.411,6.34,6.394,238163.732905
1679122800000,6.393,6.448,6.336,6.388,217195.125436
1679126400000,6.383,6.391,6.182,6.304,564919.215139
1679130000000,6.306,6.349,6.246,6.335,262270.251676
1679133600000,6.334,6.398,6.304,6.387,232781.290274
1679137200000,6.385,6.425,6.341,6.407,260012.71358
1679140800000,6.405,6.424,6.303,6.376,244089.536511
1679144400000,6.376,6.413,6.279,6.3,387268.737539
1679148000000,6.3,6.375,6.24,6.281,263066.749792
1679151600000,6.282,6.294,5.973,6.059,898723.355117
1679155200000,6.059,6.225,5.846,6.151,1292392.511098
1679158800000,6.149,6.216,5.991,6.105,414079.18955
1679162400000,6.105,6.16,6.073,6.151,160085.771715
1679166000000,6.154,6.18,6.074,6.089,234622.027694
1679169600000,6.09,6.152,6.079,6.108,84116.931361
1679173200000,6.108,6.118,6.033,6.044,100040.826681
1679176800000,6.04,6.065,5.943,5.959,238085.357913
1679180400000,5.963,5.976,5.822,5.879,665710.075877
1679184000000,5.875,6.059,5.875,6.017,381600.338738
1679187600000,6.015,6.083,5.98,6.041,229591.48784
1679191200000,6.042,6.104,6.031,6.053,188822.234759
1679194800000,6.054,6.135,6.038,6.114,140390.650961
1679198400000,6.119,6.145,6.047,6.057,174756.148501
1679202000000,6.055,6.094,6.02,6.04,160734.393657
1679205600000,6.043,6.064,5.969,5.979,204788.524521
1679209200000,5.982,6.004,5.905,6,201928.34836
1679212800000,6,6.059,5.95,5.982,197366.727827
1679216400000,5.982,6.021,5.938,6,141492.160701
1679220000000,6,6.003,5.903,5.918,213186.663539
1679223600000,5.918,6.021,5.854,6.01,222331.200791
1679227200000,6.01,6.062,5.98,5.993,278914.99081
1679230800000,5.991,6.004,5.907,5.942,245807.086597
1679234400000,5.943,6.024,5.928,6.005,221157.645033
1679238000000,6.006,6.099,6.005,6.047,356182.205725
1679241600000,6.044,6.175,6.014,6.124,419081.727611
1679245200000,6.123,6.185,6.065,6.099,211290.563189
1679248800000,6.099,6.196,6.074,6.196,195139.643289
1679252400000,6.194,6.338,6.178,6.223,480548.964437
1679256000000,6.224,6.242,6.04,6.086,263499.076454
1679259600000,6.087,6.152,6.085,6.107,126860.517485
1679263200000,6.113,6.254,6.099,6.198,358063.019221
1679266800000,6.197,6.52,6.194,6.274,846255.495265
1679270400000,6.281,6.39,6.16,6.195,638108.140757
1679274000000,6.197,6.454,6.179,6.32,593030.580947
1679277600000,6.321,6.36,6.17,6.228,418366.468992
1679281200000,6.229,6.266,6,6.027,776852.07516
1679284800000,6.024,6.085,5.951,6.045,381065.805847
1679288400000,6.042,6.114,6.035,6.091,206370.804358
1679292000000,6.092,6.125,6.014,6.059,187361.71354
1679295600000,6.06,6.242,6.06,6.222,537480.547517
1679299200000,6.22,6.274,6.14,6.184,370436.110403
1679302800000,6.186,6.215,6.097,6.147,263906.223667
1679306400000,6.148,6.178,6.065,6.092,247505.040352
1679310000000,6.093,6.145,6.041,6.077,149062.899801
1679313600000,6.076,6.12,6.04,6.116,179611.896503
1679317200000,6.116,6.117,5.986,6.008,340929.022128
1679320800000,6.009,6.082,5.98,6.043,346738.267313
1679324400000,6.043,6.053,5.991,5.997,136287.926336
1679328000000,5.998,6.04,5.83,5.85,428279.573857
1679331600000,5.853,5.937,5.81,5.829,238919.329972
1679335200000,5.829,5.877,5.746,5.847,366002.02345
1679338800000,5.847,5.852,5.659,5.74,336346.797496
1679342400000,5.74,5.816,5.731,5.8,115708.718428
1679346000000,5.797,5.85,5.779,5.804,96474.379401
1679349600000,5.803,5.806,5.73,5.761,226208.575489
1679353200000,5.758,5.798,5.68,5.725,279489.839114
1679356800000,5.725,5.858,5.713,5.833,303956.706893
1679360400000,5.832,5.833,5.734,5.819,279610.275777
1679364000000,5.818,5.835,5.769,5.789,131673.819995
1679367600000,5.789,5.838,5.777,5.836,73411.426898
1679371200000,5.836,5.861,5.823,5.85,110967.726966
1679374800000,5.843,5.845,5.742,5.772,159232.384672
1679378400000,5.773,5.809,5.753,5.755,106282.360924
1679382000000,5.756,5.77,5.626,5.697,506887.194943
1679385600000,5.697,5.732,5.629,5.709,224180.884536
1679389200000,5.708,5.815,5.694,5.783,174083.094411
1679392800000,5.784,5.878,5.768,5.808,302622.269036
1679396400000,5.81,5.848,5.784,5.824,152136.928853
1679400000000,5.825,6.009,5.793,6.007,493983.118151
1679403600000,6.008,6.059,5.969,6.045,653971.721884
1679407200000,6.046,6.097,5.916,5.93,547103.111636
1679410800000,5.932,5.98,5.911,5.946,154048.808399
1679414400000,5.947,6.028,5.93,5.989,327469.629425
1679418000000,5.986,6.006,5.864,5.91,269722.350577
1679421600000,5.912,5.917,5.759,5.835,239154.384215
1679425200000,5.835,5.927,5.814,5.898,96212.659789
1679428800000,5.905,5.97,5.904,5.937,49413.088473
1679432400000,5.929,6.009,5.881,5.927,121090.103567
1679436000000,5.92,5.951,5.815,5.886,192465.320882
1679439600000,5.887,5.947,5.853,5.925,245296.707506
1679443200000,5.927,5.927,5.76,5.802,319119.466153
1679446800000,5.801,5.846,5.793,5.822,115375.585171
1679450400000,5.824,5.865,5.813,5.83,260449.188098
1679454000000,5.83,5.888,5.827,5.838,85549.382786
1679457600000,5.84,5.862,5.824,5.853,78854.56311
1679461200000,5.853,5.873,5.84,5.865,89891.787314
1679464800000,5.865,5.867,5.809,5.84,98909.488652
1679468400000,5.841,5.87,5.775,5.806,186319.780318
1679472000000,5.806,5.82,5.735,5.75,235032.791803
1679475600000,5.748,5.795,5.724,5.747,244195.640392
1679479200000,5.747,5.81,5.737,5.8,183399.106977
1679482800000,5.801,5.825,5.755,5.774,126088.977042
1679486400000,5.774,5.83,5.74,5.805,209178.81805
1679490000000,5.806,5.843,5.77,5.79,220076.865249
1679493600000,5.789,5.892,5.785,5.849,490244.192657
1679497200000,5.849,5.947,5.794,5.827,345010.55238
1679500800000,5.827,5.855,5.765,5.808,176955.884846
1679504400000,5.811,5.812,5.688,5.777,401302.296688
1679508000000,5.779,6.1,5.65,5.83,2058347.807326
1679511600000,5.827,5.838,5.32,5.403,1645295.851497
1679515200000,5.403,5.58,5.379,5.554,553161.723243
1679518800000,5.555,5.601,5.505,5.514,196308.425686
1679522400000,5.516,5.583,5.512,5.574,209036.852012
1679526000000,5.575,5.688,5.563,5.648,194689.197529
1679529600000,5.648,5.732,5.623,5.671,318757.831064
1679533200000,5.671,5.681,5.614,5.615,125808.787113
1679536800000,5.613,5.679,5.61,5.671,77160.977526
1679540400000,5.672,5.686,5.621,5.626,79796.370218
1679544000000,5.627,5.676,5.62,5.642,101236.11482
1679547600000,5.642,5.736,5.631,5.715,110752.093616
1679551200000,5.719,5.756,5.696,5.701,129052.121035
1679554800000,5.7,5.734,5.69,5.73,96768.897396
1679558400000,5.731,5.75,5.701,5.732,91433.405268
1679562000000,5.732,5.788,5.72,5.784,113787.452335
1679565600000,5.785,5.81,5.754,5.762,156461.617411
1679569200000,5.762,5.775,5.715,5.772,143802.407626
1679572800000,5.773,5.777,5.734,5.737,154040.687542
1679576400000,5.736,5.744,5.642,5.675,329872.282141
1679580000000,5.675,5.814,5.647,5.806,298293.362362
1679583600000,5.808,5.96,5.803,5.909,763240.161213
1679587200000,5.909,5.928,5.852,5.907,302324.6219
1679590800000,5.908,5.971,5.878,5.947,279242.045189
1679594400000,5.944,5.951,5.762,5.806,241808.302141
1679598000000,5.807,5.865,5.776,5.856,113120.47702
1679601600000,5.856,5.879,5.829,5.874,72433.335069
1679605200000,5.873,5.873,5.817,5.865,51606.690681
1679608800000,5.865,5.91,5.849,5.888,89251.75097
1679612400000,5.887,5.971,5.879,5.927,242445.520266
1679616000000,5.927,5.941,5.891,5.899,146561.162532
1679619600000,5.899,5.983,5.876,5.933,225193.513328
1679623200000,5.932,6.06,5.925,5.982,483676.824957
1679626800000,5.98,5.991,5.924,5.932,219344.008406
1679630400000,5.928,5.966,5.881,5.887,155040.038837
1679634000000,5.888,5.973,5.888,5.95,179426.43902
1679637600000,5.95,6.041,5.943,6.003,322574.857303
1679641200000,6.004,6.044,5.977,6.003,408363.453676
1679644800000,6.004,6.01,5.854,5.878,478135.382998
1679648400000,5.872,5.903,5.766,5.772,380312.624627
1679652000000,5.771,5.794,5.7,5.714,385970.442636
1679655600000,5.713,5.734,5.5,5.629,805941.585825
1679659200000,5.628,5.721,5.616,5.697,611889.962359
1679662800000,5.698,5.709,5.611,5.697,171149.340226
1679666400000,5.697,5.745,5.645,5.655,212869.396076
1679670000000,5.654,5.656,5.589,5.636,220192.282318
1679673600000,5.638,5.648,5.584,5.601,171817.913714
1679677200000,5.604,5.622,5.444,5.499,331874.256818
1679680800000,5.499,5.568,5.495,5.539,110819.358
1679684400000,5.539,5.578,5.523,5.571,84742.39485
1679688000000,5.575,5.591,5.518,5.528,86392.679389
1679691600000,5.526,5.54,5.45,5.53,108929.998262
1679695200000,5.529,5.548,5.502,5.504,74396.073413
1679698800000,5.504,5.564,5.504,5.557,129662.646661
1679702400000,5.557,5.629,5.537,5.624,151256.902384
1679706000000,5.624,5.624,5.553,5.587,108962.377169
1679709600000,5.586,5.625,5.577,5.617,79710.086543
1679713200000,5.616,5.621,5.579,5.591,70541.797434
1679716800000,5.591,5.609,5.533,5.554,241293.593343
1679720400000,5.555,5.572,5.506,5.522,131217.222688
1679724000000,5.523,5.549,5.503,5.544,111403.821216
1679727600000,5.545,5.578,5.531,5.535,50623.668447
1679731200000,5.533,5.541,5.473,5.5,118281.37826
1679734800000,5.501,5.513,5.42,5.512,185059.997168
1679738400000,5.512,5.56,5.507,5.528,130734.174602
1679742000000,5.529,5.556,5.516,5.541,59447.753609
1679745600000,5.538,5.548,5.495,5.51,75503.72778
1679749200000,5.508,5.555,5.45,5.54,102340.05969
1679752800000,5.539,5.56,5.5,5.502,112019.166881
1679756400000,5.503,5.57,5.479,5.554,127757.219185
1679760000000,5.553,5.576,5.512,5.529,125451.079217
1679763600000,5.53,5.558,5.483,5.5,67087.503515
1679767200000,5.495,5.522,5.441,5.45,71374.102776
1679770800000,5.447,5.447,5.256,5.287,471749.554889
1679774400000,5.284,5.38,5.281,5.372,207943.681435
1679778000000,5.372,5.399,5.336,5.343,73684.936674
1679781600000,5.339,5.396,5.337,5.352,81001.023711
1679785200000,5.351,5.39,5.325,5.381,88481.858866
1679788800000,5.382,5.475,5.356,5.453,211618.175836
1679792400000,5.455,5.481,5.441,5.452,105359.36671
1679796000000,5.452,5.516,5.452,5.498,68163.879064
1679799600000,5.499,5.504,5.456,5.489,69072.010261
1679803200000,5.491,5.506,5.474,5.491,67690.069404
1679806800000,5.491,5.533,5.464,5.522,89264.612786
1679810400000,5.523,5.532,5.494,5.514,68492.120215
1679814000000,5.515,5.552,5.502,5.515,101345.335567
1679817600000,5.515,5.574,5.474,5.541,196949.233504
1679821200000,5.541,5.588,5.508,5.525,130347.853449
1679824800000,5.527,5.532,5.501,5.521,53734.859978
1679828400000,5.522,5.55,5.506,5.544,64224.972597
1679832000000,5.546,5.576,5.539,5.563,123171.105748
1679835600000,5.564,5.646,5.544,5.635,473353.081435
1679839200000,5.634,5.679,5.52,5.545,347520.287565
1679842800000,5.546,5.587,5.531,5.568,88580.401638
1679846400000,5.568,5.595,5.499,5.514,126402.864986
1679850000000,5.514,5.584,5.508,5.579,59259.76285
1679853600000,5.579,5.615,5.569,5.59,61217.325184
1679857200000,5.593,5.631,5.584,5.629,33820.215764
1679860800000,5.624,5.66,5.573,5.602,57898.887591
1679864400000,5.6,5.642,5.597,5.642,64367.840416
1679868000000,5.642,5.725,5.637,5.7,180013.026634
1679871600000,5.702,5.744,5.68,5.682,177687.136344
1679875200000,5.682,5.702,5.653,5.668,149962.424186
1679878800000,5.669,5.683,5.603,5.607,154437.411357
1679882400000,5.607,5.61,5.57,5.595,126301.527296
1679886000000,5.594,5.628,5.585,5.599,106619.734295
1679889600000,5.599,5.615,5.58,5.596,42190.206629
1679893200000,5.594,5.599,5.515,5.53,134570.688872
1679896800000,5.526,5.539,5.495,5.518,125724.533891
1679900400000,5.515,5.545,5.498,5.516,85686.707831
1679904000000,5.515,5.555,5.49,5.54,124730.226251
1679907600000,5.542,5.561,5.515,5.555,124785.310184
1679911200000,5.555,5.566,5.525,5.548,46703.851632
1679914800000,5.545,5.567,5.53,5.55,63980.720863
1679918400000,5.553,5.597,5.519,5.531,164178.019449
1679922000000,5.531,5.564,5.501,5.532,189960.126238
1679925600000,5.537,5.544,5.341,5.341,405881.349991
1679929200000,5.342,5.355,5.204,5.31,1022892.573258
1679932800000,5.31,5.389,5.3,5.312,261363.658752
1679936400000,5.313,5.34,5.26,5.277,194399.343213
1679940000000,5.278,5.335,5.278,5.31,83047.348253
1679943600000,5.311,5.327,5.271,5.28,60614.371042
1679947200000,5.28,5.3,5.252,5.281,57855.153425
1679950800000,5.283,5.329,5.276,5.323,33215.962058
1679954400000,5.322,5.325,5.275,5.296,100872.215819
1679958000000,5.297,5.361,5.293,5.347,78758.082381
1679961600000,5.347,5.385,5.305,5.316,211093.166329
1679965200000,5.315,5.382,5.278,5.337,168669.003374
1679968800000,5.336,5.354,5.295,5.304,84826.840322
1679972400000,5.305,5.324,5.271,5.29,73741.779907
1679976000000,5.29,5.335,5.29,5.334,89706.893623
1679979600000,5.333,5.375,5.324,5.371,91679.230201
1679983200000,5.374,5.442,5.372,5.407,199254.190673
1679986800000,5.407,5.425,5.355,5.364,203026.116099
1679990400000,5.365,5.403,5.351,5.391,113507.076574
1679994000000,5.389,5.389,5.329,5.344,73464.649693
1679997600000,5.344,5.37,5.302,5.322,147537.477166
1680001200000,5.324,5.44,5.317,5.422,183008.124641
1680004800000,5.422,5.442,5.361,5.388,154758.674457
1680008400000,5.388,5.394,5.331,5.374,101186.402653
1680012000000,5.375,5.411,5.359,5.39,108204.713448
1680015600000,5.391,5.421,5.377,5.405,82262.299076
1680019200000,5.408,5.41,5.325,5.35,91573.137474
1680022800000,5.35,5.371,5.317,5.346,82949.478626
1680026400000,5.344,5.49,5.344,5.49,183924.511234
1680030000000,5.49,5.626,5.472,5.605,295103.174305
1680033600000,5.608,5.618,5.531,5.545,137093.168244
1680037200000,5.545,5.572,5.516,5.539,102796.105069
1680040800000,5.538,5.558,5.516,5.546,200690.852901
1680044400000,5.545,5.599,5.544,5.56,227055.749287
1680048000000,5.56,5.592,5.545,5.553,172043.68449
1680051600000,5.555,5.627,5.555,5.585,198555.691051
1680055200000,5.587,5.627,5.577,5.603,132932.714547
1680058800000,5.604,5.61,5.568,5.581,92715.64979
1680062400000,5.582,5.716,5.582,5.706,351952.916063
1680066000000,5.707,5.727,5.646,5.668,292919.17892
1680069600000,5.67,5.8,5.642,5.76,493089.681023
1680073200000,5.762,5.804,5.736,5.745,260616.028672
1680076800000,5.746,5.823,5.711,5.804,452239.487801
1680080400000,5.809,5.828,5.75,5.781,240323.676782
1680084000000,5.78,5.802,5.751,5.769,222134.619778
1680087600000,5.77,5.805,5.746,5.8,126754.934565
1680091200000,5.8,5.82,5.732,5.774,229127.487643
1680094800000,5.772,5.789,5.724,5.754,163764.929277
1680098400000,5.76,5.78,5.658,5.679,357046.967153
1680102000000,5.68,5.739,5.651,5.732,175186.182121
1680105600000,5.73,5.733,5.67,5.678,147190.405396
1680109200000,5.679,5.742,5.678,5.733,86452.194719
1680112800000,5.733,5.756,5.702,5.748,88306.319924
1680116400000,5.747,5.774,5.73,5.761,54562.193687
1680120000000,5.763,5.777,5.734,5.754,69272.951383
1680123600000,5.754,5.797,5.74,5.74,125296.342506
1680127200000,5.744,5.752,5.686,5.734,88814.339209
1680130800000,5.735,5.778,5.732,5.732,100375.856606
1680134400000,5.732,5.758,5.64,5.68,190925.483441
1680138000000,5.677,5.713,5.63,5.682,256478.056088
1680141600000,5.677,5.887,5.677,5.822,707537.146664
1680145200000,5.822,5.841,5.52,5.684,800627.192476
1680148800000,5.683,5.749,5.666,5.721,161579.328415
1680152400000,5.72,5.726,5.676,5.7,127046.166966
1680156000000,5.695,5.714,5.636,5.653,152232.699359
1680159600000,5.653,5.705,5.635,5.678,140615.056402
1680163200000,5.675,5.683,5.624,5.636,115277.783524
1680166800000,5.636,5.646,5.584,5.637,128837.783713
1680170400000,5.637,5.661,5.626,5.653,52070.243357
1680174000000,5.653,5.665,5.628,5.652,90067.444585
1680177600000,5.653,5.667,5.614,5.666,114126.585137
1680181200000,5.667,5.667,5.606,5.615,93344.316552
1680184800000,5.617,5.623,5.576,5.599,202736.020818
1680188400000,5.598,5.63,5.56,5.577,130370.425718
1680192000000,5.576,5.576,5.469,5.503,343165.482418
1680195600000,5.506,5.524,5.432,5.457,211353.21324
1680199200000,5.452,5.508,5.446,5.503,94917.249113
1680202800000,5.502,5.529,5.491,5.522,42614.501216
1680206400000,5.525,5.581,5.511,5.574,46047.424181
1680210000000,5.576,5.581,5.534,5.55,54957.665569
1680213600000,5.55,5.564,5.51,5.518,69174.871183
1680217200000,5.517,5.57,5.51,5.566,64888.880716
1680220800000,5.567,5.597,5.533,5.587,119507.080573
1680224400000,5.59,5.645,5.581,5.599,172202.2404
1680228000000,5.598,5.6,5.574,5.58,42059.350816
1680231600000,5.581,5.594,5.569,5.591,45670.173278
1680235200000,5.592,5.625,5.586,5.604,91687.208256
1680238800000,5.604,5.613,5.52,5.542,151651.407377
1680242400000,5.541,5.56,5.533,5.539,71154.898209
1680246000000,5.539,5.545,5.446,5.506,263341.837449
1680249600000,5.505,5.532,5.488,5.495,91147.114032
1680253200000,5.495,5.515,5.473,5.485,136021.609043
1680256800000,5.484,5.52,5.478,5.483,82343.376519
1680260400000,5.486,5.509,5.47,5.499,83191.366893
1680264000000,5.5,5.561,5.487,5.555,233571.640124
1680267600000,5.559,5.664,5.54,5.594,399754.861249
1680271200000,5.597,5.74,5.588,5.71,472962.353742
1680274800000,5.711,5.73,5.66,5.694,313855.149207
1680278400000,5.694,5.7,5.658,5.686,97787.734641
1680282000000,5.684,5.699,5.645,5.66,111719.501473
1680285600000,5.66,5.66,5.635,5.648,36493.12247
1680289200000,5.648,5.684,5.638,5.679,20492.927165
1680292800000,5.68,5.684,5.648,5.666,38408.107615
1680296400000,5.668,5.686,5.658,5.677,24250.233008
1680300000000,5.678,5.704,5.666,5.684,69383.446991
1680303600000,5.687,5.712,5.68,5.684,76191.056994
1680307200000,5.685,5.792,5.673,5.714,173675.824211
1680310800000,5.713,5.759,5.681,5.755,103532.276009
1680314400000,5.755,5.794,5.717,5.748,212569.608566
1680318000000,5.749,5.758,5.726,5.734,110225.885113
1680321600000,5.734,5.778,5.73,5.759,94796.959262
1680325200000,5.76,5.766,5.715,5.724,109126.71184
1680328800000,5.722,5.732,5.56,5.654,417092.194134
1680332400000,5.654,5.668,5.615,5.637,110588.457416
1680336000000,5.637,5.659,5.621,5.636,80069.553338
1680339600000,5.636,5.671,5.629,5.667,91591.191391
1680343200000,5.666,5.687,5.654,5.677,109622.008863
1680346800000,5.677,5.695,5.636,5.655,71785.464592
1680350400000,5.655,5.673,5.637,5.665,66340.271066
1680354000000,5.667,5.673,5.648,5.663,57669.10087
1680357600000,5.662,5.662,5.6,5.62,119799.814821
1680361200000,5.62,5.654,5.618,5.642,56787.242648
1680364800000,5.642,5.68,5.604,5.626,77208.287474
1680368400000,5.625,5.668,5.622,5.653,32763.350015
1680372000000,5.655,5.781,5.648,5.74,265737.745638
1680375600000,5.739,5.785,5.736,5.765,159697.730249
1680379200000,5.764,5.8,5.745,5.756,107248.447011
1680382800000,5.757,5.769,5.717,5.741,69699.184189
1680386400000,5.741,5.784,5.732,5.768,92689.981042
1680390000000,5.767,5.792,5.741,5.761,116388.517835
1680393600000,5.763,5.795,5.703,5.709,162640.767807
1680397200000,5.709,5.751,5.695,5.714,142132.763406
1680400800000,5.714,5.73,5.699,5.721,79394.051898
1680404400000,5.721,5.748,5.718,5.742,69477.480846
1680408000000,5.743,5.749,5.712,5.714,76840.232206
1680411600000,5.714,5.724,5.699,5.719,80543.951599
1680415200000,5.719,5.732,5.704,5.724,48230.600846
1680418800000,5.725,5.735,5.721,5.733,29757.998787
1680422400000,5.733,5.738,5.678,5.7,121831.431719
1680426000000,5.701,5.732,5.693,5.732,93128.370567
1680429600000,5.729,5.736,5.683,5.705,199700.841789
1680433200000,5.704,5.717,5.685,5.706,64733.061742
1680436800000,5.706,5.707,5.663,5.678,146848.217491
1680440400000,5.677,5.678,5.614,5.647,188982.512746
1680444000000,5.641,5.659,5.62,5.635,58821.849868
1680447600000,5.635,5.635,5.533,5.548,690591.281414
1680451200000,5.547,5.55,5.473,5.511,625045.417915
1680454800000,5.511,5.581,5.508,5.569,96877.288735
1680458400000,5.57,5.57,5.534,5.537,43742.058307
1680462000000,5.537,5.542,5.435,5.488,137574.63791
1680465600000,5.483,5.538,5.48,5.537,37831.829563
1680469200000,5.533,5.546,5.503,5.517,45351.448347
1680472800000,5.52,5.548,5.469,5.544,81563.245286
1680476400000,5.545,5.564,5.54,5.546,74169.728371
1680480000000,5.549,5.551,5.498,5.526,120080.580786
1680483600000,5.526,5.538,5.338,5.403,415476.942098
1680487200000,5.403,5.464,5.395,5.455,157616.910155
1680490800000,5.457,5.478,5.445,5.462,57796.857288
1680494400000,5.462,5.468,5.437,5.462,54907.64758
1680498000000,5.462,5.479,5.454,5.458,41940.828571
1680501600000,5.457,5.479,5.442,5.477,67406.37426
1680505200000,5.478,5.5,5.474,5.5,71755.218646
1680508800000,5.5,5.615,5.5,5.602,341386.027861
1680512400000,5.602,5.614,5.579,5.584,111486.739258
1680516000000,5.586,5.6,5.56,5.563,132638.739222
1680519600000,5.564,5.574,5.543,5.569,99773.97663
1680523200000,5.568,5.579,5.523,5.554,134104.981355
1680526800000,5.553,5.602,5.55,5.565,105781.806438
1680530400000,5.567,5.578,5.489,5.501,191297.529436
1680534000000,5.5,5.529,5.478,5.524,133320.033204
1680537600000,5.526,5.549,5.507,5.514,78919.43012
1680541200000,5.512,5.574,5.5,5.57,81735.865431
1680544800000,5.572,5.685,5.561,5.641,316001.477711
1680548400000,5.641,5.663,5.61,5.629,120996.977142
1680552000000,5.63,5.641,5.43,5.474,358843.824012
1680555600000,5.474,5.51,5.375,5.5,268052.393243
1680559200000,5.502,5.599,5.497,5.593,132420.362974
1680562800000,5.593,5.671,5.563,5.571,288789.721813
1680566400000,5.571,5.586,5.515,5.535,165957.083452
1680570000000,5.537,5.581,5.528,5.555,125633.336691
1680573600000,5.554,5.586,5.546,5.563,108241.766458
1680577200000,5.562,5.572,5.544,5.55,51590.70692
1680580800000,5.549,5.564,5.521,5.525,63364.692377
1680584400000,5.523,5.548,5.517,5.542,76719.19532
1680588000000,5.543,5.593,5.535,5.575,119511.936533
1680591600000,5.576,5.587,5.545,5.559,110881.77928
1680595200000,5.555,5.589,5.537,5.587,74111.529115
1680598800000,5.587,5.613,5.587,5.609,204220.221837
1680602400000,5.609,5.626,5.594,5.599,176033.064537
1680606000000,5.6,5.667,5.595,5.637,335248.605309
1680609600000,5.637,5.659,5.623,5.64,180599.849293
1680613200000,5.642,5.666,5.56,5.6,244517.502123
1680616800000,5.601,5.648,5.589,5.601,123057.856077
1680620400000,5.6,5.615,5.56,5.594,149934.278654
1680624000000,5.593,5.629,5.586,5.623,72012.909724
1680627600000,5.625,5.643,5.607,5.62,41964.026688
1680631200000,5.625,5.633,5.599,5.604,36856.757564
1680634800000,5.605,5.635,5.605,5.631,39547.613862
1680638400000,5.631,5.663,5.627,5.649,58202.506855
1680642000000,5.649,5.658,5.622,5.636,66923.330233
1680645600000,5.637,5.64,5.609,5.619,33573.892085
1680649200000,5.619,5.628,5.586,5.618,74837.013985
1680652800000,5.617,5.699,5.577,5.687,269493.857372
1680656400000,5.687,5.723,5.67,5.711,285397.35546
1680660000000,5.712,5.76,5.707,5.709,322931.413264
1680663600000,5.709,5.721,5.687,5.721,130687.335705
1680667200000,5.72,5.745,5.719,5.731,104866.066916
1680670800000,5.731,5.765,5.726,5.754,142181.162334
1680674400000,5.754,5.792,5.73,5.743,224431.729879
1680678000000,5.74,5.762,5.723,5.747,91453.146099
1680681600000,5.746,5.782,5.723,5.768,145633.867022
1680685200000,5.766,5.777,5.739,5.745,70329.235411
1680688800000,5.746,5.763,5.736,5.746,98612.545665
1680692400000,5.748,5.755,5.705,5.713,156921.482253
1680696000000,5.714,5.738,5.626,5.719,440690.249437
1680699600000,5.713,5.73,5.662,5.682,228001.202203
1680703200000,5.683,5.692,5.6,5.603,359738.59729
1680706800000,5.605,5.626,5.546,5.612,221206.08626
1680710400000,5.612,5.62,5.571,5.6,110531.541443
1680714000000,5.597,5.631,5.588,5.608,50600.871391
1680717600000,5.609,5.618,5.573,5.602,57258.536758
1680721200000,5.6,5.65,5.573,5.636,69555.102902
1680724800000,5.636,5.659,5.627,5.63,20174.698095
1680728400000,5.636,5.644,5.622,5.635,15713.421461
1680732000000,5.635,5.659,5.628,5.65,47043.842158
1680735600000,5.65,5.677,5.646,5.673,54721.343564
1680739200000,5.673,5.685,5.585,5.602,144788.363245
1680742800000,5.603,5.627,5.522,5.596,333814.448126
1680746400000,5.595,5.619,5.576,5.602,71975.174623
1680750000000,5.6,5.627,5.585,5.624,53947.002529
1680753600000,5.625,5.625,5.593,5.597,39065.955963
1680757200000,5.597,5.612,5.567,5.584,62955.114611
1680760800000,5.582,5.607,5.579,5.6,46696.629177
1680764400000,5.601,5.602,5.543,5.548,104873.500635
1680768000000,5.551,5.584,5.533,5.573,97218.317844
1680771600000,5.574,5.595,5.56,5.561,62925.101748
1680775200000,5.56,5.567,5.527,5.553,192953.990168
1680778800000,5.55,5.578,5.546,5.575,65763.138335
1680782400000,5.576,5.598,5.553,5.567,95857.414112
1680786000000,5.568,5.595,5.543,5.586,113285.414919
1680789600000,5.586,5.609,5.579,5.586,91033.670916
1680793200000,5.585,5.628,5.581,5.614,74176.284025
1680796800000,5.614,5.632,5.601,5.61,75522.853716
1680800400000,5.61,5.625,5.6,5.61,18789.843565
1680804000000,5.61,5.612,5.577,5.583,34399.520551
1680807600000,5.582,5.61,5.58,5.6,16369.228034
1680811200000,5.595,5.617,5.552,5.555,61317.856074
1680814800000,5.554,5.586,5.55,5.572,40521.087595
1680818400000,5.572,5.593,5.569,5.59,21843.67941
1680822000000,5.593,5.61,5.589,5.606,38626.591275
1680825600000,5.602,5.643,5.587,5.638,61787.953574
1680829200000,5.638,5.642,5.613,5.619,61379.719038
1680832800000,5.622,5.649,5.586,5.617,125046.016763
1680836400000,5.617,5.623,5.592,5.608,88454.971912
1680840000000,5.608,5.639,5.6,5.634,66534.698941
1680843600000,5.635,5.641,5.575,5.6,123023.825679
1680847200000,5.602,5.607,5.56,5.577,122526.539346
1680850800000,5.574,5.578,5.512,5.53,267762.691159
1680854400000,5.529,5.576,5.51,5.542,131835.821818
1680858000000,5.542,5.575,5.539,5.569,31584.886357
1680861600000,5.569,5.597,5.566,5.583,108443.154442
1680865200000,5.585,5.587,5.543,5.555,50181.280919
1680868800000,5.556,5.599,5.547,5.588,121716.95182
1680872400000,5.587,5.613,5.575,5.599,77238.384836
1680876000000,5.598,5.946,5.598,5.821,1443497.192528
1680879600000,5.819,5.922,5.79,5.912,497256.135435
1680883200000,5.915,6.021,5.844,5.88,679449.467437
1680886800000,5.88,5.945,5.877,5.918,144887.433413
1680890400000,5.916,5.971,5.895,5.951,139952.985407
1680894000000,5.951,5.973,5.904,5.932,89511.592713
1680897600000,5.933,5.935,5.865,5.88,112639.452616
1680901200000,5.879,5.89,5.812,5.82,170655.768357
1680904800000,5.822,5.842,5.713,5.739,313550.673069
1680908400000,5.74,5.81,5.712,5.792,179069.176029
1680912000000,5.79,5.838,5.762,5.777,215404.230396
1680915600000,5.773,5.79,5.735,5.774,129134.141977
1680919200000,5.773,5.881,5.766,5.852,180936.928556
1680922800000,5.853,5.871,5.832,5.845,163716.826136
1680926400000,5.847,5.885,5.841,5.868,115928.145154
1680930000000,5.867,5.905,5.856,5.884,146256.648951
1680933600000,5.885,5.885,5.862,5.868,64478.058344
1680937200000,5.87,5.877,5.839,5.862,105739.547872
1680940800000,5.863,5.883,5.818,5.828,129218.671585
1680944400000,5.827,5.85,5.808,5.817,122517.297189
1680948000000,5.818,5.837,5.795,5.813,80754.994193
1680951600000,5.813,5.831,5.796,5.817,80309.029909
1680955200000,5.817,5.831,5.804,5.819,64678.323232
1680958800000,5.82,5.82,5.77,5.789,149283.714278
1680962400000,5.788,5.796,5.755,5.766,98469.536919
1680966000000,5.764,5.9,5.753,5.829,323669.157138
1680969600000,5.829,5.844,5.791,5.804,80278.823727
1680973200000,5.805,5.832,5.766,5.78,50967.347353
1680976800000,5.783,5.838,5.761,5.779,85422.49807
1680980400000,5.779,5.856,5.751,5.821,88027.087628
1680984000000,5.819,5.848,5.792,5.81,52161.004224
1680987600000,5.812,5.826,5.79,5.818,29768.987494
1680991200000,5.813,5.82,5.751,5.775,63090.831538
1680994800000,5.774,5.807,5.765,5.767,56315.759443
1680998400000,5.77,5.849,5.77,5.83,122470.860424
1681002000000,5.83,5.853,5.824,5.845,98109.029798
1681005600000,5.846,5.888,5.819,5.825,156834.603395
1681009200000,5.825,5.843,5.788,5.803,72077.316695
1681012800000,5.805,5.821,5.784,5.787,81476.051312
1681016400000,5.787,5.816,5.778,5.781,61291.227796
1681020000000,5.78,5.78,5.67,5.704,417354.93563
1681023600000,5.705,5.715,5.68,5.712,80526.328031
1681027200000,5.713,5.747,5.7,5.715,137380.813111
1681030800000,5.714,5.722,5.685,5.691,99278.224073
1681034400000,5.694,5.702,5.678,5.698,77516.873403
1681038000000,5.698,5.716,5.688,5.714,68609.803867
1681041600000,5.713,5.733,5.708,5.723,82454.994347
1681045200000,5.724,5.725,5.676,5.699,122936.049933
1681048800000,5.7,5.713,5.62,5.675,285846.959035
1681052400000,5.675,5.681,5.625,5.651,366151.510701
1681056000000,5.652,5.69,5.64,5.659,77611.091876
1681059600000,5.659,5.663,5.627,5.644,78299.488174
1681063200000,5.645,5.709,5.636,5.7,39556.210899
1681066800000,5.703,5.738,5.691,5.71,70464.616191
1681070400000,5.716,5.728,5.699,5.719,43968.226812
1681074000000,5.719,5.762,5.714,5.753,53866.473931
1681077600000,5.753,5.795,5.747,5.784,171575.04463
1681081200000,5.785,5.794,5.735,5.748,115935.342177
1681084800000,5.749,5.773,5.739,5.752,83564.385508
1681088400000,5.751,5.752,5.684,5.71,149013.227125
1681092000000,5.71,5.736,5.704,5.724,48220.927407
1681095600000,5.725,5.746,5.725,5.737,44267.528055
1681099200000,5.739,5.742,5.709,5.712,37487.248874
1681102800000,5.714,5.735,5.687,5.718,85560.616394
1681106400000,5.721,5.727,5.708,5.708,28325.342408
1681110000000,5.708,5.713,5.671,5.695,114362.071498
1681113600000,5.693,5.71,5.684,5.694,48401.560331
1681117200000,5.694,5.709,5.69,5.699,49884.261995
1681120800000,5.699,5.708,5.688,5.707,40187.531574
1681124400000,5.707,5.707,5.682,5.687,50946.11331
1681128000000,5.688,5.694,5.673,5.684,46702.710773
1681131600000,5.685,5.708,5.675,5.695,90029.276422
1681135200000,5.694,5.739,5.685,5.725,121915.721015
1681138800000,5.727,5.752,5.726,5.731,146414.296156
1681142400000,5.732,5.81,5.716,5.797,189900.324951
1681146000000,5.796,5.922,5.796,5.894,664722.131652
1681149600000,5.895,6.087,5.895,6.066,570312.99143
1681153200000,6.065,6.19,6.043,6.142,649489.840962
1681156800000,6.144,6.177,6.068,6.159,237180.343509
1681160400000,6.156,6.192,6.078,6.092,236072.151591
1681164000000,6.091,6.199,6.091,6.168,321935.365507
1681167600000,6.17,6.233,6.156,6.167,404618.187011
1681171200000,6.167,6.172,6.109,6.132,305344.750577
1681174800000,6.132,6.155,6.066,6.117,378633.853321
1681178400000,6.115,6.151,6.089,6.104,208001.931737
1681182000000,6.104,6.108,6.021,6.069,322755.821349
1681185600000,6.07,6.092,6.052,6.081,132638.03045
1681189200000,6.082,6.108,6.044,6.064,147885.407285
1681192800000,6.064,6.12,6.064,6.11,104103.428129
1681196400000,6.109,6.147,6.103,6.117,119560.383464
1681200000000,6.117,6.127,6.065,6.092,126473.238181
1681203600000,6.092,6.094,6.016,6.04,257529.696139
1681207200000,6.04,6.071,6.027,6.063,126746.061441
1681210800000,6.061,6.061,6.037,6.046,65487.966202
1681214400000,6.045,6.06,6.003,6.024,195813.879121
1681218000000,6.024,6.042,5.973,6.032,307443.661107
1681221600000,6.039,6.055,5.95,5.993,376854.139464
1681225200000,5.993,6.033,5.983,6.004,185103.769949
1681228800000,6.005,6.027,5.966,6.006,154236.63235
1681232400000,6.006,6.124,5.98,6.043,365711.611124
1681236000000,6.043,6.076,6.034,6.041,72909.749909
1681239600000,6.043,6.063,5.987,6.007,96102.09473
1681243200000,6,6.087,5.97,6.049,69076.29317
1681246800000,6.047,6.11,6.034,6.083,80375.036005
1681250400000,6.082,6.11,6.063,6.084,90304.041549
1681254000000,6.081,6.118,6.056,6.11,133548.167743
1681257600000,6.108,6.128,6,6.027,201027.585955
1681261200000,6.023,6.044,5.956,5.99,282640.328391
1681264800000,5.993,5.993,5.801,5.848,844675.037062
1681268400000,5.848,5.862,5.81,5.838,159028.543328
1681272000000,5.838,5.905,5.832,5.9,154011.503212
1681275600000,5.9,5.907,5.872,5.875,86087.048615
1681279200000,5.875,5.935,5.857,5.928,127084.196181
1681282800000,5.928,5.993,5.92,5.962,196724.797908
1681286400000,5.963,5.966,5.917,5.92,148818.66734
1681290000000,5.919,5.943,5.913,5.939,81733.423812
1681293600000,5.939,5.944,5.915,5.919,66512.840588
1681297200000,5.918,5.925,5.89,5.917,65520.917041
1681300800000,5.917,6.078,5.881,5.975,550281.29497
1681304400000,5.974,6.037,5.9,5.938,392266.297187
1681308000000,5.94,6.028,5.929,5.979,234674.266006
1681311600000,5.979,6.004,5.908,6.001,232358.842649
1681315200000,6.002,6.028,5.982,5.988,110960.834623
1681318800000,5.991,6.009,5.976,5.979,89168.027073
1681322400000,5.978,6,5.916,5.929,96469.483729
1681326000000,5.927,5.942,5.867,5.89,153945.660967
1681329600000,5.894,5.926,5.89,5.91,63527.449026
1681333200000,5.908,5.967,5.908,5.967,63700.221823
1681336800000,5.968,5.976,5.937,5.942,46559.02976
1681340400000,5.946,5.989,5.936,5.96,62218.199842
1681344000000,5.963,5.995,5.929,5.953,108505.605016
1681347600000,5.958,5.962,5.927,5.956,68475.203576
1681351200000,5.952,5.962,5.92,5.959,80611.282009
1681354800000,5.958,5.965,5.944,5.946,57526.980974
1681358400000,5.946,5.951,5.935,5.947,35584.247102
1681362000000,5.948,5.963,5.937,5.961,49234.719213
1681365600000,5.961,5.962,5.907,5.914,79336.922816
1681369200000,5.91,5.958,5.91,5.953,73898.277156
1681372800000,5.953,6.032,5.95,6.014,268212.063617
1681376400000,6.016,6.063,6.007,6.015,366442.197049
1681380000000,6.017,6.042,6,6.037,131715.17824
1681383600000,6.038,6.066,6.027,6.036,155249.705063
1681387200000,6.037,6.084,6.025,6.069,282490.976665
1681390800000,6.069,6.082,6.029,6.037,240773.319284
1681394400000,6.036,6.094,6.015,6.09,174091.525285
1681398000000,6.09,6.1,6.045,6.066,137288.793893
1681401600000,6.068,6.071,6.036,6.056,192303.497615
1681405200000,6.057,6.144,6.05,6.093,203747.330871
1681408800000,6.092,6.106,6.077,6.098,83386.60823
1681412400000,6.095,6.095,6.05,6.06,66625.504438
1681416000000,6.059,6.067,6.02,6.051,62828.611383
1681419600000,6.048,6.091,6.045,6.081,45465.213796
1681423200000,6.082,6.116,6.076,6.087,112967.055645
1681426800000,6.089,6.097,6.06,6.078,119270.500193
1681430400000,6.078,6.246,6.076,6.224,598358.160418
1681434000000,6.227,6.28,6.209,6.241,602112.550733
1681437600000,6.242,6.274,6.15,6.181,356638.578958
1681441200000,6.182,6.243,6.17,6.215,139922.95155
1681444800000,6.215,6.262,6.215,6.25,178323.945664
1681448400000,6.252,6.28,6.242,6.265,194018.294995
1681452000000,6.265,6.327,6.253,6.29,426252.75938
1681455600000,6.289,6.289,6.19,6.206,239200.987434
1681459200000,6.207,6.23,6.19,6.217,136706.670194
1681462800000,6.217,6.223,6.202,6.221,86377.9097
1681466400000,6.22,6.261,6.219,6.241,103377.833985
1681470000000,6.241,6.258,6.211,6.231,108639.592609
1681473600000,6.231,6.231,6.104,6.122,274665.455157
1681477200000,6.121,6.164,6.117,6.149,456702.216575
1681480800000,6.148,6.16,6.081,6.104,461972.530285
1681484400000,6.104,6.11,5.921,5.978,767853.249605
1681488000000,5.977,6.025,5.974,6.021,249972.055234
1681491600000,6.022,6.113,6.016,6.105,242972.21524
1681495200000,6.101,6.3,6.1,6.175,645754.526073
1681498800000,6.176,6.2,6.132,6.2,100675.523382
1681502400000,6.201,6.228,6.157,6.201,133897.780303
1681506000000,6.201,6.211,6.165,6.194,53538.730176
1681509600000,6.194,6.273,6.185,6.26,176715.518082
1681513200000,6.259,6.283,6.201,6.225,164694.181012
1681516800000,6.225,6.233,6.146,6.163,177768.135137
1681520400000,6.161,6.167,6.07,6.126,261691.15688
1681524000000,6.126,6.161,6.103,6.104,99857.518457
1681527600000,6.104,6.142,6.092,6.126,142250.924768
1681531200000,6.125,6.152,6.103,6.145,70400.639528
1681534800000,6.146,6.17,6.145,6.152,57406.121894
1681538400000,6.151,6.16,6.115,6.128,75617.936306
1681542000000,6.13,6.169,6.13,6.155,96218.700972
1681545600000,6.154,6.163,6.121,6.128,55814.369444
1681549200000,6.129,6.168,6.128,6.164,134104.455369
1681552800000,6.164,6.167,6.14,6.155,58133.55398
1681556400000,6.154,6.162,6.13,6.141,113104.16515
1681560000000,6.141,6.15,6.126,6.15,83756.788273
1681563600000,6.149,6.164,6.095,6.114,187127.414723
1681567200000,6.114,6.151,6.1,6.139,93936.843492
1681570800000,6.137,6.211,6.123,6.154,238519.968702
1681574400000,6.156,6.439,6.156,6.31,1127285.542293
1681578000000,6.31,6.358,6.243,6.322,378151.17253
1681581600000,6.324,6.377,6.298,6.369,185324.178293
1681585200000,6.371,6.432,6.327,6.425,337585.606901
1681588800000,6.427,6.427,6.335,6.392,161053.441427
1681592400000,6.394,6.395,6.319,6.34,128020.469856
1681596000000,6.333,6.395,6.31,6.355,163253.147315
1681599600000,6.357,6.38,6.286,6.297,169609.878397
1681603200000,6.297,6.37,6.286,6.32,157848.697836
1681606800000,6.32,6.328,6.2,6.24,493987.343769
1681610400000,6.24,6.297,6.236,6.291,188483.515181
1681614000000,6.29,6.296,6.251,6.269,89253.80096
1681617600000,6.269,6.318,6.263,6.306,98277.218283
1681621200000,6.306,6.323,6.29,6.32,131678.492704
1681624800000,6.318,6.32,6.279,6.284,95147.567879
1681628400000,6.284,6.321,6.268,6.316,114149.179857
1681632000000,6.316,6.358,6.294,6.345,135591.268972
1681635600000,6.345,6.352,6.295,6.305,192805.205337
1681639200000,6.304,6.304,6.252,6.291,219461.43363
1681642800000,6.293,6.312,6.251,6.265,116793.076277
1681646400000,6.265,6.299,6.26,6.289,75130.694212
1681650000000,6.29,6.295,6.2,6.243,261701.436071
1681653600000,6.244,6.278,6.23,6.274,106374.855136
1681657200000,6.271,6.339,6.244,6.324,132018.150751
1681660800000,6.325,6.327,6.277,6.319,173486.054242
1681664400000,6.319,6.35,6.267,6.277,120952.188446
1681668000000,6.276,6.37,6.276,6.37,107178.021846
1681671600000,6.37,6.38,6.286,6.298,140858.431127
1681675200000,6.296,6.342,6.233,6.313,126891.329861
1681678800000,6.312,6.387,6.306,6.372,102093.730861
1681682400000,6.374,6.383,6.326,6.358,128903.127245
1681686000000,6.358,6.379,6.315,6.338,110223.406704
1681689600000,6.337,6.365,6.166,6.192,547763.130399
1681693200000,6.193,6.252,6.15,6.211,245033.496694
1681696800000,6.211,6.272,6.202,6.259,135869.51614
1681700400000,6.259,6.271,6.24,6.249,96247.775711
1681704000000,6.25,6.253,6.192,6.236,124536.100504
1681707600000,6.235,6.235,6.205,6.229,85986.97703
1681711200000,6.228,6.231,6.174,6.195,140260.011441
1681714800000,6.195,6.22,6.183,6.192,128449.300693
1681718400000,6.192,6.225,6.17,6.223,120390.885947
1681722000000,6.222,6.229,6.195,6.209,94518.90491
1681725600000,6.207,6.226,6.179,6.22,107146.96428
1681729200000,6.222,6.23,6.108,6.158,329814.723231
1681732800000,6.154,6.176,6.125,6.17,151063.603717
1681736400000,6.17,6.173,6.098,6.143,182621.438772
1681740000000,6.142,6.16,6.104,6.138,110639.641356
1681743600000,6.138,6.142,6.026,6.042,380356.528589
1681747200000,6.04,6.12,6.031,6.109,250427.397137
1681750800000,6.108,6.112,6.087,6.096,61714.580225
1681754400000,6.095,6.131,6.094,6.125,35099.94698
1681758000000,6.127,6.147,6.11,6.126,33629.311363
1681761600000,6.131,6.131,6.101,6.114,21859.248319
1681765200000,6.114,6.114,6.061,6.097,70387.378748
1681768800000,6.097,6.134,6.094,6.13,57561.51313
1681772400000,6.13,6.137,6.097,6.119,69779.504784
1681776000000,6.119,6.126,6.074,6.103,128709.145563
1681779600000,6.103,6.119,6.027,6.113,178745.264839
1681783200000,6.11,6.162,6.106,6.132,110971.231855
1681786800000,6.137,6.141,6.124,6.135,88818.910379
1681790400000,6.135,6.146,6.126,6.143,93457.35478
1681794000000,6.142,6.184,6.142,6.181,159163.13346
1681797600000,6.183,6.219,6.182,6.219,186023.745444
1681801200000,6.22,6.226,6.182,6.197,131952.865408
1681804800000,6.198,6.21,6.172,6.188,72286.065514
1681808400000,6.188,6.23,6.175,6.21,146765.478988
1681812000000,6.212,6.253,6.206,6.239,105314.328416
1681815600000,6.24,6.3,6.234,6.289,292505.799617
1681819200000,6.29,6.31,6.244,6.253,233162.753217
1681822800000,6.255,6.271,6.232,6.268,158347.150623
1681826400000,6.267,6.272,6.198,6.234,208084.909484
1681830000000,6.234,6.243,6.199,6.229,117384.591949
1681833600000,6.23,6.253,6.21,6.224,93718.169703
1681837200000,6.222,6.24,6.146,6.153,134309.454719
1681840800000,6.147,6.202,6.143,6.178,106417.102795
1681844400000,6.177,6.2,6.171,6.197,49090.849207
1681848000000,6.194,6.258,6.178,6.254,74671.734822
1681851600000,6.256,6.269,6.23,6.265,37163.492034
1681855200000,6.266,6.267,6.244,6.258,43895.821464
1681858800000,6.259,6.265,6.236,6.256,98805.476148
1681862400000,6.26,6.268,6.219,6.233,95316.978405
1681866000000,6.233,6.304,6.213,6.251,195464.980943
1681869600000,6.247,6.268,6.234,6.236,66726.322715
1681873200000,6.236,6.248,6.205,6.23,70230.252372
1681876800000,6.231,6.239,6.188,6.233,104446.02983
1681880400000,6.231,6.277,6.23,6.253,80667.261876
1681884000000,6.253,6.26,6.186,6.191,141114.161197
1681887600000,6.191,6.22,6.187,6.211,124513.033437
1681891200000,6.209,6.209,5.45,5.734,3111222.008432
1681894800000,5.734,5.794,5.73,5.787,415755.6741
1681898400000,5.787,5.816,5.763,5.799,225461.680482
1681902000000,5.798,5.823,5.773,5.792,141539.865865
1681905600000,5.791,5.799,5.76,5.787,127340.371129
1681909200000,5.787,5.822,5.769,5.807,146839.094399
1681912800000,5.807,5.863,5.803,5.84,251420.189428
1681916400000,5.84,5.85,5.785,5.803,239545.004407
1681920000000,5.805,5.815,5.765,5.788,169019.356043
1681923600000,5.789,5.794,5.716,5.782,169311.452632
1681927200000,5.783,5.791,5.737,5.762,57822.4898
1681930800000,5.758,5.792,5.748,5.76,41506.477017
1681934400000,5.762,5.791,5.735,5.755,102569.175992
1681938000000,5.752,5.767,5.63,5.754,237068.061149
1681941600000,5.756,5.768,5.731,5.738,62125.967077
1681945200000,5.737,5.739,5.57,5.696,438960.463877
1681948800000,5.695,5.766,5.691,5.759,251175.71781
1681952400000,5.759,5.778,5.73,5.77,147440.527068
1681956000000,5.77,5.776,5.721,5.728,263652.488046
1681959600000,5.729,5.751,5.651,5.741,201549.803564
1681963200000,5.747,5.758,5.732,5.739,75947.12068
1681966800000,5.74,5.76,5.699,5.725,119784.76283
1681970400000,5.726,5.78,5.723,5.756,122938.434338
1681974000000,5.753,5.81,5.75,5.765,350020.885215
1681977600000,5.766,5.817,5.758,5.765,127172.441802
1681981200000,5.766,5.787,5.76,5.767,75002.875645
1681984800000,5.766,5.787,5.734,5.749,89794.573848
1681988400000,5.745,5.753,5.689,5.692,455804.359713
1681992000000,5.693,5.787,5.673,5.768,246333.613644
1681995600000,5.769,5.771,5.728,5.754,152566.090313
1681999200000,5.75,5.78,5.73,5.747,133306.171016
1682002800000,5.747,5.755,5.659,5.669,146439.547392
1682006400000,5.669,5.684,5.541,5.593,565514.532265
1682010000000,5.592,5.64,5.538,5.6,224278.180335
1682013600000,5.599,5.623,5.55,5.555,156718.083864
1682017200000,5.556,5.558,5.463,5.507,355190.505889
1682020800000,5.504,5.555,5.501,5.533,77003.478161
1682024400000,5.532,5.547,5.512,5.547,56603.848791
1682028000000,5.546,5.592,5.531,5.555,72960.534505
1682031600000,5.557,5.581,5.545,5.567,60518.667562
1682035200000,5.569,5.636,5.562,5.624,125021.537579
1682038800000,5.625,5.629,5.55,5.56,66275.118328
1682042400000,5.561,5.573,5.524,5.571,188575.579675
1682046000000,5.572,5.599,5.567,5.595,68505.065057
1682049600000,5.597,5.628,5.574,5.574,96749.042092
1682053200000,5.575,5.586,5.55,5.561,54912.554792
1682056800000,5.555,5.586,5.48,5.519,224941.097135
1682060400000,5.519,5.58,5.503,5.575,137368.722967
1682064000000,5.577,5.599,5.542,5.553,109649.189284
1682067600000,5.553,5.568,5.522,5.549,97963.184032
1682071200000,5.549,5.57,5.505,5.522,89405.527293
1682074800000,5.523,5.525,5.487,5.518,107754.625144
1682078400000,5.518,5.55,5.45,5.547,144086.122519
1682082000000,5.547,5.565,5.506,5.515,120330.06229
1682085600000,5.513,5.556,5.5,5.524,55722.152948
1682089200000,5.525,5.549,5.513,5.525,63441.154783
1682092800000,5.525,5.531,5.469,5.491,140302.414241
1682096400000,5.493,5.494,5.412,5.449,174862.469529
1682100000000,5.45,5.471,5.4,5.412,70992.989564
1682103600000,5.411,5.417,5.211,5.234,702805.543395
1682107200000,5.234,5.253,5.15,5.15,357173.984677
1682110800000,5.15,5.217,5.135,5.187,152632.933507
1682114400000,5.185,5.221,5.185,5.215,167292.800026
1682118000000,5.215,5.273,5.208,5.261,127002.893896
1682121600000,5.261,5.285,5.23,5.235,108894.182268
1682125200000,5.237,5.315,5.232,5.315,169679.965441
1682128800000,5.315,5.315,5.278,5.284,95958.041615
1682132400000,5.286,5.294,5.261,5.28,70745.464954
1682136000000,5.284,5.296,5.27,5.292,52228.908399
1682139600000,5.291,5.291,5.258,5.285,62896.663994
1682143200000,5.285,5.285,5.24,5.242,73918.949325
1682146800000,5.247,5.262,5.239,5.251,46255.35012
1682150400000,5.249,5.26,5.232,5.242,43755.888498
1682154000000,5.243,5.269,5.242,5.245,36188.394886
1682157600000,5.247,5.251,5.211,5.244,93036.282239
1682161200000,5.244,5.262,5.24,5.257,62743.860657
1682164800000,5.257,5.285,5.248,5.281,68756.326285
1682168400000,5.279,5.281,5.239,5.259,107742.200777
1682172000000,5.257,5.313,5.24,5.307,98382.954525
1682175600000,5.307,5.324,5.283,5.293,99999.961448
1682179200000,5.297,5.343,5.279,5.288,110104.628561
1682182800000,5.29,5.312,5.268,5.304,74853.00607
1682186400000,5.305,5.312,5.27,5.298,44912.071548
1682190000000,5.296,5.32,5.288,5.297,21817.561323
1682193600000,5.298,5.304,5.28,5.281,45729.378697
1682197200000,5.28,5.303,5.259,5.303,42324.982737
1682200800000,5.301,5.325,5.283,5.325,96371.294499
1682204400000,5.324,5.332,5.311,5.331,52471.213677
1682208000000,5.332,5.332,5.214,5.281,252442.346554
1682211600000,5.28,5.293,5.259,5.271,55451.695702
1682215200000,5.271,5.289,5.252,5.286,67753.825156
1682218800000,5.286,5.31,5.281,5.299,54522.878401
1682222400000,5.3,5.315,5.293,5.306,99203.166224
1682226000000,5.308,5.336,5.297,5.331,81440.740449
1682229600000,5.333,5.338,5.306,5.316,62969.136389
1682233200000,5.317,5.361,5.3,5.344,169391.362462
1682236800000,5.345,5.394,5.345,5.351,133722.591392
1682240400000,5.352,5.357,5.328,5.334,43083.334589
1682244000000,5.332,5.35,5.309,5.315,72600.121513
1682247600000,5.316,5.344,5.314,5.34,36857.290035
1682251200000,5.34,5.357,5.324,5.326,57346.082687
1682254800000,5.326,5.328,5.306,5.318,75104.045641
1682258400000,5.318,5.323,5.268,5.282,82798.719027
1682262000000,5.28,5.294,5.23,5.261,210118.164688
1682265600000,5.262,5.318,5.217,5.287,124471.177888
1682269200000,5.287,5.305,5.236,5.243,54116.129703
1682272800000,5.242,5.247,5.15,5.188,205630.633819
1682276400000,5.188,5.218,5.177,5.196,53756.843276
1682280000000,5.196,5.24,5.176,5.219,49057.85807
1682283600000,5.221,5.244,5.212,5.238,18671.812247
1682287200000,5.24,5.284,5.217,5.278,45549.614463
1682290800000,5.281,5.286,5.263,5.27,35604.948653
1682294400000,5.27,5.32,5.222,5.312,152404.401085
1682298000000,5.315,5.353,5.288,5.309,187526.179283
1682301600000,5.31,5.32,5.288,5.294,76507.386626
1682305200000,5.294,5.311,5.27,5.307,63680.062617
1682308800000,5.308,5.308,5.277,5.281,55183.7509
1682312400000,5.28,5.295,5.263,5.272,77274.242854
1682316000000,5.272,5.288,5.21,5.238,104766.866483
1682319600000,5.235,5.25,5.205,5.238,213355.538859
1682323200000,5.238,5.253,5.186,5.203,190129.382403
1682326800000,5.203,5.233,5.203,5.214,59395.800191
1682330400000,5.216,5.247,5.216,5.237,44461.324078
1682334000000,5.24,5.29,5.24,5.284,92852.243791
1682337600000,5.285,5.289,5.264,5.271,60609.330249
1682341200000,5.273,5.318,5.267,5.305,126891.00937
1682344800000,5.307,5.31,5.217,5.264,109340.146852
1682348400000,5.265,5.266,5.209,5.223,107077.741136
1682352000000,5.224,5.247,5.161,5.189,146193.42314
1682355600000,5.187,5.278,5.162,5.249,132152.212358
1682359200000,5.252,5.286,5.241,5.26,43700.740712
1682362800000,5.257,5.273,5.247,5.267,33308.771451
1682366400000,5.266,5.284,5.252,5.279,52783.81384
1682370000000,5.279,5.279,5.221,5.238,77258.823163
1682373600000,5.237,5.27,5.237,5.26,28101.954957
1682377200000,5.259,5.283,5.25,5.258,38147.363561
1682380800000,5.259,5.28,5.239,5.249,74613.87325
1682384400000,5.249,5.27,5.214,5.232,93020.497771
1682388000000,5.232,5.243,5.204,5.218,53332.080734
1682391600000,5.218,5.225,5.182,5.198,100306.90811
1682395200000,5.198,5.242,5.19,5.238,82506.849542
1682398800000,5.237,5.243,5.211,5.237,66666.641565
1682402400000,5.237,5.24,5.212,5.214,33043.698093
1682406000000,5.214,5.23,5.189,5.192,107310.074181
1682409600000,5.192,5.231,5.17,5.23,111459.955677
1682413200000,5.23,5.233,5.196,5.203,29240.063262
1682416800000,5.2,5.222,5.193,5.213,32915.638632
1682420400000,5.213,5.24,5.207,5.228,52687.272794
1682424000000,5.23,5.239,5.212,5.23,68533.130515
1682427600000,5.23,5.246,5.204,5.216,113542.477838
1682431200000,5.217,5.229,5.169,5.184,145756.589415
1682434800000,5.183,5.224,5.17,5.185,100727.290388
1682438400000,5.184,5.211,5.172,5.2,46244.316439
1682442000000,5.203,5.232,5.15,5.223,116872.962461
1682445600000,5.222,5.26,5.212,5.213,72802.08471
1682449200000,5.213,5.227,5.198,5.22,15842.444999
1682452800000,5.221,5.309,5.217,5.303,172854.508741
1682456400000,5.303,5.359,5.303,5.358,155409.080345
1682460000000,5.359,5.385,5.335,5.34,155974.746366
1682463600000,5.341,5.359,5.326,5.348,89440.660241
1682467200000,5.35,5.4,5.337,5.344,262664.166888
1682470800000,5.343,5.363,5.336,5.344,89863.295477
1682474400000,5.344,5.35,5.337,5.344,46830.083939
1682478000000,5.344,5.357,5.327,5.331,69630.966141
1682481600000,5.333,5.35,5.326,5.331,54939.247358
1682485200000,5.332,5.355,5.332,5.355,39264.965795
1682488800000,5.355,5.378,5.338,5.353,61531.030947
1682492400000,5.353,5.365,5.331,5.343,81172.256393
1682496000000,5.342,5.394,5.34,5.389,180301.028374
1682499600000,5.389,5.406,5.38,5.403,155740.892259
1682503200000,5.403,5.45,5.387,5.43,180107.856943
1682506800000,5.432,5.448,5.416,5.431,123522.025032
1682510400000,5.433,5.55,5.431,5.54,563159.406042
1682514000000,5.543,5.547,5.47,5.503,287316.820329
1682517600000,5.503,5.508,5.457,5.491,236864.676764
1682521200000,5.491,5.534,5.476,5.529,125197.316583
1682524800000,5.529,5.546,5.51,5.522,170422.753463
1682528400000,5.523,5.531,5.486,5.497,95254.706891
1682532000000,5.494,5.51,5.484,5.489,48190.448452
1682535600000,5.49,5.491,5.116,5.146,1388690.024743
1682539200000,5.142,5.19,5,5.189,1029522.524224
1682542800000,5.188,5.246,5.144,5.246,137440.364891
1682546400000,5.247,5.254,5.185,5.214,188920.147226
1682550000000,5.211,5.257,5.208,5.253,155229.966061
1682553600000,5.252,5.383,5.231,5.361,259733.660199
1682557200000,5.361,5.38,5.247,5.288,184158.000434
1682560800000,5.292,5.317,5.287,5.305,69664.887126
1682564400000,5.303,5.306,5.274,5.28,68620.554958
1682568000000,5.28,5.34,5.276,5.338,66952.113517
1682571600000,5.339,5.348,5.294,5.305,146883.253563
1682575200000,5.308,5.309,5.221,5.265,165443.199148
1682578800000,5.265,5.28,5.244,5.272,45587.73051
1682582400000,5.27,5.292,5.247,5.26,136352.695391
1682586000000,5.261,5.28,5.248,5.262,64983.641319
1682589600000,5.261,5.284,5.248,5.275,40871.330516
1682593200000,5.278,5.298,5.254,5.263,38714.595014
1682596800000,5.263,5.293,5.207,5.256,202490.05262
1682600400000,5.257,5.29,5.257,5.288,96202.02389
1682604000000,5.289,5.313,5.275,5.281,62772.217697
1682607600000,5.281,5.387,5.279,5.351,279733.273188
1682611200000,5.356,5.37,5.331,5.351,63164.349368
1682614800000,5.354,5.415,5.341,5.408,188102.301447
1682618400000,5.406,5.485,5.406,5.446,196965.071846
1682622000000,5.449,5.474,5.399,5.432,162633.494659
1682625600000,5.433,5.45,5.407,5.413,60659.943034
1682629200000,5.413,5.429,5.382,5.396,57790.004388
1682632800000,5.397,5.415,5.352,5.385,94001.128829
1682636400000,5.384,5.407,5.379,5.391,93739.232373
1682640000000,5.39,5.407,5.365,5.398,109936.755184
1682643600000,5.398,5.403,5.37,5.393,93944.466593
1682647200000,5.391,5.391,5.365,5.377,107711.720299
1682650800000,5.377,5.378,5.361,5.372,33425.043516
1682654400000,5.373,5.397,5.368,5.388,48801.042944
1682658000000,5.387,5.397,5.374,5.377,40746.449074
1682661600000,5.378,5.406,5.371,5.405,76983.053932
1682665200000,5.404,5.421,5.398,5.419,68756.24544
1682668800000,5.417,5.418,5.361,5.387,171631.672077
1682672400000,5.386,5.395,5.362,5.365,69764.870662
1682676000000,5.364,5.389,5.36,5.377,52765.077599
1682679600000,5.376,5.377,5.329,5.336,91154.157219
1682683200000,5.336,5.388,5.316,5.332,100146.065058
1682686800000,5.333,5.358,5.265,5.313,193974.224254
1682690400000,5.314,5.356,5.305,5.316,103988.091263
1682694000000,5.313,5.346,5.3,5.337,70103.569454
1682697600000,5.336,5.367,5.332,5.356,66666.273759
1682701200000,5.356,5.36,5.326,5.336,41038.107211
1682704800000,5.337,5.344,5.316,5.343,28049.97938
1682708400000,5.344,5.37,5.342,5.346,46685.93548
1682712000000,5.348,5.38,5.348,5.368,59933.596439
1682715600000,5.37,5.39,5.368,5.388,22408.999223
1682719200000,5.389,5.528,5.385,5.463,331428.092393
1682722800000,5.462,5.515,5.431,5.509,246267.138668
1682726400000,5.508,5.508,5.457,5.474,276181.789865
1682730000000,5.477,5.489,5.453,5.463,107343.122312
1682733600000,5.464,5.5,5.464,5.494,78383.203515
1682737200000,5.494,5.508,5.481,5.481,97820.69238
1682740800000,5.482,5.52,5.482,5.517,199459.008017
1682744400000,5.518,5.532,5.46,5.479,169439.569649
1682748000000,5.48,5.498,5.471,5.476,244114.947948
1682751600000,5.476,5.482,5.455,5.46,106053.982321
1682755200000,5.459,5.474,5.441,5.465,115534.70046
1682758800000,5.465,5.49,5.46,5.471,91840.284368
1682762400000,5.472,5.494,5.46,5.47,112877.766077
1682766000000,5.47,5.479,5.454,5.472,75142.967071
1682769600000,5.472,5.484,5.457,5.458,48746.275459
1682773200000,5.459,5.507,5.424,5.504,190728.470138
1682776800000,5.504,5.539,5.485,5.492,250291.262633
1682780400000,5.492,5.53,5.466,5.473,181591.329159
1682784000000,5.472,5.494,5.467,5.485,116163.97719
1682787600000,5.485,5.591,5.425,5.53,336235.83716
1682791200000,5.531,5.616,5.494,5.571,230317.839512
1682794800000,5.571,5.65,5.546,5.647,157656.363238
1682798400000,5.646,5.665,5.613,5.636,203371.192284
1682802000000,5.637,5.646,5.593,5.617,161667.389207
1682805600000,5.619,5.621,5.585,5.591,47890.462407
1682809200000,5.589,5.601,5.556,5.571,116840.939537
1682812800000,5.571,5.578,5.511,5.518,135411.256514
1682816400000,5.517,5.57,5.512,5.524,100064.426212
1682820000000,5.524,5.548,5.521,5.548,75587.881152
1682823600000,5.547,5.553,5.526,5.544,75637.811087
1682827200000,5.545,5.55,5.531,5.549,31551.809173
1682830800000,5.549,5.562,5.546,5.559,71145.021628
1682834400000,5.56,5.574,5.558,5.561,67018.888337
1682838000000,5.561,5.561,5.539,5.545,58042.914069
1682841600000,5.545,5.564,5.544,5.558,53420.601395
1682845200000,5.559,5.559,5.53,5.538,63585.816186
1682848800000,5.539,5.553,5.5,5.519,83356.777503
1682852400000,5.52,5.527,5.508,5.52,39408.301142
1682856000000,5.519,5.54,5.505,5.512,66873.606049
1682859600000,5.512,5.556,5.51,5.542,51571.622987
1682863200000,5.54,5.55,5.519,5.549,66497.501874
1682866800000,5.548,5.612,5.529,5.568,207129.518504
1682870400000,5.566,5.596,5.546,5.566,102767.506047
1682874000000,5.566,5.575,5.517,5.518,85997.024758
1682877600000,5.518,5.519,5.475,5.489,144671.361236
1682881200000,5.489,5.498,5.426,5.47,155548.502421
1682884800000,5.468,5.469,5.386,5.423,197365.493789
1682888400000,5.422,5.445,5.418,5.44,69760.015221
1682892000000,5.441,5.467,5.435,5.465,53031.528257
1682895600000,5.467,5.467,5.417,5.422,73860.313275
1682899200000,5.423,5.462,5.421,5.453,79865.045006
1682902800000,5.454,5.459,5.278,5.352,464200.093332
1682906400000,5.351,5.381,5.34,5.367,158320.017094
1682910000000,5.368,5.378,5.355,5.361,68630.278607
1682913600000,5.361,5.376,5.345,5.375,67198.916673
1682917200000,5.375,5.375,5.314,5.355,138779.230722
1682920800000,5.355,5.37,5.354,5.366,50344.971048
1682924400000,5.367,5.375,5.352,5.363,32130.565474
1682928000000,5.364,5.371,5.354,5.369,33622.134859
1682931600000,5.369,5.372,5.35,5.357,53852.59406
1682935200000,5.358,5.36,5.332,5.342,45288.91912
1682938800000,5.342,5.351,5.335,5.347,48966.800261
1682942400000,5.347,5.37,5.339,5.365,92223.685839
1682946000000,5.365,5.368,5.341,5.349,60197.358509
1682949600000,5.349,5.37,5.3,5.335,102166.857058
1682953200000,5.336,5.34,5.278,5.291,192364.0765
1682956800000,5.291,5.311,5.231,5.297,300799.11416
1682960400000,5.299,5.307,5.268,5.281,48509.723835
1682964000000,5.28,5.283,5.254,5.259,28537.552069
1682967600000,5.259,5.281,5.192,5.26,168557.900931
1682971200000,5.26,5.27,5.24,5.252,45701.834472
1682974800000,5.251,5.289,5.25,5.278,30858.077963
1682978400000,5.279,5.301,5.277,5.292,61933.53319
1682982000000,5.293,5.312,5.292,5.301,47802.00126
1682985600000,5.301,5.31,5.279,5.296,54925.356975
1682989200000,5.299,5.305,5.267,5.277,59036.391758
1682992800000,5.28,5.29,5.269,5.289,45106.470345
1682996400000,5.29,5.303,5.272,5.3,43621.514117
1683000000000,5.301,5.303,5.268,5.27,42750.335867
1683003600000,5.27,5.278,5.261,5.269,55924.835891
1683007200000,5.268,5.281,5.248,5.26,86497.140076
1683010800000,5.258,5.292,5.258,5.281,40696.581583
1683014400000,5.282,5.289,5.26,5.261,60280.068833
1683018000000,5.26,5.262,5.231,5.243,85004.93015
1683021600000,5.243,5.256,5.235,5.252,33269.229905
1683025200000,5.254,5.271,5.252,5.261,34671.99605
1683028800000,5.261,5.286,5.243,5.266,55483.285923
1683032400000,5.267,5.277,5.243,5.244,55346.131161
1683036000000,5.244,5.32,5.216,5.284,328050.004183
1683039600000,5.282,5.327,5.268,5.3,246642.691818
1683043200000,5.3,5.305,5.27,5.281,140302.878098
1683046800000,5.282,5.313,5.276,5.297,27326.144626
1683050400000,5.298,5.325,5.29,5.301,31262.636792
1683054000000,5.302,5.325,5.291,5.293,37132.337779
1683057600000,5.294,5.301,5.283,5.286,19779.541531
1683061200000,5.285,5.292,5.274,5.292,20136.930421
1683064800000,5.292,5.305,5.287,5.292,39315.830343
1683068400000,5.292,5.3,5.275,5.284,62728.211443
1683072000000,5.285,5.289,5.233,5.234,69606.605388
1683075600000,5.234,5.261,5.229,5.248,61511.368632
1683079200000,5.247,5.248,5.202,5.241,70697.542855
1683082800000,5.242,5.244,5.23,5.243,42814.215084
1683086400000,5.243,5.246,5.229,5.241,24407.685155
1683090000000,5.241,5.257,5.236,5.246,37893.673446
1683093600000,5.246,5.284,5.24,5.279,61489.324406
1683097200000,5.28,5.282,5.267,5.277,35991.181638
1683100800000,5.278,5.294,5.263,5.292,34470.526889
1683104400000,5.292,5.293,5.277,5.286,51494.645307
1683108000000,5.287,5.288,5.269,5.272,39911.804112
1683111600000,5.272,5.28,5.237,5.237,100140.045919
1683115200000,5.24,5.248,5.21,5.221,165597.603209
1683118800000,5.221,5.24,5.207,5.23,124067.156546
1683122400000,5.231,5.232,5.203,5.219,81611.946312
1683126000000,5.218,5.253,5.204,5.249,86912.674415
1683129600000,5.249,5.262,5.226,5.258,79098.675038
1683133200000,5.259,5.285,5.217,5.253,102076.615796
1683136800000,5.253,5.304,5.209,5.272,335059.148832
1683140400000,5.274,5.292,5.237,5.248,38700.297767
1683144000000,5.247,5.297,5.247,5.293,19209.135034
1683147600000,5.295,5.356,5.289,5.328,97632.006289
1683151200000,5.328,5.383,5.328,5.372,132327.692907
1683154800000,5.373,5.378,5.337,5.344,101596.598566
1683158400000,5.345,5.349,5.317,5.339,104058.457454
1683162000000,5.34,5.357,5.336,5.352,51860.029442
1683165600000,5.352,5.365,5.331,5.343,65816.546815
1683169200000,5.344,5.359,5.336,5.348,153508.807231
1683172800000,5.348,5.354,5.345,5.345,44469.846445
1683176400000,5.346,5.349,5.334,5.345,41661.349133
1683180000000,5.344,5.352,5.323,5.331,29404.091607
1683183600000,5.331,5.336,5.317,5.323,53131.819449
1683187200000,5.323,5.324,5.309,5.315,64798.448138
1683190800000,5.315,5.321,5.304,5.317,69630.008089
1683194400000,5.318,5.362,5.317,5.346,96399.533841
1683198000000,5.345,5.351,5.326,5.328,107863.575134
1683201600000,5.328,5.339,5.312,5.32,57309.732117
1683205200000,5.319,5.327,5.265,5.283,111303.977049
1683208800000,5.282,5.298,5.264,5.276,61995.634902
1683212400000,5.276,5.3,5.271,5.274,38472.512183
1683216000000,5.274,5.292,5.256,5.284,41407.851509
1683219600000,5.284,5.288,5.26,5.27,22013.157764
1683223200000,5.263,5.276,5.239,5.25,38450.899614
1683226800000,5.247,5.251,5.231,5.248,20355.364412
1683230400000,5.249,5.257,5.238,5.257,26255.246582
1683234000000,5.257,5.261,5.238,5.252,29769.774518
1683237600000,5.252,5.254,5.238,5.248,31644.304051
1683241200000,5.248,5.268,5.248,5.265,57619.048161
1683244800000,5.265,5.286,5.26,5.273,44550.722157
1683248400000,5.271,5.309,5.252,5.302,113343.674467
1683252000000,5.305,5.326,5.282,5.29,51907.375006
1683255600000,5.29,5.295,5.265,5.271,62340.705375
1683259200000,5.271,5.282,5.268,5.278,23025.984245
1683262800000,5.278,5.279,5.2,5.245,325695.12224
1683266400000,5.245,5.258,5.237,5.24,84338.050265
1683270000000,5.24,5.256,5.229,5.241,80983.509635
1683273600000,5.241,5.248,5.225,5.23,24826.789341
1683277200000,5.229,5.241,5.224,5.231,40805.625798
1683280800000,5.233,5.24,5.21,5.228,247724.878249
1683284400000,5.229,5.237,5.218,5.225,61750.164642
1683288000000,5.228,5.236,5.055,5.165,514923.60318
1683291600000,5.166,5.224,5.152,5.216,113393.727361
1683295200000,5.217,5.246,5.207,5.22,327863.211419
1683298800000,5.218,5.244,5.2,5.244,156962.023001
1683302400000,5.242,5.345,5.241,5.279,362559.132769
1683306000000,5.281,5.292,5.265,5.281,111622.776292
1683309600000,5.281,5.283,5.237,5.26,66396.49785
1683313200000,5.26,5.27,5.253,5.263,25891.865148
1683316800000,5.265,5.265,5.243,5.244,24507.053134
1683320400000,5.244,5.26,5.239,5.258,21964.818359
1683324000000,5.258,5.282,5.258,5.28,18005.332392
1683327600000,5.28,5.284,5.262,5.262,58252.141147
1683331200000,5.261,5.294,5.24,5.272,107431.980372
1683334800000,5.271,5.279,5.224,5.237,119810.848958
1683338400000,5.235,5.235,5.195,5.214,121610.998937
1683342000000,5.212,5.213,5.197,5.207,75039.61439
1683345600000,5.208,5.217,5.2,5.212,26461.540128
1683349200000,5.211,5.218,5.203,5.209,29257.35286
1683352800000,5.207,5.22,5.192,5.203,88874.20009
1683356400000,5.201,5.206,5.178,5.182,98719.754372
1683360000000,5.182,5.182,5.127,5.172,189204.123771
1683363600000,5.173,5.182,5.153,5.154,77735.50412
1683367200000,5.155,5.172,5.15,5.155,81651.499057
1683370800000,5.154,5.161,5.149,5.159,34391.587458
1683374400000,5.159,5.162,5.11,5.122,130853.665754
1683378000000,5.121,5.121,5.05,5.086,313805.533908
1683381600000,5.086,5.086,4.976,5.024,554245.329527
1683385200000,5.022,5.047,5,5.021,188371.466581
1683388800000,5.02,5.054,5.013,5.053,93083.76656
1683392400000,5.053,5.067,5.042,5.059,87169.861463
1683396000000,5.059,5.108,5.05,5.099,63053.611854
1683399600000,5.1,5.113,5.087,5.093,29724.027099
1683403200000,5.091,5.096,5.076,5.079,35404.362183
1683406800000,5.078,5.089,5.06,5.083,23316.672473
1683410400000,5.084,5.084,5.051,5.052,37828.240698
1683414000000,5.052,5.061,5.032,5.049,105810.070437
1683417600000,5.049,5.087,5.04,5.083,73053.114652
1683421200000,5.082,5.109,5.06,5.073,113784.072471
1683424800000,5.07,5.074,5.047,5.059,70882.30062
1683428400000,5.059,5.071,5.04,5.045,59451.172377
1683432000000,5.046,5.066,5.046,5.061,33875.625966
1683435600000,5.061,5.069,5.056,5.06,35580.65851
1683439200000,5.061,5.069,5.053,5.054,40064.108939
1683442800000,5.054,5.069,5.051,5.063,33965.599412
1683446400000,5.063,5.078,5.059,5.063,46374.422629
1683450000000,5.063,5.073,5.054,5.056,87023.874153
1683453600000,5.057,5.091,5.05,5.091,71309.442897
1683457200000,5.092,5.098,5.067,5.086,91251.624547
1683460800000,5.087,5.093,5.08,5.086,44283.203797
1683464400000,5.086,5.113,5.086,5.095,125398.362222
1683468000000,5.097,5.13,5.09,5.112,85517.863199
1683471600000,5.112,5.125,5.098,5.112,67080.430129
1683475200000,5.112,5.115,5.067,5.091,96294.298525
1683478800000,5.091,5.112,5.065,5.07,52639.9174
1683482400000,5.068,5.085,5.063,5.064,54781.454
1683486000000,5.063,5.065,5.045,5.057,58072.215606
1683489600000,5.057,5.086,5.057,5.086,15242.145788
1683493200000,5.086,5.095,5.068,5.073,11611.284099
1683496800000,5.072,5.085,5.058,5.074,30007.709378
1683500400000,5.075,5.093,5.004,5.032,155393.112042
1683504000000,5.028,5.073,4.976,5.071,243974.955189
1683507600000,5.072,5.073,4.683,4.832,1330037.428496
1683511200000,4.83,4.873,4.8,4.866,337133.566062
1683514800000,4.866,4.866,4.826,4.859,140708.339582
1683518400000,4.857,4.863,4.806,4.811,108615.396248
1683522000000,4.81,4.849,4.809,4.84,75711.760745
1683525600000,4.837,4.858,4.82,4.826,116685.39508
1683529200000,4.826,4.829,4.751,4.795,250603.689574
1683532800000,4.793,4.8,4.755,4.78,220377.529625
1683536400000,4.779,4.832,4.774,4.826,94159.515211
1683540000000,4.828,4.831,4.804,4.81,121504.219937
1683543600000,4.811,4.825,4.8,4.804,87116.839622
1683547200000,4.805,4.815,4.792,4.802,86701.542027
1683550800000,4.803,4.832,4.795,4.8,87949.506092
1683554400000,4.799,4.819,4.774,4.814,208750.940217
1683558000000,4.815,4.83,4.782,4.789,104411.747292
1683561600000,4.788,4.791,4.748,4.751,214472.812647
1683565200000,4.753,4.753,4.542,4.543,545398.818462
1683568800000,4.543,4.597,4.328,4.481,1266514.560489
1683572400000,4.481,4.513,4.462,4.475,158584.79246
1683576000000,4.474,4.513,4.468,4.482,86729.208505
1683579600000,4.48,4.487,4.443,4.455,160455.829987
1683583200000,4.455,4.514,4.454,4.511,104342.886992
1683586800000,4.513,4.546,4.5,4.539,78675.751043
1683590400000,4.537,4.564,4.522,4.564,109929.919207
1683594000000,4.559,4.606,4.555,4.595,104057.054574
1683597600000,4.593,4.598,4.544,4.551,155425.781511
1683601200000,4.552,4.556,4.53,4.551,89765.955423
1683604800000,4.551,4.574,4.54,4.564,67442.377115
1683608400000,4.564,4.583,4.558,4.576,51414.441564
1683612000000,4.576,4.576,4.528,4.544,73089.684346
1683615600000,4.544,4.585,4.539,4.58,108306.089272
1683619200000,4.58,4.58,4.547,4.551,93672.460849
1683622800000,4.549,4.57,4.547,4.568,42548.37858
1683626400000,4.568,4.593,4.564,4.573,101208.756395
1683630000000,4.578,4.589,4.556,4.588,56174.450328
1683633600000,4.589,4.601,4.578,4.592,66750.912194
1683637200000,4.593,4.6,4.56,4.576,73499.724193
1683640800000,4.576,4.59,4.553,4.567,85417.827054
1683644400000,4.567,4.578,4.517,4.53,127579.035961
1683648000000,4.528,4.582,4.503,4.582,110476.041548
1683651600000,4.583,4.593,4.538,4.539,50916.103601
1683655200000,4.54,4.544,4.512,4.522,46103.991193
1683658800000,4.522,4.542,4.519,4.528,25229.359018
1683662400000,4.528,4.543,4.495,4.503,84183.447962
1683666000000,4.504,4.521,4.492,4.509,41559.67636
1683669600000,4.508,4.537,4.502,4.527,34444.329313
1683673200000,4.527,4.56,4.527,4.549,69528.484493
1683676800000,4.55,4.573,4.538,4.556,93090.505458
1683680400000,4.558,4.586,4.546,4.554,124017.375633
1683684000000,4.553,4.557,4.522,4.524,98211.536643
1683687600000,4.524,4.539,4.523,4.536,21744.480637
1683691200000,4.535,4.557,4.527,4.557,37900.813129
1683694800000,4.557,4.564,4.539,4.541,41039.404614
1683698400000,4.541,4.541,4.497,4.519,149532.218469
1683702000000,4.519,4.519,4.493,4.499,65563.122579
1683705600000,4.501,4.503,4.47,4.486,175027.93648
1683709200000,4.486,4.49,4.46,4.487,105303.707458
1683712800000,4.486,4.499,4.473,4.495,76557.312599
1683716400000,4.495,4.51,4.492,4.509,37659.622164
1683720000000,4.51,4.694,4.479,4.683,535973.882379
1683723600000,4.684,4.758,4.665,4.685,319530.031687
1683727200000,4.685,4.719,4.667,4.698,177575.096888
1683730800000,4.698,4.732,4.682,4.709,113351.173164
1683734400000,4.709,4.729,4.663,4.671,138038.683019
1683738000000,4.67,4.673,4.366,4.545,1168713.248046
1683741600000,4.546,4.562,4.518,4.552,66788.288436
1683745200000,4.549,4.639,4.546,4.594,129978.754628
1683748800000,4.592,4.678,4.585,4.648,102810.077658
1683752400000,4.651,4.651,4.577,4.591,87879.762069
1683756000000,4.593,4.619,4.585,4.616,26065.183556
1683759600000,4.616,4.628,4.598,4.598,46628.87226
1683763200000,4.598,4.604,4.528,4.539,112673.228763
1683766800000,4.54,4.572,4.536,4.556,54979.573699
1683770400000,4.556,4.568,4.531,4.552,77220.395756
1683774000000,4.553,4.553,4.508,4.53,74353.925974
1683777600000,4.528,4.549,4.525,4.547,29646.567659
1683781200000,4.546,4.549,4.513,4.54,39026.892398
1683784800000,4.539,4.54,4.512,4.53,29283.335469
1683788400000,4.527,4.547,4.515,4.525,49970.878017
1683792000000,4.524,4.537,4.466,4.513,221444.731937
1683795600000,4.511,4.528,4.509,4.525,43858.088235
1683799200000,4.525,4.542,4.52,4.526,43221.991376
1683802800000,4.522,4.542,4.522,4.533,55465.511411
1683806400000,4.534,4.579,4.505,4.511,146343.484645
1683810000000,4.511,4.528,4.424,4.462,233198.991084
1683813600000,4.462,4.488,4.4,4.445,359393.635415
1683817200000,4.448,4.462,4.422,4.441,91468.122696
1683820800000,4.442,4.448,4.321,4.364,310744.843304
1683824400000,4.361,4.381,4.248,4.315,457838.171094
1683828000000,4.314,4.326,4.265,4.308,116384.432097
1683831600000,4.305,4.319,4.21,4.259,192664.640429
1683835200000,4.265,4.303,4.263,4.295,59443.049586
1683838800000,4.295,4.33,4.293,4.32,47774.918
1683842400000,4.321,4.347,4.32,4.324,86543.841107
1683846000000,4.324,4.369,4.306,4.354,62647.308792
1683849600000,4.356,4.37,4.327,4.364,44151.655821
1683853200000,4.365,4.368,4.294,4.3,69341.983738
1683856800000,4.301,4.31,4.226,4.266,150966.192677
1683860400000,4.265,4.277,4.238,4.249,148614.190811
1683864000000,4.248,4.308,4.234,4.305,79122.205562
1683867600000,4.306,4.317,4.23,4.263,179355.248022
1683871200000,4.265,4.299,4.232,4.293,158334.263604
1683874800000,4.293,4.311,4.282,4.289,79673.356967
1683878400000,4.289,4.314,4.289,4.312,101802.326128
1683882000000,4.313,4.348,4.313,4.335,103132.626282
1683885600000,4.336,4.345,4.31,4.311,86301.196454
1683889200000,4.311,4.327,4.303,4.319,108819.347027
1683892800000,4.318,4.355,4.312,4.34,79975.000401
1683896400000,4.341,4.349,4.319,4.332,92675.257601
1683900000000,4.33,4.352,4.3,4.304,118220.337547
1683903600000,4.304,4.313,4.278,4.294,116354.890388
1683907200000,4.293,4.327,4.273,4.305,103025.735044
1683910800000,4.304,4.326,4.301,4.302,59818.361937
1683914400000,4.302,4.314,4.296,4.301,22499.835292
1683918000000,4.299,4.348,4.2,4.341,356930.264614
1683921600000,4.337,4.366,4.318,4.345,109477.0992
1683925200000,4.345,4.416,4.345,4.394,99818.401388
1683928800000,4.395,4.44,4.395,4.413,116926.95776
1683932400000,4.413,4.446,4.406,4.436,102605.756888
1683936000000,4.437,4.439,4.377,4.396,181634.035873
1683939600000,4.399,4.417,4.388,4.39,217523.416766
1683943200000,4.391,4.395,4.381,4.393,67599.770746
1683946800000,4.394,4.419,4.392,4.414,65407.446754
1683950400000,4.414,4.419,4.382,4.387,54948.524969
1683954000000,4.387,4.411,4.382,4.388,65870.159323
1683957600000,4.387,4.404,4.38,4.397,34237.970957
1683961200000,4.398,4.413,4.391,4.409,67839.006851
1683964800000,4.409,4.418,4.388,4.398,146587.493424
1683968400000,4.398,4.408,4.387,4.406,104601.351667
1683972000000,4.407,4.415,4.38,4.391,46498.571753
1683975600000,4.392,4.394,4.38,4.388,34197.624758
1683979200000,4.389,4.41,4.367,4.385,101794.783298
1683982800000,4.386,4.389,4.339,4.359,190455.773788
1683986400000,4.36,4.367,4.333,4.346,116821.720746
1683990000000,4.345,4.352,4.336,4.352,89962.25265
1683993600000,4.352,4.369,4.341,4.366,37075.25764
1683997200000,4.367,4.373,4.348,4.352,54679.150672
1684000800000,4.351,4.396,4.343,4.356,34241.733478
1684004400000,4.356,4.39,4.355,4.375,47881.18663
1684008000000,4.373,4.382,4.365,4.379,15632.838755
1684011600000,4.382,4.389,4.372,4.377,22761.347257
1684015200000,4.376,4.388,4.367,4.385,19559.013048
1684018800000,4.386,4.414,4.377,4.383,63074.579925
1684022400000,4.385,4.385,4.335,4.367,117135.592692
1684026000000,4.369,4.369,4.323,4.342,49272.822925
1684029600000,4.341,4.363,4.335,4.36,28125.65035
1684033200000,4.361,4.403,4.354,4.393,57073.455753
1684036800000,4.394,4.408,4.381,4.399,53057.739626
1684040400000,4.4,4.432,4.4,4.41,99028.193204
1684044000000,4.41,4.425,4.408,4.42,87258.300144
1684047600000,4.42,4.433,4.419,4.427,57962.348714
1684051200000,4.426,4.43,4.416,4.422,45383.003337
1684054800000,4.424,4.431,4.406,4.418,47695.954383
1684058400000,4.419,4.421,4.399,4.407,31294.761172
1684062000000,4.411,4.413,4.399,4.405,66640.504752
1684065600000,4.407,4.428,4.384,4.425,52550.902
1684069200000,4.425,4.46,4.409,4.451,149605.59056
1684072800000,4.45,4.464,4.435,4.456,101431.622759
1684076400000,4.456,4.49,4.451,4.473,171128.853079
1684080000000,4.475,4.484,4.438,4.445,67350.405687
1684083600000,4.442,4.444,4.429,4.433,39052.856366
1684087200000,4.432,4.434,4.404,4.421,52445.175563
1684090800000,4.415,4.419,4.401,4.415,62203.259838
1684094400000,4.411,4.429,4.401,4.425,31390.676979
1684098000000,4.425,4.455,4.425,4.455,31356.647266
1684101600000,4.455,4.466,4.443,4.455,36998.604181
1684105200000,4.456,4.457,4.433,4.449,33006.897536
1684108800000,4.449,4.454,4.366,4.388,408243.274945
1684112400000,4.386,4.492,4.379,4.479,212117.739867
1684116000000,4.482,4.489,4.455,4.455,91477.985522
1684119600000,4.458,4.486,4.458,4.472,59080.981536
1684123200000,4.47,4.487,4.458,4.481,78106.449611
1684126800000,4.484,4.49,4.459,4.479,121410.227634
1684130400000,4.481,4.528,4.466,4.525,165944.621928
1684134000000,4.526,4.538,4.505,4.516,107435.603983
1684137600000,4.516,4.536,4.509,4.535,127233.328483
1684141200000,4.535,4.54,4.515,4.522,101731.774159
1684144800000,4.522,4.528,4.503,4.511,44606.14654
1684148400000,4.511,4.524,4.493,4.5,92407.379553
1684152000000,4.499,4.51,4.491,4.505,38269.273567
1684155600000,4.506,4.517,4.481,4.488,88650.739194
1684159200000,4.488,4.514,4.455,4.494,174574.155987
1684162800000,4.494,4.526,4.492,4.505,54523.835177
1684166400000,4.506,4.523,4.476,4.5,100708.307867
1684170000000,4.5,4.525,4.483,4.49,53894.641121
1684173600000,4.49,4.499,4.479,4.482,25346.879667
1684177200000,4.483,4.49,4.454,4.482,61118.742715
1684180800000,4.48,4.48,4.459,4.462,10323.374514
1684184400000,4.463,4.48,4.458,4.476,14548.786116
1684188000000,4.477,4.495,4.473,4.49,17916.170156
1684191600000,4.491,4.496,4.443,4.457,100120.545233
1684195200000,4.453,4.492,4.432,4.457,208882.980901
1684198800000,4.457,4.468,4.395,4.43,323071.87286
1684202400000,4.429,4.441,4.418,4.438,108961.994806
1684206000000,4.437,4.44,4.419,4.433,57206.698314
1684209600000,4.433,4.437,4.41,4.426,64679.260296
1684213200000,4.426,4.444,4.416,4.416,70893.610148
1684216800000,4.417,4.419,4.394,4.403,131753.64647
1684220400000,4.403,4.455,4.403,4.453,166095.422581
1684224000000,4.452,4.486,4.436,4.447,182966.964776
1684227600000,4.448,4.452,4.426,4.433,135449.88648
1684231200000,4.433,4.44,4.408,4.413,78643.803761
1684234800000,4.413,4.43,4.408,4.426,56882.454087
1684238400000,4.426,4.439,4.38,4.423,294267.693744
1684242000000,4.423,4.428,4.387,4.39,78294.480177
1684245600000,4.386,4.409,4.38,4.404,157770.762737
1684249200000,4.405,4.417,4.401,4.415,73875.900558
1684252800000,4.416,4.434,4.402,4.432,102935.24283
1684256400000,4.432,4.435,4.394,4.428,63101.503452
1684260000000,4.429,4.436,4.414,4.429,29228.300813
1684263600000,4.431,4.434,4.377,4.39,42637.223722
1684267200000,4.387,4.41,4.373,4.4,33258.96635
1684270800000,4.4,4.446,4.4,4.438,30690.000149
1684274400000,4.438,4.448,4.425,4.426,38192.693476
1684278000000,4.426,4.43,4.409,4.425,23817.379473
1684281600000,4.428,4.444,4.393,4.441,130173.702845
1684285200000,4.441,4.49,4.439,4.478,163428.327195
1684288800000,4.478,4.49,4.458,4.463,140921.089708
1684292400000,4.464,4.475,4.456,4.462,54602.170852
1684296000000,4.463,4.484,4.462,4.482,51545.508687
1684299600000,4.481,4.481,4.438,4.438,58262.342999
1684303200000,4.438,4.444,4.42,4.439,74019.485112
1684306800000,4.44,4.46,4.404,4.414,73063.051145
1684310400000,4.413,4.429,4.394,4.42,90614.565425
1684314000000,4.422,4.475,4.419,4.467,121641.581684
1684317600000,4.468,4.471,4.442,4.464,91256.380846
1684321200000,4.462,4.464,4.411,4.437,185536.468612
1684324800000,4.436,4.457,4.426,4.438,53229.342395
1684328400000,4.441,4.461,4.429,4.432,69212.17855
1684332000000,4.433,4.443,4.38,4.424,173996.074796
1684335600000,4.425,4.442,4.406,4.43,64676.763906
1684339200000,4.426,4.479,4.413,4.476,69230.361364
1684342800000,4.476,4.521,4.466,4.52,204711.561176
1684346400000,4.521,4.593,4.52,4.558,169160.5167
1684350000000,4.557,4.608,4.555,4.591,192812.447954
1684353600000,4.595,4.606,4.4,4.533,945410.433795
1684357200000,4.534,4.539,4.485,4.511,138193.151751
1684360800000,4.513,4.525,4.497,4.499,65355.889682
1684364400000,4.499,4.555,4.499,4.544,104534.423118
1684368000000,4.544,4.61,4.526,4.585,259806.246443
1684371600000,4.585,4.617,4.575,4.612,205424.648033
1684375200000,4.612,4.67,4.602,4.603,298904.937052
1684378800000,4.601,4.621,4.594,4.602,86893.192879
1684382400000,4.603,4.624,4.595,4.599,71868.672403
1684386000000,4.601,4.614,4.584,4.59,74722.730675
1684389600000,4.589,4.592,4.545,4.554,151502.298474
1684393200000,4.555,4.588,4.555,4.576,171176.68562
1684396800000,4.576,4.586,4.561,4.568,63649.834746
1684400400000,4.566,4.57,4.541,4.548,67782.50781
1684404000000,4.547,4.561,4.528,4.552,104351.400622
1684407600000,4.552,4.552,4.531,4.544,37726.324494
1684411200000,4.543,4.543,4.515,4.52,85020.596435
1684414800000,4.521,4.532,4.507,4.519,72433.035692
1684418400000,4.516,4.54,4.478,4.525,176830.36885
1684422000000,4.525,4.534,4.494,4.504,65309.860106
1684425600000,4.504,4.534,4.497,4.53,96198.852728
1684429200000,4.529,4.529,4.39,4.409,385286.7116
1684432800000,4.407,4.431,4.394,4.416,146642.785503
1684436400000,4.415,4.453,4.409,4.43,49606.635011
1684440000000,4.43,4.438,4.42,4.423,35307.309035
1684443600000,4.423,4.49,4.423,4.476,43973.107248
1684447200000,4.477,4.498,4.475,4.483,49268.100973
1684450800000,4.485,4.485,4.457,4.458,45055.958721
1684454400000,4.458,4.467,4.432,4.454,53662.080618
1684458000000,4.453,4.462,4.432,4.433,79583.379894
1684461600000,4.433,4.445,4.423,4.441,53314.133654
1684465200000,4.441,4.466,4.43,4.46,65446.226922
1684468800000,4.46,4.465,4.444,4.464,34296.315573
1684472400000,4.466,4.467,4.446,4.461,30901.943009
1684476000000,4.461,4.467,4.444,4.445,72298.690596
1684479600000,4.446,4.462,4.43,4.436,72863.436303
1684483200000,4.437,4.461,4.434,4.453,54051.491359
1684486800000,4.454,4.465,4.446,4.458,43081.797631
1684490400000,4.46,4.464,4.449,4.453,22444.657691
1684494000000,4.455,4.458,4.441,4.451,38336.571305
1684497600000,4.451,4.484,4.451,4.471,65795.454994
1684501200000,4.472,4.478,4.45,4.458,41218.829525
1684504800000,4.458,4.458,4.44,4.454,52882.498633
1684508400000,4.457,4.507,4.434,4.481,174871.963093
1684512000000,4.482,4.494,4.467,4.472,69585.778276
1684515600000,4.474,4.509,4.47,4.499,70066.158234
1684519200000,4.499,4.513,4.492,4.511,25175.07697
1684522800000,4.51,4.51,4.474,4.499,44227.075429
1684526400000,4.499,4.504,4.492,4.501,7916.657141
1684530000000,4.501,4.505,4.492,4.505,30589.89251
1684533600000,4.504,4.507,4.497,4.507,24709.13603
1684537200000,4.507,4.51,4.488,4.495,26876.444036
1684540800000,4.495,4.495,4.45,4.461,91806.951702
1684544400000,4.46,4.48,4.456,4.478,19308.293523
1684548000000,4.48,4.49,4.467,4.473,26779.635129
1684551600000,4.473,4.485,4.473,4.483,24440.887187
1684555200000,4.483,4.483,4.47,4.475,21808.22724
1684558800000,4.475,4.475,4.464,4.473,20004.813597
1684562400000,4.472,4.472,4.46,4.463,52619.638965
1684566000000,4.464,4.473,4.46,4.469,30933.432793
1684569600000,4.47,4.489,4.468,4.487,48663.769556
1684573200000,4.487,4.495,4.485,4.49,126023.993417
1684576800000,4.49,4.496,4.483,4.487,21699.636119
1684580400000,4.485,4.496,4.48,4.492,27033.323321
1684584000000,4.493,4.505,4.491,4.491,42096.148745
1684587600000,4.491,4.493,4.48,4.487,118417.49614
1684591200000,4.488,4.5,4.484,4.5,37952.352353
1684594800000,4.5,4.51,4.491,4.502,36260.655018
1684598400000,4.503,4.506,4.49,4.49,61249.588236
1684602000000,4.49,4.532,4.49,4.53,59107.296591
1684605600000,4.531,4.533,4.505,4.506,32941.917404
1684609200000,4.507,4.511,4.487,4.505,18670.21325
1684612800000,4.504,4.509,4.495,4.5,7925.76217
1684616400000,4.5,4.5,4.488,4.5,29373.711865
1684620000000,4.5,4.506,4.494,4.505,29353.470531
1684623600000,4.506,4.514,4.498,4.511,23727.353903
1684627200000,4.513,4.527,4.505,4.526,66163.042632
1684630800000,4.526,4.53,4.498,4.501,39798.976313
1684634400000,4.503,4.508,4.494,4.508,26494.221771
1684638000000,4.507,4.51,4.502,4.503,8472.79044
1684641600000,4.503,4.504,4.494,4.498,32569.086089
1684645200000,4.501,4.506,4.493,4.494,47234.534393
1684648800000,4.494,4.502,4.491,4.495,28722.749991
1684652400000,4.496,4.505,4.495,4.499,17865.601724
1684656000000,4.499,4.5,4.491,4.494,35143.452353
1684659600000,4.493,4.501,4.488,4.496,22169.099447
1684663200000,4.495,4.496,4.467,4.477,73560.212643
1684666800000,4.476,4.476,4.443,4.461,97671.375882
1684670400000,4.459,4.474,4.457,4.47,35501.986935
1684674000000,4.47,4.482,4.469,4.481,30998.721475
1684677600000,4.483,4.485,4.466,4.467,32492.848415
1684681200000,4.467,4.479,4.4,4.419,240595.026493
1684684800000,4.42,4.428,4.395,4.403,142794.937065
1684688400000,4.403,4.416,4.397,4.41,69621.513748
1684692000000,4.408,4.42,4.405,4.408,19246.080592
1684695600000,4.408,4.415,4.406,4.412,24414.734699
1684699200000,4.413,4.421,4.398,4.4,25682.677091
1684702800000,4.4,4.402,4.337,4.381,215122.569288
1684706400000,4.382,4.398,4.378,4.386,38537.606082
1684710000000,4.386,4.394,4.37,4.379,39272.695086
1684713600000,4.377,4.393,4.3,4.337,208609.836688
1684717200000,4.337,4.346,4.311,4.33,103057.690357
1684720800000,4.329,4.371,4.321,4.363,32581.097374
1684724400000,4.361,4.375,4.357,4.367,41119.166875
1684728000000,4.366,4.38,4.362,4.364,33692.637153
1684731600000,4.365,4.381,4.365,4.374,49681.69654
1684735200000,4.374,4.407,4.373,4.393,105984.515652
1684738800000,4.394,4.398,4.387,4.387,41246.93525
1684742400000,4.386,4.412,4.386,4.403,89733.833693
1684746000000,4.404,4.42,4.404,4.415,68464.227859
1684749600000,4.416,4.426,4.412,4.425,51481.812184
1684753200000,4.426,4.426,4.397,4.41,40793.660529
1684756800000,4.409,4.416,4.399,4.402,55023.514028
1684760400000,4.401,4.433,4.39,4.426,156731.763026
1684764000000,4.427,4.433,4.393,4.419,116749.57495
1684767600000,4.42,4.425,4.399,4.404,51816.938419
1684771200000,4.405,4.421,4.402,4.419,22375.025231
1684774800000,4.421,4.425,4.37,4.392,91021.565347
1684778400000,4.398,4.418,4.398,4.406,16169.232135
1684782000000,4.409,4.416,4.405,4.41,5965.072344
1684785600000,4.413,4.421,4.41,4.418,13602.483557
1684789200000,4.418,4.43,4.418,4.428,25198.679176
1684792800000,4.426,4.439,4.411,4.419,10690.27201
1684796400000,4.42,4.42,4.407,4.409,13088.540303
1684800000000,4.411,4.425,4.395,4.403,29160.529959
1684803600000,4.4,4.45,4.399,4.442,103647.170785
1684807200000,4.441,4.457,4.441,4.456,81249.031914
1684810800000,4.456,4.517,4.454,4.509,204035.227854
1684814400000,4.509,4.515,4.463,4.467,136331.905601
1684818000000,4.468,4.487,4.466,4.473,38148.349512
1684821600000,4.473,4.489,4.461,4.473,73508.195585
1684825200000,4.472,4.483,4.455,4.482,52890.814685
1684828800000,4.481,4.49,4.468,4.486,34014.663335
1684832400000,4.486,4.495,4.477,4.494,62770.967679
1684836000000,4.494,4.495,4.485,4.492,56331.354521
1684839600000,4.491,4.502,4.476,4.498,92336.405896
1684843200000,4.498,4.51,4.487,4.5,127240.492541
1684846800000,4.5,4.501,4.472,4.484,80567.856733
1684850400000,4.484,4.506,4.48,4.501,60172.033258
1684854000000,4.501,4.515,4.497,4.514,45551.640611
1684857600000,4.515,4.527,4.497,4.506,66963.612748
1684861200000,4.506,4.507,4.483,4.492,31114.622415
1684864800000,4.491,4.495,4.48,4.481,22898.420246
1684868400000,4.48,4.499,4.478,4.499,26798.114681
1684872000000,4.497,4.512,4.492,4.508,13197.355968
1684875600000,4.509,4.522,4.502,4.517,19443.920046
1684879200000,4.517,4.523,4.506,4.516,29718.792898
1684882800000,4.516,4.527,4.514,4.52,43465.148347
1684886400000,4.521,4.529,4.504,4.515,98173.819205
1684890000000,4.513,4.517,4.49,4.494,51548.232094
1684893600000,4.492,4.507,4.491,4.499,28006.114642
1684897200000,4.499,4.5,4.404,4.446,443395.264984
1684900800000,4.443,4.459,4.427,4.459,79358.140032
1684904400000,4.457,4.459,4.439,4.448,32690.171992
1684908000000,4.448,4.448,4.412,4.425,59766.558184
1684911600000,4.425,4.437,4.421,4.431,98716.867773
1684915200000,4.431,4.452,4.43,4.451,118833.170274
1684918800000,4.451,4.459,4.446,4.451,78788.707834
1684922400000,4.452,4.463,4.449,4.449,53757.969921
1684926000000,4.449,4.449,4.427,4.444,31547.384294
1684929600000,4.443,4.459,4.441,4.455,46002.117603
1684933200000,4.455,4.455,4.351,4.388,409089.842892
1684936800000,4.386,4.413,4.341,4.389,250206.930327
1684940400000,4.389,4.41,4.365,4.4,133458.963898
1684944000000,4.4,4.402,4.38,4.396,77916.966437
1684947600000,4.397,4.42,4.382,4.401,98063.112248
1684951200000,4.402,4.41,4.376,4.385,79959.674853
1684954800000,4.383,4.439,4.382,4.428,41477.058128
1684958400000,4.428,4.476,4.414,4.471,45762.788498
1684962000000,4.47,4.502,4.47,4.483,81982.62055
1684965600000,4.484,4.487,4.467,4.469,41877.020294
1684969200000,4.469,4.477,4.459,4.459,46077.680658
1684972800000,4.46,4.476,4.427,4.427,124206.178318
1684976400000,4.429,4.443,4.338,4.393,434574.098658
1684980000000,4.393,4.411,4.389,4.404,88259.299332
1684983600000,4.404,4.413,4.391,4.409,51362.000854
1684987200000,4.41,4.42,4.402,4.407,48608.282623
1684990800000,4.404,4.422,4.403,4.42,52927.387188
1684994400000,4.422,4.432,4.417,4.432,34445.415884
1684998000000,4.432,4.433,4.404,4.405,36632.905268
1685001600000,4.407,4.428,4.407,4.411,32361.229017
1685005200000,4.411,4.428,4.411,4.415,25498.972531
1685008800000,4.416,4.424,4.41,4.422,16196.008133
1685012400000,4.422,4.425,4.406,4.424,36170.666369
1685016000000,4.424,4.456,4.42,4.426,131990.684856
1685019600000,4.428,4.436,4.412,4.423,71726.018582
1685023200000,4.425,4.431,4.413,4.424,31773.262375
1685026800000,4.425,4.439,4.4,4.409,95980.029275
1685030400000,4.41,4.424,4.4,4.414,44105.690545
1685034000000,4.415,4.424,4.407,4.415,15033.7704
1685037600000,4.417,4.423,4.405,4.408,22730.300589
1685041200000,4.408,4.444,4.403,4.412,45343.324263
1685044800000,4.412,4.419,4.407,4.409,17724.741535
1685048400000,4.409,4.416,4.4,4.416,12152.712892
1685052000000,4.415,4.42,4.405,4.412,28850.616577
1685055600000,4.413,4.424,4.408,4.418,15331.161815
1685059200000,4.417,4.418,4.392,4.402,53571.754455
1685062800000,4.402,4.431,4.391,4.399,82992.481006
1685066400000,4.396,4.403,4.384,4.389,31121.996752
1685070000000,4.391,4.408,4.386,4.4,28714.240221
1685073600000,4.402,4.411,4.399,4.402,32703.061825
1685077200000,4.402,4.405,4.374,4.378,39521.162795
1685080800000,4.378,4.408,4.373,4.407,45827.449453
1685084400000,4.408,4.416,4.396,4.416,41459.949189
1685088000000,4.415,4.421,4.404,4.419,29485.290462
1685091600000,4.419,4.421,4.402,4.403,23186.164285
1685095200000,4.404,4.407,4.397,4.398,35131.940543
1685098800000,4.398,4.403,4.385,4.397,44008.683406
1685102400000,4.397,4.418,4.384,4.398,89255.119935
1685106000000,4.398,4.422,4.398,4.411,75085.604407
1685109600000,4.413,4.452,4.41,4.433,94864.690606
1685113200000,4.433,4.444,4.431,4.432,49629.673022
1685116800000,4.433,4.438,4.42,4.425,41681.074568
1685120400000,4.426,4.433,4.407,4.412,33627.244079
1685124000000,4.413,4.434,4.405,4.432,34919.788899
1685127600000,4.433,4.449,4.432,4.447,35149.904078
1685131200000,4.448,4.452,4.444,4.449,34977.755361
1685134800000,4.45,4.452,4.438,4.449,42849.865888
1685138400000,4.45,4.458,4.436,4.437,33900.391437
1685142000000,4.438,4.444,4.435,4.438,25494.418725
1685145600000,4.439,4.448,4.437,4.44,43930.306662
1685149200000,4.439,4.447,4.437,4.446,39142.81312
1685152800000,4.446,4.459,4.438,4.453,24720.261485
1685156400000,4.454,4.459,4.45,4.457,25219.710899
1685160000000,4.457,4.466,4.454,4.457,69555.59662
1685163600000,4.457,4.464,4.442,4.447,41218.509987
1685167200000,4.448,4.455,4.439,4.449,29342.195229
1685170800000,4.448,4.45,4.44,4.446,17233.892994
1685174400000,4.445,4.447,4.435,4.438,52925.477623
1685178000000,4.437,4.45,4.437,4.444,14756.804022
1685181600000,4.446,4.455,4.44,4.441,15699.952915
1685185200000,4.44,4.45,4.435,4.442,21438.233637
1685188800000,4.442,4.451,4.436,4.447,47815.776492
1685192400000,4.447,4.453,4.41,4.423,77608.844396
1685196000000,4.422,4.45,4.417,4.441,51106.226386
1685199600000,4.441,4.453,4.437,4.448,36883.923742
1685203200000,4.448,4.449,4.431,4.442,27713.069806
1685206800000,4.443,4.455,4.438,4.452,9489.445606
1685210400000,4.453,4.46,4.447,4.448,20955.264697
1685214000000,4.447,4.484,4.447,4.484,41213.395231
1685217600000,4.483,4.497,4.48,4.494,50232.02099
1685221200000,4.494,4.512,4.485,4.487,98640.474384
1685224800000,4.486,4.5,4.48,4.492,27613.168676
1685228400000,4.492,4.495,4.479,4.479,42410.197222
1685232000000,4.479,4.545,4.469,4.542,202944.003693
1685235600000,4.542,4.571,4.528,4.535,117179.65713
1685239200000,4.535,4.539,4.51,4.521,61614.814295
1685242800000,4.522,4.543,4.52,4.537,48558.504684
1685246400000,4.539,4.562,4.531,4.536,70425.626544
1685250000000,4.536,4.555,4.533,4.542,48698.557793
1685253600000,4.542,4.547,4.536,4.541,28923.813362
1685257200000,4.541,4.554,4.54,4.551,30246.561244
1685260800000,4.549,4.555,4.54,4.549,47253.731221
1685264400000,4.55,4.555,4.535,4.539,29921.579933
1685268000000,4.539,4.559,4.532,4.552,54510.866741
1685271600000,4.554,4.565,4.537,4.54,97223.795794
1685275200000,4.54,4.549,4.525,4.536,50042.954289
1685278800000,4.536,4.549,4.529,4.549,58959.626288
1685282400000,4.549,4.549,4.514,4.517,75863.416032
1685286000000,4.518,4.538,4.51,4.537,41515.699266
1685289600000,4.538,4.54,4.521,4.539,30391.444951
1685293200000,4.541,4.561,4.531,4.561,64361.882311
1685296800000,4.56,4.635,4.554,4.601,221401.488222
1685300400000,4.601,4.614,4.588,4.597,50646.578264
1685304000000,4.598,4.612,4.594,4.598,22323.106394
1685307600000,4.598,4.619,4.583,4.619,42316.024477
1685311200000,4.617,4.706,4.617,4.661,267669.309727
1685314800000,4.663,4.671,4.651,4.66,71563.186449
1685318400000,4.66,4.718,4.65,4.704,136411.662569
1685322000000,4.705,4.725,4.677,4.704,175004.567224
1685325600000,4.704,4.706,4.669,4.683,124615.946037
1685329200000,4.684,4.694,4.656,4.656,109363.025708
1685332800000,4.657,4.671,4.63,4.655,89323.143812
1685336400000,4.656,4.674,4.651,4.667,47981.707589
1685340000000,4.667,4.678,4.658,4.666,49386.751022
1685343600000,4.666,4.666,4.644,4.656,42769.156285
1685347200000,4.657,4.663,4.645,4.658,32566.33707
1685350800000,4.659,4.675,4.65,4.666,34108.303348
1685354400000,4.664,4.664,4.626,4.636,87376.286674
1685358000000,4.636,4.65,4.634,4.644,37081.584196
1685361600000,4.643,4.647,4.635,4.641,19377.013617
1685365200000,4.641,4.656,4.639,4.647,47719.85333
1685368800000,4.648,4.657,4.622,4.64,84910.155476
1685372400000,4.639,4.648,4.595,4.604,155499.706556
1685376000000,4.602,4.629,4.589,4.609,115922.353484
1685379600000,4.609,4.635,4.59,4.634,54228.199698
1685383200000,4.634,4.647,4.63,4.631,58965.802503
1685386800000,4.633,4.643,4.624,4.631,25610.305826
1685390400000,4.631,4.632,4.618,4.627,19630.67987
1685394000000,4.628,4.635,4.612,4.62,25806.95829
1685397600000,4.618,4.631,4.598,4.626,61106.006408
1685401200000,4.625,4.653,4.622,4.635,48058.467474
1685404800000,4.636,4.639,4.6,4.623,47637.888565
1685408400000,4.624,4.649,4.621,4.647,57443.715488
1685412000000,4.647,4.647,4.626,4.644,50208.812536
1685415600000,4.644,4.655,4.635,4.636,54624.253484
1685419200000,4.637,4.657,4.621,4.626,298208.827756
1685422800000,4.627,4.628,4.603,4.616,71446.809174
1685426400000,4.616,4.647,4.616,4.647,29970.124523
1685430000000,4.647,4.654,4.627,4.633,104962.492744
1685433600000,4.634,4.74,4.634,4.73,271920.192203
1685437200000,4.731,4.857,4.731,4.828,660509.530234
1685440800000,4.828,4.888,4.801,4.866,430582.700089
1685444400000,4.867,4.902,4.849,4.868,277651.404601
1685448000000,4.868,4.872,4.798,4.822,250868.15683
1685451600000,4.824,4.835,4.784,4.79,272848.019628
1685455200000,4.79,4.817,4.753,4.755,293679.590395
1685458800000,4.755,4.802,4.754,4.791,159396.405645
1685462400000,4.791,4.83,4.755,4.81,205394.677919
1685466000000,4.81,4.884,4.798,4.864,239513.457871
1685469600000,4.858,4.889,4.849,4.868,235862.806184
1685473200000,4.868,4.906,4.856,4.86,272001.612092
1685476800000,4.857,4.88,4.838,4.85,69750.063844
1685480400000,4.848,4.873,4.819,4.838,32956.966189
1685484000000,4.837,4.847,4.821,4.847,79157.131239
1685487600000,4.847,4.857,4.826,4.826,121309.969777
1685491200000,4.827,4.85,4.807,4.849,79231.862908
1685494800000,4.848,4.891,4.842,4.847,235797.216571
1685498400000,4.848,4.853,4.787,4.82,162567.607331
1685502000000,4.818,4.826,4.803,4.814,67317.290476
1685505600000,4.814,4.814,4.667,4.686,489103.317237
1685509200000,4.684,4.712,4.641,4.672,301350.192141
1685512800000,4.671,4.696,4.657,4.696,104732.451569
1685516400000,4.695,4.724,4.681,4.709,94258.103523
1685520000000,4.708,4.732,4.697,4.697,64035.635412
1685523600000,4.696,4.711,4.677,4.685,95438.052699
1685527200000,4.685,4.69,4.674,4.682,70496.321629
1685530800000,4.681,4.686,4.657,4.66,81195.650529
1685534400000,4.661,4.692,4.656,4.677,76743.249359
1685538000000,4.678,4.695,4.661,4.667,59603.734781
1685541600000,4.667,4.67,4.605,4.664,264038.802263
1685545200000,4.665,4.667,4.623,4.64,89948.456488
1685548800000,4.641,4.667,4.626,4.657,38511.265948
1685552400000,4.658,4.723,4.658,4.719,72715.415755
1685556000000,4.722,4.723,4.688,4.702,59921.938008
1685559600000,4.703,4.705,4.685,4.685,65662.832034
1685563200000,4.686,4.687,4.656,4.657,19649.277221
1685566800000,4.657,4.665,4.648,4.662,22949.250851
1685570400000,4.662,4.7,4.66,4.7,52150.66456
1685574000000,4.7,4.7,4.683,4.692,36129.055265
1685577600000,4.693,4.72,4.675,4.687,71388.955716
1685581200000,4.688,4.717,4.688,4.713,97136.109589
1685584800000,4.713,4.725,4.647,4.657,208109.108361
1685588400000,4.657,4.673,4.613,4.662,181769.139581
1685592000000,4.663,4.677,4.659,4.668,38550.865576
1685595600000,4.667,4.677,4.655,4.659,46374.033512
1685599200000,4.659,4.662,4.651,4.653,37323.553382
1685602800000,4.652,4.664,4.634,4.648,62578.144494
1685606400000,4.649,4.665,4.639,4.664,39185.835922
1685610000000,4.664,4.685,4.664,4.676,93645.383324
1685613600000,4.676,4.683,4.663,4.676,80243.065481
1685617200000,4.677,4.691,4.668,4.688,34947.361435
1685620800000,4.688,4.693,4.671,4.689,45550.318017
1685624400000,4.689,4.693,4.661,4.673,30573.453897
1685628000000,4.67,4.689,4.657,4.675,56768.643457
1685631600000,4.675,4.685,4.661,4.672,49438.529819
1685635200000,4.672,4.708,4.645,4.697,100751.720619
1685638800000,4.699,4.703,4.678,4.683,38140.600654
1685642400000,4.683,4.758,4.683,4.745,83285.420228
1685646000000,4.745,4.747,4.68,4.73,101329.850382
1685649600000,4.73,4.738,4.721,4.725,28431.367538
1685653200000,4.726,4.736,4.692,4.696,107594.097824
1685656800000,4.696,4.705,4.684,4.702,26330.960711
1685660400000,4.702,4.702,4.661,4.697,106027.185069
1685664000000,4.698,4.781,4.676,4.776,283668.913361
1685667600000,4.776,4.897,4.756,4.849,380285.478258
1685671200000,4.849,4.986,4.83,4.939,446708.649954
1685674800000,4.938,4.947,4.892,4.904,304220.348813
1685678400000,4.904,5.013,4.896,4.931,521274.63908
1685682000000,4.931,4.954,4.911,4.922,169014.159414
1685685600000,4.922,5.013,4.915,4.992,563282.998913
1685689200000,4.991,5.025,4.97,4.971,163662.876828
1685692800000,4.973,5,4.954,4.974,232782.229378
1685696400000,4.974,4.993,4.95,4.963,179137.885613
1685700000000,4.963,4.97,4.935,4.94,130911.99895
1685703600000,4.94,4.966,4.94,4.957,64280.494147
1685707200000,4.957,4.966,4.873,4.934,311859.488639
1685710800000,4.933,4.94,4.874,4.885,234928.370971
1685714400000,4.886,4.924,4.88,4.914,222462.571657
1685718000000,4.914,4.924,4.904,4.914,76493.582526
1685721600000,4.913,4.996,4.905,4.976,205409.162458
1685725200000,4.974,5,4.956,4.99,88266.398198
1685728800000,4.986,4.988,4.945,4.975,43096.721813
1685732400000,4.974,4.974,4.949,4.971,45096.159781
1685736000000,4.971,4.974,4.957,4.967,21085.472818
1685739600000,4.969,5.001,4.956,5,88893.939998
1685743200000,5,5.011,4.986,4.992,78103.261232
1685746800000,4.992,4.998,4.964,4.965,56754.357128
1685750400000,4.965,4.977,4.95,4.96,50420.5993
1685754000000,4.959,4.963,4.911,4.92,91248.435368
1685757600000,4.921,4.93,4.905,4.913,53311.972619
1685761200000,4.914,4.923,4.907,4.915,29875.37264
1685764800000,4.915,4.926,4.912,4.922,29607.11942
1685768400000,4.924,4.929,4.913,4.92,22833.409166
1685772000000,4.92,4.935,4.917,4.929,20860.982813
1685775600000,4.929,4.932,4.912,4.916,23474.398407
1685779200000,4.916,4.918,4.879,4.885,104771.449503
1685782800000,4.885,4.907,4.883,4.895,75172.514976
1685786400000,4.898,4.927,4.894,4.917,29168.795386
1685790000000,4.918,4.932,4.909,4.914,28029.698886
1685793600000,4.913,4.927,4.905,4.916,26490.00901
1685797200000,4.917,4.918,4.881,4.891,175773.643082
1685800800000,4.89,4.904,4.887,4.9,28588.46355
1685804400000,4.9,4.915,4.877,4.914,67079.364298
1685808000000,4.915,4.944,4.907,4.913,81915.699688
1685811600000,4.914,4.92,4.884,4.918,51705.809466
1685815200000,4.919,4.966,4.904,4.907,121264.260603
1685818800000,4.908,4.921,4.88,4.889,63794.427293
1685822400000,4.886,4.895,4.815,4.829,138991.580183
1685826000000,4.831,4.839,4.801,4.839,50678.61714
1685829600000,4.839,4.857,4.838,4.856,36547.32484
1685833200000,4.857,4.858,4.84,4.855,13124.401844
1685836800000,4.856,4.857,4.813,4.816,47930.917946
1685840400000,4.816,4.849,4.8,4.832,116669.133566
1685844000000,4.832,4.849,4.824,4.847,55489.760068
1685847600000,4.847,4.87,4.839,4.864,61044.074089
1685851200000,4.864,4.894,4.864,4.88,54855.499323
1685854800000,4.881,4.881,4.87,4.87,18736.354769
1685858400000,4.87,4.884,4.856,4.884,66091.90533
1685862000000,4.885,4.895,4.867,4.868,31130.29087
1685865600000,4.869,4.874,4.85,4.872,61044.178341
1685869200000,4.872,4.876,4.865,4.873,51207.714644
1685872800000,4.873,4.874,4.857,4.864,15373.63295
1685876400000,4.864,4.864,4.838,4.849,108878.163711
1685880000000,4.849,4.858,4.83,4.849,100431.279077
1685883600000,4.848,4.855,4.833,4.834,33706.174225
1685887200000,4.833,4.837,4.803,4.805,253610.383278
1685890800000,4.805,4.816,4.78,4.797,125717.129267
1685894400000,4.798,4.802,4.768,4.769,220393.743488
1685898000000,4.769,4.782,4.724,4.733,147214.873914
1685901600000,4.732,4.738,4.705,4.712,97706.585665
1685905200000,4.711,4.731,4.707,4.727,68980.40931
1685908800000,4.726,4.726,4.684,4.69,158175.36658
1685912400000,4.69,4.695,4.64,4.65,204595.231905
1685916000000,4.649,4.705,4.642,4.673,186066.393629
1685919600000,4.672,4.747,4.617,4.666,246751.347754
1685923200000,4.666,4.666,4.585,4.627,198778.117827
1685926800000,4.627,4.638,4.599,4.636,83301.759351
1685930400000,4.636,4.653,4.558,4.573,159505.934421
1685934000000,4.572,4.591,4.539,4.577,375014.599046
1685937600000,4.577,4.579,4.557,4.577,88927.212016
1685941200000,4.577,4.601,4.555,4.591,204878.092681
1685944800000,4.592,4.598,4.58,4.592,97556.938773
1685948400000,4.592,4.63,4.591,4.628,91528.544081
1685952000000,4.628,4.64,4.596,4.604,94383.699767
1685955600000,4.604,4.617,4.597,4.605,39190.870145
1685959200000,4.607,4.612,4.591,4.601,87387.318675
1685962800000,4.6,4.634,4.598,4.625,58224.920906
1685966400000,4.625,4.643,4.593,4.629,128952.877122
1685970000000,4.629,4.632,4.603,4.615,84683.684275
1685973600000,4.615,4.633,4.591,4.595,87258.575371
1685977200000,4.595,4.6,4.21,4.215,1094554.670229
1685980800000,4.22,4.279,3.976,4.209,2183520.143995
1685984400000,4.208,4.242,4.171,4.215,278414.892457
1685988000000,4.216,4.219,4.182,4.199,116097.282573
1685991600000,4.199,4.225,4.178,4.222,98975.723881
1685995200000,4.222,4.232,4.195,4.207,48780.525984
1685998800000,4.206,4.206,4.152,4.194,72505.97414
1686002400000,4.193,4.217,4.179,4.207,114713.082242
1686006000000,4.207,4.235,4.201,4.218,138817.932533
1686009600000,4.219,4.244,4.214,4.234,169816.291444
1686013200000,4.234,4.239,4.19,4.195,141270.638436
1686016800000,4.194,4.232,4.191,4.228,73338.092093
1686020400000,4.227,4.229,4.217,4.225,61486.800179
1686024000000,4.225,4.257,4.218,4.256,72326.35373
1686027600000,4.256,4.264,4.23,4.24,128835.518654
1686031200000,4.239,4.239,4.226,4.232,54680.685849
1686034800000,4.232,4.248,4.225,4.228,63965.310696
1686038400000,4.229,4.234,4.219,4.231,47523.382212
1686042000000,4.231,4.243,4.227,4.238,82690.817804
1686045600000,4.239,4.252,4.239,4.24,35211.513337
1686049200000,4.242,4.245,4.204,4.215,87781.530186
1686052800000,4.216,4.229,4.142,4.185,295968.247531
1686056400000,4.184,4.266,4.143,4.255,236692.739778
1686060000000,4.255,4.34,4.255,4.298,433811.843811
1686063600000,4.3,4.303,4.262,4.293,106058.629443
1686067200000,4.295,4.348,4.293,4.337,187868.139764
1686070800000,4.337,4.369,4.317,4.368,267699.802931
1686074400000,4.368,4.375,4.353,4.37,45986.203613
1686078000000,4.37,4.443,4.362,4.435,106839.819927
1686081600000,4.432,4.441,4.369,4.377,59097.067726
1686085200000,4.379,4.39,4.364,4.382,19069.375951
1686088800000,4.382,4.403,4.37,4.4,77149.894878
1686092400000,4.4,4.415,4.382,4.4,74045.536613
1686096000000,4.403,4.403,4.361,4.363,75830.31783
1686099600000,4.363,4.364,4.318,4.34,95413.068956
1686103200000,4.34,4.357,4.332,4.332,63470.385218
1686106800000,4.333,4.343,4.306,4.328,80845.090511
1686110400000,4.329,4.348,4.327,4.341,46816.885556
1686114000000,4.341,4.346,4.331,4.332,29456.82413
1686117600000,4.333,4.343,4.301,4.308,76681.145528
1686121200000,4.309,4.318,4.28,4.3,85343.011726
1686124800000,4.302,4.321,4.297,4.321,46866.933474
1686128400000,4.322,4.335,4.251,4.269,213517.132774
1686132000000,4.268,4.296,4.2,4.289,235787.427618
1686135600000,4.289,4.334,4.289,4.323,53056.542405
1686139200000,4.32,4.32,4.288,4.299,64363.564413
1686142800000,4.299,4.304,4.243,4.268,79294.417298
1686146400000,4.266,4.267,4.136,4.195,406256.139474
1686150000000,4.194,4.22,4.161,4.171,143740.61631
1686153600000,4.173,4.187,4.148,4.168,120364.074148
1686157200000,4.165,4.183,4.127,4.173,90059.031531
1686160800000,4.173,4.182,4.162,4.182,24536.464254
1686164400000,4.183,4.186,4.17,4.181,32225.161607
1686168000000,4.177,4.18,4.127,4.129,50913.173168
1686171600000,4.13,4.133,4.05,4.055,236356.926637
1686175200000,4.055,4.111,4.054,4.1,123166.522425
1686178800000,4.101,4.14,4.095,4.139,72533.954049
1686182400000,4.14,4.14,4.111,4.12,81043.215063
1686186000000,4.12,4.173,4.118,4.158,109818.054142
1686189600000,4.158,4.163,4.14,4.143,48350.412513
1686193200000,4.143,4.146,4.098,4.127,178063.973927
1686196800000,4.128,4.144,4.123,4.141,82416.715453
1686200400000,4.143,4.153,4.104,4.111,75733.377868
1686204000000,4.11,4.131,4.089,4.126,132061.85242
1686207600000,4.127,4.153,4.122,4.138,61678.43293
1686211200000,4.136,4.145,4.118,4.131,67677.445426
1686214800000,4.131,4.14,4.112,4.117,65270.926329
1686218400000,4.116,4.138,4.1,4.134,83624.627504
1686222000000,4.135,4.138,4.121,4.125,46157.293888
1686225600000,4.124,4.164,4.111,4.145,61894.053841
1686229200000,4.147,4.152,4.109,4.139,55327.864749
1686232800000,4.139,4.171,4.127,4.164,68089.900552
1686236400000,4.164,4.182,4.151,4.175,73028.96953
1686240000000,4.175,4.178,4.08,4.115,167379.840172
1686243600000,4.113,4.117,4.093,4.097,50194.503513
1686247200000,4.099,4.119,4.085,4.116,33486.340348
1686250800000,4.114,4.126,4.111,4.125,8983.190146
1686254400000,4.123,4.131,4.115,4.116,26319.948812
1686258000000,4.116,4.116,4.096,4.1,63239.374792
1686261600000,4.098,4.114,4.094,4.105,143322.104518
1686265200000,4.104,4.106,4.09,4.094,58127.204858
1686268800000,4.094,4.094,4.055,4.066,141612.56098
1686272400000,4.065,4.098,4.051,4.086,68351.771534
1686276000000,4.084,4.084,4.02,4.043,217303.675704
1686279600000,4.041,4.08,4.037,4.08,53995.254401
1686283200000,4.08,4.084,4.059,4.077,59199.06458
1686286800000,4.079,4.087,4.067,4.078,44531.602406
1686290400000,4.078,4.082,4.057,4.064,46040.111765
1686294000000,4.063,4.063,4.035,4.049,58037.787761
1686297600000,4.048,4.076,4.033,4.075,54721.532828
1686301200000,4.076,4.093,4.07,4.088,85439.736553
1686304800000,4.088,4.098,4.081,4.097,67087.759386
1686308400000,4.097,4.097,4.071,4.093,59774.719288
1686312000000,4.093,4.146,4.089,4.142,134708.318111
1686315600000,4.143,4.146,4.106,4.107,120653.161545
1686319200000,4.107,4.13,4.1,4.106,58770.894596
1686322800000,4.106,4.127,4.071,4.088,113322.529655
1686326400000,4.084,4.101,4.073,4.091,90517.04869
1686330000000,4.09,4.092,4.065,4.073,206084.753475
1686333600000,4.074,4.075,4.046,4.056,114319.560304
1686337200000,4.055,4.059,3.955,3.977,317747.197102
1686340800000,3.975,4.024,3.969,4.021,120663.394913
1686344400000,4.023,4.056,4.021,4.051,30017.755586
1686348000000,4.051,4.052,4.028,4.04,31792.112105
1686351600000,4.04,4.042,4.008,4.034,67482.515221
1686355200000,4.037,4.045,3.976,3.997,143431.953293
1686358800000,3.997,4.026,3.8,3.861,970911.33347
1686362400000,3.859,3.907,3.781,3.846,679450.225856
1686366000000,3.846,3.88,3.791,3.801,379029.305753
1686369600000,3.801,3.84,2.56,3.114,8096272.930307
1686373200000,3.114,3.293,3.07,3.111,4087155.019651
1686376800000,3.111,3.164,3.054,3.096,1239455.653214
1686380400000,3.096,3.188,3.086,3.185,762656.634438
1686384000000,3.186,3.382,3.164,3.37,1664849.563383
1686387600000,3.368,3.439,3.328,3.353,1075007.655356
1686391200000,3.352,3.385,3.315,3.369,589159.035588
1686394800000,3.368,3.385,3.327,3.36,373631.709954
1686398400000,3.358,3.37,3.285,3.291,447971.371901
1686402000000,3.293,3.329,3.269,3.288,399589.741449
1686405600000,3.288,3.388,3.279,3.381,605733.034749
1686409200000,3.38,3.428,3.349,3.369,516501.740162
1686412800000,3.37,3.418,3.349,3.367,236245.516751
1686416400000,3.369,3.565,3.336,3.49,1196303.779946
1686420000000,3.495,3.505,3.382,3.419,431555.390724
1686423600000,3.42,3.464,3.417,3.464,88154.805311
1686427200000,3.465,3.481,3.433,3.46,126285.785458
1686430800000,3.461,3.503,3.446,3.489,111854.494486
1686434400000,3.489,3.546,3.479,3.5,165406.920682
1686438000000,3.498,3.503,3.477,3.483,226326.220989
1686441600000,3.484,3.492,3.455,3.46,250808.305637
1686445200000,3.46,3.502,3.456,3.48,238328.531251
1686448800000,3.48,3.492,3.46,3.466,183630.674227
1686452400000,3.466,3.472,3.434,3.442,178785.082459
1686456000000,3.443,3.45,3.37,3.392,1007063.567161
1686459600000,3.392,3.413,3.357,3.384,278658.76005
1686463200000,3.384,3.42,3.382,3.395,137476.888375
1686466800000,3.395,3.405,3.371,3.371,99740.820911
1686470400000,3.371,3.407,3.37,3.372,120446.171097
1686474000000,3.373,3.399,3.369,3.38,144256.051017
1686477600000,3.379,3.443,3.376,3.428,195250.630882
1686481200000,3.427,3.451,3.423,3.428,193972.359423
1686484800000,3.426,3.439,3.399,3.4,72508.225756
1686488400000,3.4,3.409,3.366,3.381,201469.876621
1686492000000,3.379,3.397,3.364,3.376,158152.7916
1686495600000,3.375,3.389,3.343,3.353,208609.59204
1686499200000,3.354,3.432,3.352,3.398,274303.366424
1686502800000,3.398,3.426,3.389,3.406,160144.808298
1686506400000,3.407,3.439,3.398,3.411,74907.813563
1686510000000,3.415,3.484,3.406,3.448,118794.334349
1686513600000,3.448,3.486,3.447,3.483,88567.174667
1686517200000,3.483,3.487,3.436,3.447,79009.33712
1686520800000,3.45,3.459,3.379,3.416,139461.557324
1686524400000,3.42,3.433,3.398,3.428,170840.535153
1686528000000,3.429,3.429,3.384,3.415,105895.176159
1686531600000,3.415,3.423,3.392,3.401,69609.118766
1686535200000,3.4,3.415,3.289,3.329,814113.732049
1686538800000,3.33,3.352,3.328,3.348,288975.858849
1686542400000,3.349,3.388,3.338,3.376,122917.601653
1686546000000,3.375,3.383,3.347,3.353,102021.893849
1686549600000,3.353,3.408,3.352,3.397,198254.175129
1686553200000,3.395,3.419,3.366,3.379,213967.092518
1686556800000,3.38,3.42,3.364,3.414,191646.830768
1686560400000,3.414,3.47,3.412,3.438,373695.025907
1686564000000,3.437,3.457,3.432,3.439,110651.775393
1686567600000,3.436,3.449,3.425,3.441,123536.380617
1686571200000,3.442,3.447,3.431,3.446,107770.32869
1686574800000,3.445,3.447,3.402,3.424,139611.753269
1686578400000,3.422,3.445,3.397,3.423,106411.367803
1686582000000,3.424,3.429,3.406,3.415,63642.34784
1686585600000,3.415,3.494,3.396,3.49,264397.123829
1686589200000,3.489,3.542,3.423,3.502,412884.416628
1686592800000,3.499,3.515,3.479,3.498,107956.571638
1686596400000,3.493,3.505,3.479,3.501,70312.993476
1686600000000,3.5,3.546,3.49,3.541,109528.91128
1686603600000,3.542,3.609,3.534,3.593,207687.83414
1686607200000,3.593,3.593,3.56,3.563,134461.497531
1686610800000,3.565,3.566,3.521,3.527,133125.992687
1686614400000,3.528,3.545,3.496,3.505,176844.042111
1686618000000,3.505,3.632,3.498,3.598,469781.56465
1686621600000,3.596,3.63,3.575,3.62,256052.861318
1686625200000,3.62,3.735,3.607,3.654,763044.673568
1686628800000,3.653,3.682,3.62,3.682,287660.027807
1686632400000,3.679,3.698,3.662,3.682,234758.490217
1686636000000,3.682,3.692,3.656,3.66,110831.102381
1686639600000,3.659,3.666,3.649,3.65,101189.980632
1686643200000,3.65,3.689,3.634,3.672,242333.42803
1686646800000,3.674,3.681,3.633,3.639,167566.682126
1686650400000,3.639,3.654,3.63,3.636,103059.269818
1686654000000,3.638,3.671,3.629,3.665,205099.420088
1686657600000,3.664,3.745,3.614,3.672,929140.443032
1686661200000,3.671,3.7,3.636,3.657,276891.076016
1686664800000,3.657,3.666,3.625,3.636,156014.372713
1686668400000,3.636,3.636,3.534,3.55,549071.187226
1686672000000,3.55,3.662,3.547,3.646,401914.500709
1686675600000,3.645,3.659,3.626,3.643,115703.170249
1686679200000,3.641,3.68,3.629,3.64,117558.565274
1686682800000,3.64,3.699,3.634,3.697,126060.107063
1686686400000,3.697,3.725,3.674,3.688,145747.20535
1686690000000,3.689,3.7,3.673,3.674,70455.795999
1686693600000,3.675,3.677,3.638,3.649,47669.680813
1686697200000,3.649,3.662,3.639,3.656,80045.731989
1686700800000,3.658,3.675,3.629,3.672,76955.748468
1686704400000,3.669,3.695,3.644,3.691,126830.028234
1686708000000,3.692,3.696,3.675,3.689,63159.329325
1686711600000,3.691,3.693,3.665,3.677,58000.168363
1686715200000,3.678,3.684,3.658,3.658,72617.354889
1686718800000,3.658,3.661,3.632,3.637,92823.52208
1686722400000,3.639,3.649,3.63,3.635,64177.232437
1686726000000,3.635,3.644,3.608,3.611,125849.022014
1686729600000,3.611,3.637,3.611,3.631,96128.443303
1686733200000,3.631,3.644,3.625,3.641,107894.652102
1686736800000,3.639,3.653,3.629,3.652,69801.158974
1686740400000,3.653,3.66,3.644,3.649,59238.976174
1686744000000,3.648,3.664,3.644,3.659,96755.665605
1686747600000,3.661,3.663,3.623,3.646,79474.177985
1686751200000,3.645,3.691,3.637,3.688,149260.62286
1686754800000,3.689,3.69,3.662,3.672,118379.037605
1686758400000,3.673,3.74,3.661,3.687,201874.144915
1686762000000,3.686,3.758,3.682,3.747,146997.589367
1686765600000,3.747,3.759,3.643,3.7,346075.670948
1686769200000,3.698,3.727,3.669,3.686,87859.279413
1686772800000,3.683,3.685,3.454,3.475,1324220.59611
1686776400000,3.474,3.539,3.457,3.53,419082.184699
1686780000000,3.532,3.535,3.505,3.518,113991.204744
1686783600000,3.517,3.58,3.513,3.564,129165.185257
1686787200000,3.565,3.631,3.55,3.628,231019.747375
1686790800000,3.627,3.628,3.579,3.606,230516.003332
1686794400000,3.605,3.611,3.565,3.569,179688.018344
1686798000000,3.568,3.629,3.568,3.61,201036.081062
1686801600000,3.611,3.623,3.58,3.583,93769.792475
1686805200000,3.584,3.6,3.556,3.574,159277.513956
1686808800000,3.575,3.596,3.522,3.538,365610.012398
1686812400000,3.538,3.563,3.523,3.545,129370.936715
1686816000000,3.546,3.58,3.544,3.561,111355.154423
1686819600000,3.561,3.571,3.519,3.538,147665.71696
1686823200000,3.538,3.555,3.515,3.519,198592.912041
1686826800000,3.52,3.565,3.5,3.553,213221.793076
1686830400000,3.554,3.565,3.521,3.531,64568.702538
1686834000000,3.533,3.586,3.525,3.564,105700.008532
1686837600000,3.564,3.581,3.556,3.563,75475.131654
1686841200000,3.565,3.595,3.56,3.562,167446.036538
1686844800000,3.563,3.581,3.533,3.533,112079.488374
1686848400000,3.535,3.544,3.47,3.543,396932.733716
1686852000000,3.543,3.639,3.521,3.635,186148.081366
1686855600000,3.635,3.638,3.6,3.623,103521.531226
1686859200000,3.623,3.667,3.587,3.659,165752.385002
1686862800000,3.659,3.72,3.651,3.671,260463.855196
1686866400000,3.671,3.681,3.659,3.661,107865.387382
1686870000000,3.66,3.662,3.644,3.661,92658.13946
1686873600000,3.661,3.661,3.621,3.638,136411.664367
1686877200000,3.638,3.671,3.636,3.663,76574.833014
1686880800000,3.662,3.675,3.648,3.671,88762.014016
1686884400000,3.671,3.676,3.657,3.662,97353.466356
1686888000000,3.661,3.666,3.638,3.65,62977.007957
1686891600000,3.65,3.67,3.637,3.665,49368.314591
1686895200000,3.664,3.67,3.654,3.658,67134.436421
1686898800000,3.658,3.661,3.638,3.638,79527.8413
1686902400000,3.638,3.657,3.623,3.623,92465.977689
1686906000000,3.624,3.642,3.621,3.632,43575.697077
1686909600000,3.632,3.639,3.62,3.629,98099.281707
1686913200000,3.629,3.636,3.583,3.596,161626.774392
1686916800000,3.594,3.617,3.591,3.607,63652.144162
1686920400000,3.606,3.611,3.583,3.589,55578.546125
1686924000000,3.59,3.622,3.536,3.608,171214.163881
1686927600000,3.608,3.635,3.589,3.632,122723.717181
1686931200000,3.632,3.642,3.614,3.639,123908.203996
1686934800000,3.641,3.7,3.64,3.697,162139.821017
1686938400000,3.697,3.749,3.686,3.689,228664.021939
1686942000000,3.687,3.704,3.667,3.698,103289.434139
1686945600000,3.699,3.711,3.692,3.71,52316.269817
1686949200000,3.711,3.716,3.673,3.681,62620.763898
1686952800000,3.681,3.699,3.681,3.697,47261.420932
1686956400000,3.696,3.696,3.677,3.693,53687.961208
1686960000000,3.693,3.695,3.658,3.673,77880.278656
1686963600000,3.673,3.688,3.659,3.663,59347.682292
1686967200000,3.666,3.683,3.658,3.682,61174.093339
1686970800000,3.681,3.686,3.673,3.682,39602.989389
1686974400000,3.684,3.696,3.675,3.691,46614.93834
1686978000000,3.693,3.813,3.685,3.795,568918.580337
1686981600000,3.796,3.8,3.767,3.77,192860.360866
1686985200000,3.772,3.781,3.751,3.762,96389.598391
1686988800000,3.765,3.769,3.745,3.758,110457.082762
1686992400000,3.759,3.769,3.737,3.738,100960.320935
1686996000000,3.738,3.751,3.738,3.742,65203.269315
1686999600000,3.742,3.749,3.725,3.732,98706.365012
1687003200000,3.731,3.748,3.715,3.741,139843.336634
1687006800000,3.74,3.756,3.734,3.734,82585.204076
1687010400000,3.733,3.735,3.69,3.713,219396.266254
1687014000000,3.711,3.726,3.689,3.716,119117.547795
1687017600000,3.717,3.754,3.701,3.749,73193.253987
1687021200000,3.749,3.757,3.718,3.731,100181.629546
1687024800000,3.73,3.741,3.729,3.734,31112.397812
1687028400000,3.735,3.735,3.709,3.713,23889.03895
1687032000000,3.714,3.714,3.693,3.708,24846.473811
1687035600000,3.709,3.714,3.703,3.709,17990.275545
1687039200000,3.71,3.729,3.71,3.725,24388.872205
1687042800000,3.725,3.727,3.7,3.705,42728.963563
1687046400000,3.707,3.707,3.644,3.658,274381.899053
1687050000000,3.659,3.687,3.658,3.684,74662.447243
1687053600000,3.684,3.696,3.678,3.682,52073.295604
1687057200000,3.682,3.701,3.678,3.69,36730.038182
1687060800000,3.69,3.71,3.682,3.703,110669.072307
1687064400000,3.703,3.716,3.69,3.69,74211.198557
1687068000000,3.691,3.695,3.671,3.686,76510.047803
1687071600000,3.687,3.707,3.674,3.681,98049.218766
1687075200000,3.681,3.698,3.67,3.691,59157.658968
1687078800000,3.691,3.706,3.68,3.703,54689.11175
1687082400000,3.703,3.703,3.688,3.693,38910.183522
1687086000000,3.693,3.693,3.676,3.689,53157.498317
1687089600000,3.69,3.7,3.674,3.692,55394.029735
1687093200000,3.691,3.7,3.688,3.69,81235.199601
1687096800000,3.693,3.732,3.686,3.731,101943.344485
1687100400000,3.731,3.733,3.713,3.725,45056.765907
1687104000000,3.725,3.747,3.717,3.744,46286.116802
1687107600000,3.747,3.756,3.73,3.738,78331.190186
1687111200000,3.737,3.737,3.72,3.732,47474.738229
1687114800000,3.733,3.734,3.722,3.726,27432.406888
1687118400000,3.73,3.73,3.63,3.688,304836.34886
1687122000000,3.688,3.704,3.675,3.677,46309.974344
1687125600000,3.677,3.696,3.677,3.679,32970.2688
1687129200000,3.677,3.69,3.654,3.683,93469.594232
1687132800000,3.683,3.692,3.631,3.661,118720.587072
1687136400000,3.658,3.684,3.657,3.669,47489.500612
1687140000000,3.669,3.688,3.664,3.686,60076.812394
1687143600000,3.688,3.688,3.664,3.669,49919.971847
1687147200000,3.671,3.678,3.662,3.674,38675.703314
1687150800000,3.674,3.684,3.666,3.681,54047.336622
1687154400000,3.681,3.692,3.677,3.679,37371.383386
1687158000000,3.679,3.687,3.671,3.676,59290.958472
1687161600000,3.677,3.684,3.662,3.667,76843.789497
1687165200000,3.668,3.675,3.656,3.669,65501.174532
1687168800000,3.669,3.669,3.647,3.648,100045.87917
1687172400000,3.647,3.665,3.646,3.651,66877.43353
1687176000000,3.652,3.667,3.647,3.657,115896.08548
1687179600000,3.657,3.663,3.646,3.646,101040.124276
1687183200000,3.646,3.646,3.603,3.621,136001.035173
1687186800000,3.621,3.627,3.601,3.625,43932.601517
1687190400000,3.623,3.623,3.58,3.608,153776.854202
1687194000000,3.611,3.656,3.605,3.648,90583.176071
1687197600000,3.648,3.701,3.625,3.633,252069.868291
1687201200000,3.633,3.667,3.601,3.664,92496.136748
1687204800000,3.667,3.688,3.665,3.681,72098.948267
1687208400000,3.681,3.686,3.663,3.686,36017.929923
1687212000000,3.687,3.695,3.676,3.677,27227.47224
1687215600000,3.678,3.689,3.665,3.687,78505.130212
1687219200000,3.687,3.715,3.677,3.705,95375.643402
1687222800000,3.706,3.724,3.681,3.685,120896.150822
1687226400000,3.685,3.699,3.68,3.694,41348.764163
1687230000000,3.694,3.699,3.688,3.693,51079.746718
1687233600000,3.692,3.699,3.692,3.697,27845.171363
1687237200000,3.698,3.706,3.677,3.681,55870.520208
1687240800000,3.682,3.706,3.676,3.695,97327.830795
1687244400000,3.695,3.703,3.688,3.688,44465.153958
1687248000000,3.688,3.695,3.665,3.668,119029.067458
1687251600000,3.667,3.683,3.654,3.667,106043.386544
1687255200000,3.665,3.685,3.663,3.665,34252.107905
1687258800000,3.665,3.688,3.658,3.687,34406.60374
1687262400000,3.687,3.698,3.657,3.661,60970.936224
1687266000000,3.663,3.673,3.629,3.635,135577.057255
1687269600000,3.634,3.634,3.592,3.611,253228.579263
1687273200000,3.611,3.667,3.608,3.654,119137.378367
1687276800000,3.654,3.682,3.64,3.671,123429.318772
1687280400000,3.672,3.746,3.666,3.725,225975.145146
1687284000000,3.725,3.787,3.723,3.774,318642.04632
1687287600000,3.775,3.796,3.741,3.796,146515.901639
1687291200000,3.797,3.816,3.774,3.793,121393.842563
1687294800000,3.793,3.797,3.743,3.75,197459.46788
1687298400000,3.75,3.773,3.749,3.768,117837.610433
1687302000000,3.769,3.795,3.763,3.784,190393.53269
1687305600000,3.785,3.839,3.769,3.82,291875.565114
1687309200000,3.818,3.9,3.818,3.853,456391.756598
1687312800000,3.853,3.862,3.831,3.853,166230.523092
1687316400000,3.851,3.855,3.831,3.846,84779.305237
1687320000000,3.847,3.852,3.826,3.852,93227.896532
1687323600000,3.85,3.894,3.843,3.892,106781.122217
1687327200000,3.893,3.897,3.837,3.85,279277.45239
1687330800000,3.851,3.859,3.83,3.831,227775.990613
1687334400000,3.83,3.836,3.779,3.803,248146.872416
1687338000000,3.804,3.831,3.8,3.819,106249.976789
1687341600000,3.818,3.818,3.76,3.771,332476.678644
1687345200000,3.772,3.801,3.762,3.79,139227.129831
1687348800000,3.792,3.809,3.754,3.757,135685.916651
1687352400000,3.756,3.805,3.747,3.785,120222.875491
1687356000000,3.785,3.832,3.765,3.83,311249.189641
1687359600000,3.828,3.858,3.811,3.824,301466.361452
1687363200000,3.824,3.949,3.812,3.858,864726.068531
1687366800000,3.86,3.904,3.824,3.897,230458.740979
1687370400000,3.894,3.928,3.888,3.906,191454.884082
1687374000000,3.906,3.908,3.86,3.882,188153.382985
1687377600000,3.886,3.896,3.851,3.871,148054.984297
1687381200000,3.872,3.88,3.838,3.866,116302.315338
1687384800000,3.867,3.942,3.86,3.933,146428.97971
1687388400000,3.931,3.975,3.921,3.921,223116.571891
1687392000000,3.921,4.027,3.912,4.002,363510.955673
1687395600000,4.001,4.062,3.983,4.056,286526.437317
1687399200000,4.06,4.091,4.045,4.077,249130.438343
1687402800000,4.077,4.078,4.029,4.043,190766.134952
1687406400000,4.044,4.045,4.011,4.038,107213.877977
1687410000000,4.039,4.04,3.988,4,133843.557916
1687413600000,4.001,4.013,3.954,4.003,317080.763694
1687417200000,4,4.038,3.993,4.037,145996.379455
1687420800000,4.038,4.041,3.989,4,138752.060595
1687424400000,4.002,4.021,3.987,4.006,52103.354883
1687428000000,4.006,4.03,3.996,4.008,52139.984678
1687431600000,4.007,4.011,3.84,3.905,953292.90983
1687435200000,3.906,3.988,3.899,3.965,110761.354693
1687438800000,3.964,3.989,3.95,3.961,72975.150306
1687442400000,3.959,3.983,3.864,3.895,364735.148962
1687446000000,3.895,3.929,3.878,3.906,201498.935529
1687449600000,3.906,3.96,3.9,3.926,316257.241428
1687453200000,3.925,3.977,3.921,3.975,155270.870369
1687456800000,3.975,4.013,3.946,3.961,137782.108425
1687460400000,3.958,3.968,3.94,3.962,41661.260829
1687464000000,3.963,3.966,3.929,3.953,35440.256354
1687467600000,3.956,3.959,3.922,3.946,48935.54272
1687471200000,3.946,3.952,3.907,3.912,82778.337608
1687474800000,3.911,3.937,3.904,3.923,68852.278667
1687478400000,3.921,3.975,3.921,3.957,112854.516445
1687482000000,3.958,3.968,3.945,3.951,93826.021711
1687485600000,3.951,3.97,3.926,3.97,205191.433094
1687489200000,3.97,3.972,3.957,3.959,66619.344767
1687492800000,3.959,3.961,3.948,3.951,28509.320313
1687496400000,3.952,3.984,3.944,3.971,132928.388655
1687500000000,3.971,3.989,3.965,3.973,146355.472741
1687503600000,3.973,3.979,3.945,3.977,122762.672902
1687507200000,3.978,4.06,3.964,4.015,244958.075062
1687510800000,4.014,4.015,3.967,4.001,223427.194058
1687514400000,4,4.001,3.962,3.987,86748.134379
1687518000000,3.987,4.015,3.985,4.002,76397.574304
1687521600000,4.001,4.014,3.944,3.984,135767.640591
1687525200000,3.985,4.012,3.941,3.974,185612.359448
1687528800000,3.973,3.996,3.95,3.981,238700.255167
1687532400000,3.983,4.077,3.978,4.063,563989.473077
1687536000000,4.063,4.149,4.03,4.086,1065965.239893
1687539600000,4.086,4.093,4.051,4.09,161710.924238
1687543200000,4.089,4.091,4.023,4.048,151701.535205
1687546800000,4.05,4.07,4.014,4.06,156117.546979
1687550400000,4.06,4.087,4.053,4.078,36649.130967
1687554000000,4.081,4.087,3.99,4.012,82004.216789
1687557600000,4.015,4.031,3.986,4.029,59826.756251
1687561200000,4.029,4.045,4.013,4.043,73418.401321
1687564800000,4.042,4.046,3.994,4.005,213442.074221
1687568400000,4.005,4.043,3.987,4.04,255011.922044
1687572000000,4.038,4.052,4.02,4.043,100703.874465
1687575600000,4.043,4.056,4.029,4.045,92097.51752
1687579200000,4.046,4.07,4.036,4.051,76030.588076
1687582800000,4.052,4.06,4.035,4.04,72803.178525
1687586400000,4.041,4.043,4.003,4.02,83607.588435
1687590000000,4.02,4.02,3.958,3.974,230657.681246
1687593600000,3.972,4.005,3.967,3.994,153549.418598
1687597200000,3.995,4.023,3.995,4.011,93220.52962
1687600800000,4.013,4.022,4.01,4.018,61378.891231
1687604400000,4.017,4.021,4.001,4.012,37985.427706
1687608000000,4.012,4.038,4.007,4.011,93924.831621
1687611600000,4.009,4.014,3.961,3.988,194825.873645
1687615200000,3.986,4.007,3.971,4,120054.010801
1687618800000,4,4.006,3.815,3.898,816396.213031
1687622400000,3.897,3.917,3.852,3.902,204963.560483
1687626000000,3.9,3.93,3.896,3.926,103794.687797
1687629600000,3.927,3.939,3.918,3.939,34179.725355
1687633200000,3.936,3.947,3.93,3.935,18402.981604
1687636800000,3.933,3.933,3.894,3.913,82019.518006
1687640400000,3.912,3.92,3.88,3.915,51151.289022
1687644000000,3.917,3.925,3.904,3.918,64707.913214
1687647600000,3.917,3.936,3.904,3.927,167492.008815
1687651200000,3.929,3.952,3.916,3.933,141601.79023
1687654800000,3.935,3.973,3.922,3.967,128764.36837
1687658400000,3.966,4.013,3.965,3.998,221130.688911
1687662000000,3.998,4.057,3.994,4.047,340727.71748
1687665600000,4.049,4.052,4.029,4.049,131084.221504
1687669200000,4.049,4.083,4.022,4.061,188313.323934
1687672800000,4.065,4.116,4.04,4.074,257381.23887
1687676400000,4.075,4.081,4.038,4.079,193329.858848
1687680000000,4.079,4.142,4.072,4.092,436295.497542
1687683600000,4.095,4.097,4.052,4.075,129847.034694
1687687200000,4.076,4.081,4.048,4.05,77974.150862
1687690800000,4.051,4.074,4.038,4.074,44603.406901
1687694400000,4.074,4.078,4.043,4.058,81520.889483
1687698000000,4.06,4.068,4.008,4.043,229905.197285
1687701600000,4.042,4.055,3.992,4.003,183627.551456
1687705200000,4,4.053,3.981,4.047,142440.378486
1687708800000,4.046,4.273,4.036,4.174,1146609.541385
1687712400000,4.173,4.175,4.086,4.088,292601.378163
1687716000000,4.088,4.094,4.055,4.081,92263.891948
1687719600000,4.079,4.079,4.014,4.042,141089.740683
1687723200000,4.04,4.06,4.022,4.043,81676.263041
1687726800000,4.042,4.06,4.039,4.053,32750.11059
1687730400000,4.051,4.136,4.046,4.135,98649.929328
1687734000000,4.135,4.155,4.101,4.121,120982.166621
1687737600000,4.121,4.155,4.064,4.078,218150.118141
1687741200000,4.075,4.076,3.988,4.032,592360.981372
1687744800000,4.032,4.051,4.015,4.047,137295.130338
1687748400000,4.048,4.073,4.046,4.065,150133.996732
1687752000000,4.067,4.076,4.033,4.044,103723.930083
1687755600000,4.042,4.044,3.972,4.011,190307.27855
1687759200000,4.011,4.049,3.993,4.045,94453.880318
1687762800000,4.047,4.073,4.029,4.064,183885.421629
1687766400000,4.062,4.07,4.035,4.065,74934.815003
1687770000000,4.065,4.074,4.041,4.044,75418.221812
1687773600000,4.044,4.054,4.006,4.044,82517.740565
1687777200000,4.044,4.057,4.039,4.05,40972.732326
1687780800000,4.048,4.055,4.013,4.055,56742.350956
1687784400000,4.055,4.107,4.043,4.103,163530.077413
1687788000000,4.103,4.108,4.013,4.034,206934.330778
1687791600000,4.035,4.046,4.02,4.036,86459.394362
1687795200000,4.033,4.039,3.892,3.951,596448.335521
1687798800000,3.951,3.971,3.929,3.948,186494.921114
1687802400000,3.947,3.967,3.936,3.962,37505.829731
1687806000000,3.961,3.973,3.942,3.968,57109.088176
1687809600000,3.967,3.981,3.941,3.945,31607.109116
1687813200000,3.945,3.953,3.9,3.907,46003.906285
1687816800000,3.906,3.957,3.89,3.954,80045.481894
1687820400000,3.954,3.965,3.946,3.957,75632.811443
1687824000000,3.959,3.973,3.942,3.963,73451.569719
1687827600000,3.963,3.995,3.944,3.993,89512.982496
1687831200000,3.995,4.034,3.988,4.033,113403.760957
1687834800000,4.034,4.044,4.01,4.013,112234.36043
1687838400000,4.013,4.025,3.998,4.01,99548.360001
1687842000000,4.013,4.025,3.986,4.019,76639.332096
1687845600000,4.02,4.02,3.988,4.011,74159.863416
1687849200000,4.009,4.061,4.007,4.043,126503.589331
1687852800000,4.049,4.057,4.02,4.025,70764.409405
1687856400000,4.025,4.034,4.009,4.019,61212.726591
1687860000000,4.02,4.062,4.02,4.052,122001.547427
1687863600000,4.051,4.055,4.023,4.041,56850.557375
1687867200000,4.043,4.078,4.042,4.06,73018.887627
1687870800000,4.059,4.06,4.024,4.037,104600.866755
1687874400000,4.037,4.075,4.023,4.033,191890.883292
1687878000000,4.032,4.035,3.962,3.979,464632.125594
1687881600000,3.978,4.033,3.967,4.031,146434.000214
1687885200000,4.031,4.043,4.007,4.031,69170.083889
1687888800000,4.031,4.05,4.03,4.037,90364.484247
1687892400000,4.035,4.04,4.022,4.027,40622.22401
1687896000000,4.026,4.039,4.014,4.03,45144.576671
1687899600000,4.029,4.043,4.016,4.033,39762.064429
1687903200000,4.035,4.043,4.01,4.01,36736.756029
1687906800000,4.01,4.03,4.005,4.028,78635.35244
1687910400000,4.029,4.04,3.967,4.009,464582.994385
1687914000000,4.008,4.039,3.975,3.998,161642.354977
1687917600000,3.996,4.007,3.964,3.972,104158.329493
1687921200000,3.971,4.021,3.97,4.013,124758.683059
1687924800000,4.013,4.017,3.985,3.993,99139.304661
1687928400000,3.993,3.996,3.975,3.981,115533.337969
1687932000000,3.981,3.981,3.938,3.953,167685.505291
1687935600000,3.953,3.967,3.835,3.878,528812.483221
1687939200000,3.879,3.905,3.865,3.903,235139.454277
1687942800000,3.902,3.927,3.896,3.914,63489.038224
1687946400000,3.915,3.925,3.907,3.92,44132.310472
1687950000000,3.92,3.935,3.918,3.924,60767.48529
1687953600000,3.924,3.945,3.886,3.895,189337.383697
1687957200000,3.894,3.929,3.879,3.922,143506.745913
1687960800000,3.921,3.963,3.909,3.937,92274.910696
1687964400000,3.937,3.952,3.929,3.946,48311.228945
1687968000000,3.946,3.955,3.916,3.916,41980.0197
1687971600000,3.919,3.92,3.847,3.859,129024.455134
1687975200000,3.86,3.877,3.851,3.865,38312.026124
1687978800000,3.865,3.89,3.63,3.731,838730.772305
1687982400000,3.733,3.76,3.703,3.744,194130.382096
1687986000000,3.743,3.756,3.725,3.748,117228.455477
1687989600000,3.748,3.772,3.744,3.764,85497.569383
1687993200000,3.764,3.786,3.763,3.771,80643.459212
1687996800000,3.772,3.806,3.767,3.78,114829.62999
1688000400000,3.778,3.817,3.771,3.784,94923.983557
1688004000000,3.783,3.787,3.767,3.773,84116.264911
1688007600000,3.773,3.791,3.762,3.786,48727.343512
1688011200000,3.788,3.797,3.781,3.795,36761.383497
1688014800000,3.794,3.818,3.789,3.79,70160.863264
1688018400000,3.791,3.808,3.79,3.798,48958.849092
1688022000000,3.796,3.826,3.79,3.813,75150.960213
1688025600000,3.814,3.819,3.806,3.812,31828.28138
1688029200000,3.813,3.842,3.805,3.839,104462.171588
1688032800000,3.837,3.874,3.822,3.867,171904.033045
1688036400000,3.867,3.886,3.857,3.884,76456.063668
1688040000000,3.884,3.891,3.854,3.857,89706.691327
1688043600000,3.86,3.896,3.834,3.856,143534.556713
1688047200000,3.854,3.875,3.826,3.838,124209.7518
1688050800000,3.838,3.865,3.821,3.849,75020.391038
1688054400000,3.851,3.88,3.824,3.825,83910.122059
1688058000000,3.827,3.845,3.805,3.814,84002.81319
1688061600000,3.816,3.844,3.805,3.839,33846.348485
1688065200000,3.839,3.854,3.819,3.852,68663.243894
1688068800000,3.852,3.857,3.793,3.806,88800.598194
1688072400000,3.804,3.827,3.799,3.817,32245.149072
1688076000000,3.817,3.848,3.815,3.83,23642.001206
1688079600000,3.83,3.854,3.818,3.832,36679.379581
1688083200000,3.833,3.85,3.824,3.838,74311.655636
1688086800000,3.835,3.843,3.802,3.836,105373.171998
1688090400000,3.837,3.925,3.832,3.914,210727.76956
1688094000000,3.914,3.98,3.903,3.96,419470.475747
1688097600000,3.96,4.033,3.921,3.975,370407.313254
1688101200000,3.974,4.004,3.928,3.948,146163.435199
1688104800000,3.951,3.962,3.923,3.942,122818.563315
1688108400000,3.941,3.963,3.921,3.946,106781.608247
1688112000000,3.947,3.996,3.926,3.98,164643.935172
1688115600000,3.981,3.999,3.956,3.971,120994.678177
1688119200000,3.97,4.03,3.969,4.029,164193.092934
1688122800000,4.029,4.037,3.985,4.007,184849.089646
1688126400000,4.009,4.035,3.994,4.027,189474.676968
1688130000000,4.028,4.04,3.557,3.774,2259956.312182
1688133600000,3.773,3.827,3.726,3.793,411920.761464
1688137200000,3.796,3.828,3.791,3.822,140043.12141
1688140800000,3.822,3.948,3.803,3.919,486782.321129
1688144400000,3.924,3.994,3.922,3.966,293779.045873
1688148000000,3.966,3.98,3.882,3.931,198895.191504
1688151600000,3.932,3.935,3.905,3.926,80639.015627
1688155200000,3.925,3.942,3.908,3.915,42933.147969
1688158800000,3.916,3.944,3.897,3.934,85724.559404
1688162400000,3.939,3.95,3.933,3.938,74054.049503
1688166000000,3.942,3.97,3.937,3.949,97368.990482
1688169600000,3.949,3.999,3.944,3.969,156550.903401
1688173200000,3.967,4.025,3.936,4.005,429624.10448
1688176800000,4.004,4.015,3.959,3.972,203803.823991
1688180400000,3.97,3.982,3.954,3.981,130832.56556
1688184000000,3.982,3.986,3.908,3.946,188629.472325
1688187600000,3.948,3.951,3.93,3.948,80418.054226
1688191200000,3.947,3.97,3.934,3.97,110861.019205
1688194800000,3.97,4.007,3.954,3.996,127459.185182
1688198400000,3.996,4.005,3.967,3.978,125030.293233
1688202000000,3.977,4,3.974,3.984,107766.947775
1688205600000,3.986,4.015,3.968,3.978,166416.00329
1688209200000,3.979,4.024,3.979,4.018,155347.807704
1688212800000,4.019,4.027,3.992,3.997,107661.643449
1688216400000,3.998,4.098,3.989,4.063,559458.396258
1688220000000,4.064,4.256,4.048,4.139,1362466.101369
1688223600000,4.14,4.153,4.107,4.136,336481.032046
1688227200000,4.136,4.147,4.061,4.088,272067.933771
1688230800000,4.084,4.084,4.043,4.059,93923.757675
1688234400000,4.059,4.073,4.048,4.068,57287.479545
1688238000000,4.068,4.077,4.046,4.046,72421.889689
1688241600000,4.046,4.058,4.035,4.053,73528.483832
1688245200000,4.053,4.058,4.038,4.056,57966.621877
1688248800000,4.056,4.081,4.042,4.063,70785.922358
1688252400000,4.064,4.109,4.061,4.107,107857.25062
1688256000000,4.105,4.11,4.047,4.077,271827.954922
1688259600000,4.074,4.094,4.065,4.072,101322.793487
1688263200000,4.07,4.07,4.012,4.056,289740.384186
1688266800000,4.057,4.059,3.997,4.018,249496.431857
1688270400000,4.017,4.049,4,4.041,126825.393829
1688274000000,4.044,4.067,4.041,4.05,123943.18829
1688277600000,4.05,4.059,4.034,4.037,65897.645432
1688281200000,4.037,4.07,4.033,4.068,91068.016753
1688284800000,4.066,4.067,4.008,4.012,171045.92326
1688288400000,4.011,4.038,4.011,4.017,98852.145945
1688292000000,4.019,4.03,4.012,4.021,114774.518464
1688295600000,4.02,4.057,4.018,4.052,73912.063374
1688299200000,4.052,4.112,4.03,4.069,390806.447058
1688302800000,4.07,4.095,4.043,4.055,207669.966411
1688306400000,4.053,4.08,4.034,4.075,140232.797355
1688310000000,4.075,4.083,3.94,4.062,645645.606982
1688313600000,4.061,4.115,4.057,4.092,385369.528939
1688317200000,4.094,4.103,4.018,4.029,172949.41029
1688320800000,4.028,4.056,4.003,4.055,69999.639258
1688324400000,4.052,4.058,4.043,4.057,17194.712823
1688328000000,4.057,4.064,4.038,4.055,35491.262075
1688331600000,4.055,4.079,4.05,4.053,41731.977039
1688335200000,4.055,4.125,4.053,4.112,309795.866931
1688338800000,4.113,4.13,4.092,4.109,161999.644085
1688342400000,4.11,4.113,4.076,4.091,128005.80563
1688346000000,4.091,4.247,4.087,4.22,786706.136003
1688349600000,4.221,4.73,4.215,4.668,4231741.16569
1688353200000,4.668,4.795,4.459,4.745,3904882.567859
1688356800000,4.745,4.827,4.714,4.795,1374047.442768
1688360400000,4.793,4.8,4.678,4.691,942862.191287
1688364000000,4.691,4.74,4.651,4.687,539558.963514
1688367600000,4.688,4.721,4.585,4.702,922436.248616
1688371200000,4.703,4.713,4.635,4.655,418256.600157
1688374800000,4.656,4.736,4.65,4.682,252871.43053
1688378400000,4.681,4.785,4.653,4.741,439778.666535
1688382000000,4.743,4.766,4.675,4.679,235700.194504
1688385600000,4.68,4.883,4.636,4.872,1162270.668309
1688389200000,4.872,4.897,4.689,4.761,1333088.17395
1688392800000,4.762,4.95,4.721,4.875,1414838.933776
1688396400000,4.873,4.913,4.722,4.785,930725.352892
1688400000000,4.784,4.869,4.701,4.799,968026.392268
1688403600000,4.802,4.869,4.783,4.852,361464.743724
1688407200000,4.853,4.87,4.794,4.845,296271.367509
1688410800000,4.843,4.901,4.782,4.865,581206.381188
1688414400000,4.864,4.871,4.781,4.827,103875.767185
1688418000000,4.827,4.827,4.733,4.74,138543.753899
1688421600000,4.74,4.77,4.722,4.726,239204.322371
1688425200000,4.726,4.75,4.702,4.737,356379.160381
1688428800000,4.738,4.764,4.655,4.67,294093.737287
1688432400000,4.672,4.712,4.613,4.633,368198.378239
1688436000000,4.633,4.672,4.633,4.655,276948.731516
1688439600000,4.653,4.654,4.602,4.635,338011.181641
1688443200000,4.635,4.635,4.535,4.582,485493.221144
1688446800000,4.583,4.596,4.558,4.592,207686.513545
1688450400000,4.589,4.612,4.568,4.584,157038.853462
1688454000000,4.586,4.589,4.545,4.551,88486.00773
1688457600000,4.551,4.625,4.551,4.616,299799.55858
1688461200000,4.616,4.616,4.57,4.607,132277.206078
1688464800000,4.608,4.622,4.585,4.606,90313.819198
1688468400000,4.606,4.623,4.597,4.62,82443.638321
1688472000000,4.62,4.622,4.588,4.609,96121.664214
1688475600000,4.611,4.621,4.592,4.608,87289.287389
1688479200000,4.61,4.708,4.61,4.622,266567.261466
1688482800000,4.621,4.651,4.557,4.638,287761.419058
1688486400000,4.637,4.72,4.585,4.603,420321.098759
1688490000000,4.602,4.629,4.556,4.599,217154.20272
1688493600000,4.598,4.609,4.561,4.567,71504.356574
1688497200000,4.567,4.569,4.422,4.538,607820.37763
1688500800000,4.537,4.558,4.531,4.546,163069.34492
1688504400000,4.547,4.568,4.54,4.568,30495.358013
1688508000000,4.568,4.59,4.557,4.588,60421.413921
1688511600000,4.589,4.591,4.535,4.544,167140.388795
1688515200000,4.547,4.573,4.531,4.537,134594.353358
1688518800000,4.537,4.59,4.533,4.551,78208.229227
1688522400000,4.552,4.587,4.544,4.572,95571.684054
1688526000000,4.573,4.585,4.565,4.58,39654.335687
1688529600000,4.578,4.581,4.545,4.552,61803.488756
1688533200000,4.551,4.575,4.551,4.572,75255.28448
1688536800000,4.573,4.655,4.565,4.608,157455.337019
1688540400000,4.608,4.717,4.606,4.69,463287.724913
1688544000000,4.688,4.704,4.503,4.566,1051353.408835
1688547600000,4.563,4.579,4.526,4.532,194832.025322
1688551200000,4.533,4.563,4.316,4.411,1292026.526793
1688554800000,4.41,4.71,4.397,4.53,1384464.954932
1688558400000,4.529,4.608,4.5,4.566,381220.718559
1688562000000,4.569,4.676,4.554,4.671,514045.509845
1688565600000,4.671,4.692,4.601,4.657,350617.107275
1688569200000,4.659,4.741,4.562,4.731,958820.380662
1688572800000,4.733,4.773,4.612,4.664,661914.77946
1688576400000,4.664,4.742,4.65,4.696,331841.061447
1688580000000,4.697,4.755,4.672,4.723,371845.056338
1688583600000,4.721,4.765,4.696,4.743,298856.361686
1688587200000,4.742,4.83,4.732,4.797,286878.113081
1688590800000,4.796,4.8,4.559,4.609,532086.819331
1688594400000,4.607,4.644,4.594,4.601,193535.975501
1688598000000,4.602,4.648,4.595,4.6,160692.85151
1688601600000,4.6,4.601,4.555,4.591,154544.97547
1688605200000,4.59,4.644,4.542,4.644,225365.470421
1688608800000,4.644,4.675,4.604,4.614,251182.816158
1688612400000,4.614,4.624,4.591,4.608,60915.037643
1688616000000,4.608,4.611,4.563,4.566,98422.136846
1688619600000,4.566,4.609,4.555,4.604,252588.455483
1688623200000,4.607,4.628,4.585,4.617,161840.621781
1688626800000,4.617,4.639,4.589,4.602,148258.200005
1688630400000,4.603,4.672,4.588,4.657,283709.798456
1688634000000,4.66,4.69,4.607,4.621,281515.987307
1688637600000,4.623,4.652,4.606,4.646,159809.290332
1688641200000,4.649,4.65,4.526,4.569,308025.794901
1688644800000,4.568,4.574,4.42,4.502,743601.381592
1688648400000,4.502,4.526,4.452,4.478,244387.506534
1688652000000,4.476,4.51,4.385,4.433,565408.492381
1688655600000,4.433,4.49,4.407,4.488,238484.363308
1688659200000,4.485,4.5,4.425,4.447,152559.367782
1688662800000,4.446,4.473,4.439,4.469,76635.196648
1688666400000,4.473,4.493,4.407,4.447,297376.072195
1688670000000,4.447,4.447,4.35,4.379,206271.369063
1688673600000,4.378,4.412,4.377,4.393,104045.82457
1688677200000,4.393,4.396,4.35,4.377,124280.982684
1688680800000,4.377,4.397,4.36,4.381,61561.11801
1688684400000,4.381,4.381,4.31,4.317,321265.897209
1688688000000,4.317,4.368,4.26,4.368,411372.703803
1688691600000,4.368,4.393,4.36,4.389,104661.837424
1688695200000,4.393,4.407,4.382,4.394,119216.563614
1688698800000,4.394,4.421,4.374,4.408,85607.158989
1688702400000,4.408,4.417,4.384,4.404,96749.434546
1688706000000,4.404,4.439,4.367,4.408,65007.145079
1688709600000,4.408,4.411,4.383,4.392,100276.924107
1688713200000,4.393,4.426,4.392,4.409,119914.981899
1688716800000,4.408,4.429,4.375,4.397,71166.297412
1688720400000,4.401,4.421,4.388,4.407,39673.608406
1688724000000,4.408,4.413,4.382,4.392,48791.053309
1688727600000,4.398,4.413,4.388,4.392,38521.349182
1688731200000,4.391,4.447,4.36,4.407,225371.0182
1688734800000,4.404,4.452,4.379,4.449,76582.420151
1688738400000,4.449,4.459,4.416,4.443,129200.197224
1688742000000,4.44,4.46,4.418,4.451,70272.032785
1688745600000,4.449,4.458,4.42,4.429,59081.349932
1688749200000,4.426,4.433,4.405,4.424,64813.681614
1688752800000,4.425,4.431,4.386,4.399,79494.898044
1688756400000,4.401,4.423,4.397,4.409,46529.964101
1688760000000,4.41,4.41,4.372,4.378,259858.97796
1688763600000,4.377,4.384,4.358,4.365,217335.94126
1688767200000,4.366,4.393,4.356,4.393,41390.277598
1688770800000,4.393,4.405,4.388,4.404,43694.235329
1688774400000,4.404,4.415,4.38,4.415,72691.563486
1688778000000,4.414,4.434,4.395,4.415,92182.397996
1688781600000,4.416,4.433,4.406,4.424,77422.244981
1688785200000,4.424,4.424,4.388,4.392,61807.628061
1688788800000,4.392,4.397,4.354,4.373,153021.580527
1688792400000,4.373,4.373,4.33,4.368,150759.165395
1688796000000,4.367,4.378,4.351,4.351,55097.155667
1688799600000,4.35,4.375,4.347,4.37,32950.788007
1688803200000,4.37,4.411,4.364,4.399,60971.948302
1688806800000,4.401,4.404,4.373,4.386,49246.060976
1688810400000,4.389,4.392,4.374,4.378,34693.375363
1688814000000,4.379,4.385,4.336,4.361,98046.282568
1688817600000,4.361,4.37,4.344,4.358,52100.518581
1688821200000,4.359,4.403,4.359,4.39,115449.627957
1688824800000,4.394,4.397,4.369,4.373,66693.72625
1688828400000,4.374,4.375,4.352,4.36,104010.260602
1688832000000,4.361,4.389,4.353,4.374,101061.653545
1688835600000,4.373,4.373,4.34,4.35,51345.360023
1688839200000,4.35,4.35,4.324,4.336,45487.524862
1688842800000,4.336,4.338,4.261,4.272,201980.096658
1688846400000,4.273,4.278,4.22,4.275,151377.541309
1688850000000,4.276,4.297,4.259,4.297,60106.409353
1688853600000,4.298,4.341,4.291,4.341,31793.397288
1688857200000,4.341,4.356,4.333,4.338,61830.315561
1688860800000,4.338,4.366,4.317,4.362,116987.980655
1688864400000,4.36,4.398,4.357,4.375,150273.104062
1688868000000,4.376,4.381,4.354,4.37,56144.226605
1688871600000,4.371,4.375,4.356,4.365,68250.242104
1688875200000,4.366,4.378,4.352,4.363,50450.426697
1688878800000,4.363,4.378,4.359,4.368,45623.148884
1688882400000,4.367,4.383,4.351,4.372,77485.056868
1688886000000,4.37,4.383,4.354,4.366,95617.63124
1688889600000,4.365,4.377,4.352,4.37,97734.629427
1688893200000,4.371,4.371,4.346,4.356,48496.151415
1688896800000,4.356,4.36,4.34,4.341,40747.701184
1688900400000,4.342,4.345,4.324,4.328,67934.40229
1688904000000,4.329,4.358,4.32,4.354,43829.376558
1688907600000,4.355,4.364,4.343,4.352,52395.38142
1688911200000,4.352,4.43,4.333,4.398,205825.918355
1688914800000,4.4,4.426,4.363,4.367,107889.745574
1688918400000,4.369,4.385,4.341,4.351,104908.923246
1688922000000,4.349,4.364,4.338,4.357,41534.591808
1688925600000,4.358,4.367,4.348,4.348,25006.491028
1688929200000,4.347,4.363,4.338,4.363,27140.119578
1688932800000,4.36,4.365,4.324,4.346,24900.572369
1688936400000,4.346,4.36,4.335,4.343,16302.521568
1688940000000,4.341,4.37,4.318,4.362,57135.725221
1688943600000,4.362,4.362,4.321,4.337,53056.910472
1688947200000,4.338,4.34,4.164,4.234,674408.301764
1688950800000,4.233,4.247,4.202,4.208,114073.962932
1688954400000,4.209,4.248,4.206,4.244,102635.327442
1688958000000,4.245,4.263,4.221,4.226,71369.449162
1688961600000,4.226,4.238,4.209,4.212,77027.498537
1688965200000,4.214,4.224,4.176,4.184,119914.938292
1688968800000,4.184,4.198,4.17,4.184,161646.968401
1688972400000,4.183,4.208,4.183,4.201,80720.252712
1688976000000,4.201,4.201,4.143,4.173,248650.819395
1688979600000,4.172,4.223,4.156,4.213,165143.40189
1688983200000,4.213,4.241,4.211,4.223,74586.383874
1688986800000,4.226,4.251,4.225,4.251,49742.416272
1688990400000,4.251,4.263,4.216,4.223,109595.734696
1688994000000,4.223,4.255,4.22,4.237,64766.258603
1688997600000,4.237,4.271,4.228,4.261,105775.509303
1689001200000,4.262,4.273,4.245,4.258,48258.678203
1689004800000,4.26,4.285,4.244,4.281,57778.05138
1689008400000,4.282,4.322,4.274,4.293,117938.191901
1689012000000,4.294,4.366,4.291,4.358,130180.433198
1689015600000,4.36,4.38,4.335,4.378,218681.656713
1689019200000,4.379,4.416,4.363,4.379,125527.809593
1689022800000,4.378,4.382,4.308,4.311,88862.660794
1689026400000,4.31,4.325,4.274,4.3,165058.832941
1689030000000,4.302,4.322,4.301,4.32,43462.640643
1689033600000,4.32,4.346,4.288,4.301,74886.560363
1689037200000,4.304,4.335,4.297,4.321,63910.240217
1689040800000,4.322,4.338,4.307,4.315,55987.791902
1689044400000,4.315,4.335,4.307,4.332,45104.352877
1689048000000,4.331,4.343,4.313,4.314,45204.946939
1689051600000,4.317,4.32,4.301,4.307,42065.6346
1689055200000,4.308,4.346,4.306,4.341,118501.937525
1689058800000,4.34,4.342,4.324,4.326,30635.270467
1689062400000,4.325,4.339,4.316,4.317,67638.907373
1689066000000,4.316,4.324,4.287,4.302,80882.365503
1689069600000,4.303,4.311,4.285,4.302,72937.369418
1689073200000,4.301,4.308,4.293,4.301,19186.807613
1689076800000,4.301,4.301,4.279,4.283,191516.057848
1689080400000,4.284,4.292,4.249,4.266,156522.418587
1689084000000,4.266,4.305,4.236,4.289,114034.549301
1689087600000,4.29,4.326,4.278,4.291,99909.669382
1689091200000,4.292,4.296,4.261,4.283,45501.913807
1689094800000,4.28,4.294,4.264,4.27,16184.290964
1689098400000,4.269,4.271,4.222,4.234,86908.805334
1689102000000,4.234,4.24,4.215,4.235,22538.714488
1689105600000,4.235,4.253,4.235,4.25,20754.501546
1689109200000,4.253,4.261,4.243,4.259,14967.530227
1689112800000,4.258,4.28,4.258,4.28,19837.516018
1689116400000,4.281,4.298,4.281,4.298,37074.853859
1689120000000,4.298,4.3,4.278,4.282,93919.778583
1689123600000,4.285,4.336,4.285,4.318,190508.451576
1689127200000,4.318,4.319,4.291,4.298,194365.947454
1689130800000,4.299,4.301,4.286,4.289,68479.14868
1689134400000,4.289,4.293,4.275,4.288,75974.878942
1689138000000,4.289,4.308,4.287,4.297,47417.797397
1689141600000,4.298,4.323,4.279,4.308,84052.946173
1689145200000,4.31,4.339,4.304,4.312,117335.348134
1689148800000,4.312,4.32,4.281,4.301,72152.875546
1689152400000,4.302,4.315,4.294,4.312,39116.707066
1689156000000,4.31,4.323,4.293,4.3,124298.755794
1689159600000,4.298,4.308,4.293,4.304,28479.578795
1689163200000,4.304,4.36,4.283,4.307,255955.811348
1689166800000,4.308,4.337,4.254,4.294,222644.573279
1689170400000,4.293,4.324,4.291,4.305,143510.036781
1689174000000,4.305,4.339,4.281,4.29,177534.912517
1689177600000,4.29,4.29,4.23,4.281,222802.84286
1689181200000,4.281,4.292,4.267,4.268,38374.048782
1689184800000,4.267,4.285,4.264,4.277,34567.234127
1689188400000,4.275,4.275,4.177,4.192,339628.278567
1689192000000,4.19,4.221,4.185,4.214,74209.483518
1689195600000,4.214,4.214,4.187,4.206,70922.609707
1689199200000,4.205,4.222,4.203,4.222,14988.896851
1689202800000,4.222,4.246,4.221,4.236,95862.119091
1689206400000,4.238,4.25,4.215,4.219,49635.442445
1689210000000,4.22,4.233,4.202,4.228,53843.852559
1689213600000,4.227,4.233,4.207,4.212,46613.813043
1689217200000,4.211,4.213,4.188,4.198,88208.411301
1689220800000,4.199,4.214,4.188,4.211,127659.02937
1689224400000,4.212,4.23,4.2,4.228,39601.375063
1689228000000,4.228,4.241,4.224,4.23,57211.49622
1689231600000,4.23,4.239,4.218,4.221,129439.711381
1689235200000,4.223,4.235,4.215,4.228,56401.256516
1689238800000,4.23,4.275,4.229,4.269,140464.249012
1689242400000,4.272,4.276,4.257,4.269,161856.577113
1689246000000,4.27,4.27,4.242,4.258,62487.893091
1689249600000,4.259,4.263,4.224,4.239,106715.620283
1689253200000,4.24,4.263,4.237,4.263,75304.365926
1689256800000,4.264,4.267,4.235,4.246,41048.637392
1689260400000,4.246,4.513,4.236,4.429,1219347.896798
1689264000000,4.433,4.585,4.422,4.473,1326518.03171
1689267600000,4.473,4.585,4.466,4.534,565740.836548
1689271200000,4.537,4.625,4.505,4.543,572136.094554
1689274800000,4.542,4.614,4.538,4.601,174648.841105
1689278400000,4.6,4.61,4.546,4.56,153975.388928
1689282000000,4.561,4.58,4.515,4.557,170292.389195
1689285600000,4.554,4.593,4.553,4.567,102735.868078
1689289200000,4.569,4.712,4.569,4.673,669325.102627
1689292800000,4.672,4.74,4.638,4.719,578579.236779
1689296400000,4.719,4.719,4.623,4.671,410634.627742
1689300000000,4.671,4.704,4.649,4.649,336684.44017
1689303600000,4.65,4.671,4.62,4.639,164328.834089
1689307200000,4.639,4.664,4.629,4.645,96160.930164
1689310800000,4.643,4.65,4.61,4.642,163126.490862
1689314400000,4.643,4.661,4.614,4.614,132826.485219
1689318000000,4.615,4.653,4.581,4.597,464669.334392
1689321600000,4.598,4.643,4.59,4.629,145399.703162
1689325200000,4.629,4.631,4.563,4.606,127871.940622
1689328800000,4.606,4.611,4.566,4.588,177805.931291
1689332400000,4.586,4.599,4.57,4.592,76981.430525
1689336000000,4.592,4.597,4.556,4.574,167931.024485
1689339600000,4.573,4.627,4.564,4.613,245257.187712
1689343200000,4.613,4.627,4.588,4.624,190771.471223
1689346800000,4.622,4.682,4.619,4.672,247343.060589
1689350400000,4.669,4.742,4.57,4.639,797809.6932
1689354000000,4.635,4.635,4.497,4.525,689248.009008
1689357600000,4.529,4.566,4.292,4.358,1458805.164029
1689361200000,4.358,4.408,4.321,4.371,245749.265032
1689364800000,4.369,4.418,4.343,4.392,144935.142856
1689368400000,4.392,4.424,4.386,4.422,64087.45949
1689372000000,4.423,4.429,4.362,4.376,232226.969524
1689375600000,4.378,4.438,4.378,4.437,190140.423727
1689379200000,4.434,4.436,4.396,4.431,122132.689382
1689382800000,4.431,4.446,4.412,4.421,82254.669727
1689386400000,4.422,4.425,4.396,4.403,100029.974852
1689390000000,4.403,4.41,4.378,4.389,106232.574268
1689393600000,4.389,4.409,4.386,4.394,34059.726394
1689397200000,4.394,4.405,4.385,4.401,51365.43737
1689400800000,4.402,4.43,4.391,4.429,62489.149858
1689404400000,4.429,4.481,4.427,4.477,247725.555797
1689408000000,4.479,4.504,4.448,4.479,125336.804801
1689411600000,4.479,4.499,4.475,4.486,63750.324588
1689415200000,4.486,4.499,4.454,4.457,107561.744662
1689418800000,4.461,4.465,4.443,4.452,56999.427371
1689422400000,4.45,4.473,4.448,4.46,87048.537446
1689426000000,4.461,4.461,4.417,4.446,89754.126498
1689429600000,4.447,4.45,4.422,4.43,35173.653306
1689433200000,4.429,4.445,4.407,4.416,98993.802194
1689436800000,4.417,4.417,4.378,4.409,174876.721215
1689440400000,4.411,4.428,4.402,4.407,37842.080902
1689444000000,4.412,4.449,4.407,4.438,33634.626008
1689447600000,4.438,4.452,4.432,4.437,49934.989225
1689451200000,4.435,4.439,4.423,4.438,27303.267974
1689454800000,4.439,4.439,4.403,4.411,17386.578696
1689458400000,4.412,4.427,4.4,4.423,30451.335903
1689462000000,4.423,4.438,4.415,4.437,42639.253898
1689465600000,4.437,4.45,4.422,4.441,67731.835353
1689469200000,4.442,4.461,4.432,4.439,57776.015007
1689472800000,4.439,4.443,4.327,4.391,427234.17799
1689476400000,4.392,4.396,4.373,4.375,64295.468623
1689480000000,4.375,4.386,4.367,4.379,67487.847846
1689483600000,4.378,4.402,4.377,4.39,28523.42665
1689487200000,4.39,4.407,4.375,4.394,37266.370812
1689490800000,4.394,4.404,4.389,4.391,27829.182242
1689494400000,4.393,4.405,4.39,4.399,26939.505718
1689498000000,4.4,4.424,4.399,4.421,66218.299385
1689501600000,4.423,4.456,4.408,4.419,127765.987936
1689505200000,4.419,4.439,4.404,4.431,63058.878091
1689508800000,4.431,4.443,4.42,4.424,57229.772146
1689512400000,4.425,4.45,4.416,4.442,51261.203224
1689516000000,4.441,4.465,4.435,4.451,150772.728914
1689519600000,4.452,4.46,4.433,4.44,65704.016808
1689523200000,4.44,4.446,4.421,4.434,95379.048064
1689526800000,4.434,4.445,4.425,4.439,57129.150371
1689530400000,4.44,4.44,4.395,4.397,91447.119786
1689534000000,4.398,4.4,4.337,4.342,231217.778619
1689537600000,4.339,4.359,4.305,4.346,178882.581126
1689541200000,4.345,4.38,4.341,4.371,68315.541756
1689544800000,4.37,4.403,4.36,4.386,173870.628278
1689548400000,4.389,4.395,4.319,4.353,142259.333837
1689552000000,4.353,4.39,4.333,4.38,96506.566758
1689555600000,4.376,4.413,4.368,4.4,79449.590866
1689559200000,4.401,4.404,4.386,4.387,63937.759881
1689562800000,4.388,4.417,4.384,4.409,111005.002911
1689566400000,4.41,4.432,4.389,4.429,87123.194113
1689570000000,4.43,4.482,4.411,4.414,314448.838385
1689573600000,4.413,4.421,4.381,4.413,132381.922356
1689577200000,4.411,4.416,4.398,4.409,63158.865847
1689580800000,4.408,4.435,4.39,4.413,104078.169972
1689584400000,4.412,4.424,4.344,4.36,166422.852
1689588000000,4.362,4.381,4.215,4.319,441593.54726
1689591600000,4.32,4.354,4.314,4.321,46410.038035
1689595200000,4.323,4.329,4.238,4.31,409549.426997
1689598800000,4.31,4.345,4.3,4.342,104936.196846
1689602400000,4.342,4.352,4.317,4.341,41153.252691
1689606000000,4.343,4.347,4.293,4.314,98380.450069
1689609600000,4.314,4.349,4.277,4.295,182620.217045
1689613200000,4.293,4.313,4.214,4.273,215124.03975
1689616800000,4.271,4.294,4.232,4.272,106371.877052
1689620400000,4.272,4.304,4.265,4.3,52230.858212
1689624000000,4.298,4.319,4.277,4.289,14346.673909
1689627600000,4.288,4.35,4.286,4.347,56307.902577
1689631200000,4.349,4.351,4.332,4.333,33798.579798
1689634800000,4.335,4.358,4.329,4.343,38521.283818
1689638400000,4.347,4.382,4.344,4.368,79461.8153
1689642000000,4.365,4.38,4.356,4.376,47154.601003
1689645600000,4.377,4.389,4.337,4.341,98863.612607
1689649200000,4.341,4.355,4.336,4.344,56633.96184
1689652800000,4.345,4.354,4.325,4.343,64501.326268
1689656400000,4.345,4.345,4.324,4.325,53634.464991
1689660000000,4.324,4.327,4.243,4.277,224061.924968
1689663600000,4.278,4.306,4.269,4.295,103496.574132
1689667200000,4.294,4.318,4.257,4.293,126970.940381
1689670800000,4.293,4.315,4.284,4.295,43722.136035
1689674400000,4.295,4.317,4.286,4.309,78042.562935
1689678000000,4.307,4.322,4.254,4.265,143741.403823
1689681600000,4.262,4.282,4.23,4.27,124032.615322
1689685200000,4.269,4.287,4.26,4.275,61972.228201
1689688800000,4.276,4.312,4.27,4.297,104461.164473
1689692400000,4.297,4.297,4.261,4.278,56384.541024
1689696000000,4.277,4.298,4.167,4.217,313300.160235
1689699600000,4.218,4.239,4.21,4.239,72053.571208
1689703200000,4.24,4.276,4.234,4.262,18304.543354
1689706800000,4.262,4.271,4.229,4.243,92002.336085
1689710400000,4.243,4.257,4.233,4.246,29854.353329
1689714000000,4.246,4.271,4.241,4.264,22237.419396
1689717600000,4.263,4.286,4.256,4.274,38651.858634
1689721200000,4.275,4.283,4.264,4.281,50215.012923
1689724800000,4.28,4.325,4.264,4.32,132831.510334
1689728400000,4.322,4.341,4.309,4.34,142101.222231
1689732000000,4.341,4.37,4.328,4.366,113814.345596
1689735600000,4.367,4.395,4.348,4.361,276991.724649
1689739200000,4.362,4.383,4.349,4.353,92362.789012
1689742800000,4.353,4.365,4.347,4.36,46070.902853
1689746400000,4.358,4.363,4.328,4.336,72741.514015
1689750000000,4.336,4.347,4.321,4.327,43334.221261
1689753600000,4.328,4.332,4.288,4.299,121514.144128
1689757200000,4.295,4.319,4.285,4.314,109528.136559
1689760800000,4.315,4.323,4.306,4.311,20671.703453
1689764400000,4.311,4.323,4.3,4.319,89199.473744
1689768000000,4.319,4.326,4.286,4.305,49494.381129
1689771600000,4.303,4.339,4.277,4.314,76573.382749
1689775200000,4.315,4.321,4.247,4.264,128107.458721
1689778800000,4.264,4.303,4.252,4.297,41775.076087
1689782400000,4.297,4.298,4.267,4.272,41240.892352
1689786000000,4.271,4.338,4.265,4.305,75308.974487
1689789600000,4.307,4.317,4.291,4.317,48391.986558
1689793200000,4.318,4.324,4.306,4.308,49227.593387
1689796800000,4.309,4.309,4.265,4.269,256762.657567
1689800400000,4.267,4.27,4.214,4.27,117595.728402
1689804000000,4.267,4.273,4.245,4.261,87153.66239
1689807600000,4.261,4.275,4.248,4.256,52924.31483
1689811200000,4.258,4.278,4.236,4.276,71602.421952
1689814800000,4.277,4.294,4.277,4.288,46933.046173
1689818400000,4.29,4.32,4.289,4.295,65102.487326
1689822000000,4.299,4.302,4.269,4.272,58973.898134
1689825600000,4.274,4.287,4.26,4.267,52322.774427
1689829200000,4.268,4.314,4.261,4.312,75166.679423
1689832800000,4.312,4.315,4.284,4.298,112851.220303
1689836400000,4.299,4.321,4.293,4.316,113785.815071
1689840000000,4.316,4.355,4.31,4.343,139038.725236
1689843600000,4.343,4.364,4.325,4.344,128401.841443
1689847200000,4.345,4.37,4.341,4.35,106484.791402
1689850800000,4.35,4.362,4.341,4.346,85048.734142
1689854400000,4.35,4.358,4.307,4.314,165301.389465
1689858000000,4.314,4.437,4.312,4.392,345640.465889
1689861600000,4.393,4.585,4.393,4.45,2325948.946267
1689865200000,4.445,4.518,4.376,4.417,549920.839291
1689868800000,4.416,4.462,4.395,4.416,443324.945896
1689872400000,4.416,4.464,4.416,4.431,158944.288149
1689876000000,4.431,4.431,4.353,4.362,97217.689371
1689879600000,4.362,4.389,4.354,4.38,51767.85388
1689883200000,4.379,4.397,4.346,4.37,156386.466932
1689886800000,4.368,4.44,4.367,4.43,104720.242395
1689890400000,4.424,4.451,4.414,4.45,60706.27355
1689894000000,4.447,4.462,4.427,4.444,88655.084116
1689897600000,4.441,4.453,4.396,4.431,129944.127044
1689901200000,4.431,4.549,4.427,4.546,337153.921943
1689904800000,4.545,4.545,4.499,4.5,242261.45626
1689908400000,4.499,4.51,4.49,4.502,296358.949979
1689912000000,4.502,4.508,4.469,4.471,181624.179812
1689915600000,4.472,4.483,4.45,4.467,130492.687885
1689919200000,4.468,4.515,4.468,4.498,140744.471982
1689922800000,4.498,4.512,4.451,4.459,181816.349327
1689926400000,4.46,4.481,4.446,4.465,100129.416113
1689930000000,4.464,4.489,4.43,4.437,125990.623842
1689933600000,4.435,4.471,4.435,4.448,72673.413308
1689937200000,4.449,4.463,4.436,4.459,117447.275095
1689940800000,4.462,4.503,4.456,4.486,118835.93839
1689944400000,4.486,4.513,4.472,4.498,131602.443963
1689948000000,4.498,4.537,4.477,4.521,287520.905182
1689951600000,4.522,4.536,4.488,4.492,138612.809172
1689955200000,4.492,4.497,4.458,4.468,123110.366448
1689958800000,4.47,4.508,4.461,4.503,97674.529903
1689962400000,4.503,4.529,4.487,4.489,201911.087979
1689966000000,4.489,4.493,4.441,4.479,77758.055407
1689969600000,4.477,4.49,4.467,4.487,12601.810318
1689973200000,4.487,4.493,4.457,4.469,20651.715754
1689976800000,4.468,4.48,4.459,4.46,59309.94959
1689980400000,4.46,4.478,4.455,4.473,98975.404305
1689984000000,4.477,4.526,4.467,4.526,184900.160168
1689987600000,4.526,4.53,4.498,4.5,101385.498036
1689991200000,4.5,4.563,4.498,4.551,282151.479097
1689994800000,4.552,4.553,4.525,4.526,124323.676912
1689998400000,4.527,4.555,4.517,4.54,147271.701953
1690002000000,4.54,4.57,4.532,4.542,137674.766207
1690005600000,4.543,4.546,4.505,4.519,149409.083854
1690009200000,4.518,4.537,4.509,4.536,54054.730288
1690012800000,4.538,4.54,4.506,4.513,101474.994042
1690016400000,4.513,4.524,4.484,4.499,75521.224285
1690020000000,4.493,4.51,4.441,4.504,166033.920457
1690023600000,4.503,4.535,4.496,4.519,86463.89968
1690027200000,4.52,4.53,4.486,4.499,61063.189826
1690030800000,4.499,4.518,4.49,4.506,62863.65676
1690034400000,4.507,4.522,4.481,4.499,60300.180403
1690038000000,4.497,4.499,4.476,4.496,56172.536299
1690041600000,4.493,4.5,4.479,4.496,57876.570898
1690045200000,4.498,4.514,4.494,4.495,62578.782846
1690048800000,4.494,4.495,4.45,4.463,111867.182308
1690052400000,4.462,4.487,4.456,4.485,44573.723809
1690056000000,4.485,4.529,4.482,4.514,82425.362024
1690059600000,4.514,4.515,4.5,4.504,26525.93751
1690063200000,4.507,4.517,4.487,4.499,28415.936169
1690066800000,4.496,4.496,4.386,4.457,464887.828933
1690070400000,4.457,4.475,4.435,4.474,90687.48203
1690074000000,4.475,4.566,4.475,4.523,353546.12489
1690077600000,4.523,4.557,4.516,4.552,200448.544099
1690081200000,4.552,4.675,4.552,4.629,585099.311428
1690084800000,4.63,4.673,4.629,4.641,437609.286815
1690088400000,4.641,4.649,4.595,4.6,281656.501175
1690092000000,4.599,4.621,4.593,4.619,131037.278385
1690095600000,4.62,4.63,4.583,4.598,202820.906037
1690099200000,4.601,4.609,4.567,4.605,121720.484888
1690102800000,4.605,4.615,4.581,4.592,84935.792376
1690106400000,4.593,4.616,4.592,4.613,65767.488079
1690110000000,4.612,4.619,4.582,4.598,75527.009497
1690113600000,4.599,4.626,4.591,4.602,70210.295282
1690117200000,4.602,4.602,4.575,4.597,70072.458469
1690120800000,4.599,4.612,4.591,4.594,51211.99747
1690124400000,4.594,4.597,4.56,4.577,81233.50384
1690128000000,4.578,4.613,4.577,4.607,82816.529962
1690131600000,4.605,4.647,4.605,4.636,91208.864041
1690135200000,4.637,4.639,4.609,4.63,45301.222806
1690138800000,4.63,4.64,4.56,4.579,218958.467748
1690142400000,4.583,4.598,4.58,4.598,59064.230971
1690146000000,4.596,4.6,4.521,4.538,159982.102941
1690149600000,4.541,4.565,4.54,4.564,67811.719443
1690153200000,4.565,4.59,4.561,4.562,40192.641475
1690156800000,4.563,4.595,4.548,4.571,82631.745167
1690160400000,4.568,4.571,4.513,4.548,117783.601624
1690164000000,4.546,4.549,4.525,4.541,93549.809759
1690167600000,4.541,4.55,4.489,4.501,238074.039067
1690171200000,4.5,4.535,4.461,4.528,156809.84154
1690174800000,4.528,4.531,4.511,4.522,43748.608923
1690178400000,4.523,4.527,4.508,4.509,43752.947727
1690182000000,4.509,4.545,4.509,4.542,71245.888606
1690185600000,4.541,4.55,4.508,4.517,182136.679571
1690189200000,4.518,4.558,4.291,4.362,1144772.113033
1690192800000,4.364,4.426,4.346,4.41,437037.59117
1690196400000,4.411,4.428,4.404,4.418,131034.987534
1690200000000,4.417,4.445,4.398,4.423,131738.501987
1690203600000,4.425,4.45,4.407,4.426,120146.761573
1690207200000,4.427,4.438,4.392,4.408,157683.329609
1690210800000,4.403,4.439,4.356,4.433,249888.086689
1690214400000,4.432,4.466,4.413,4.46,80454.554184
1690218000000,4.46,4.48,4.443,4.471,75275.321903
1690221600000,4.472,4.597,4.472,4.562,281768.573066
1690225200000,4.563,4.584,4.523,4.527,181197.493212
1690228800000,4.525,4.525,4.493,4.521,36281.05533
1690232400000,4.523,4.564,4.523,4.552,77126.340457
1690236000000,4.552,4.558,4.505,4.52,117815.331693
1690239600000,4.522,4.532,4.506,4.52,105721.352572
1690243200000,4.519,4.537,4.484,4.498,157562.215709
1690246800000,4.498,4.505,4.469,4.478,130671.221544
1690250400000,4.481,4.515,4.473,4.495,142927.161475
1690254000000,4.495,4.495,4.467,4.487,82025.273466
1690257600000,4.488,4.51,4.472,4.477,68392.609184
1690261200000,4.478,4.51,4.477,4.51,100757.218948
1690264800000,4.51,4.547,4.493,4.526,126166.805928
1690268400000,4.527,4.535,4.493,4.514,102730.405709
1690272000000,4.515,4.528,4.492,4.505,79926.166638
1690275600000,4.506,4.547,4.501,4.528,275083.76468
1690279200000,4.528,4.539,4.498,4.5,60077.564818
1690282800000,4.5,4.512,4.486,4.506,59203.631843
1690286400000,4.506,4.508,4.485,4.489,66982.438362
1690290000000,4.491,4.498,4.421,4.464,208623.537502
1690293600000,4.465,4.483,4.408,4.424,177419.010375
1690297200000,4.417,4.44,4.416,4.436,52586.995256
1690300800000,4.434,4.434,4.396,4.404,148563.469251
1690304400000,4.401,4.424,4.376,4.422,101090.327525
1690308000000,4.423,4.449,4.412,4.429,40941.250247
1690311600000,4.428,4.434,4.383,4.385,38035.356979
1690315200000,4.384,4.419,4.371,4.381,172762.486856
1690318800000,4.382,4.397,4.377,4.386,24927.649747
1690322400000,4.386,4.409,4.386,4.397,39824.547083
1690326000000,4.398,4.409,4.391,4.401,43107.578514
1690329600000,4.402,4.404,4.376,4.385,63809.882409
1690333200000,4.389,4.392,4.324,4.346,182649.822225
1690336800000,4.347,4.386,4.338,4.384,92518.331686
1690340400000,4.385,4.403,4.368,4.371,66233.979534
1690344000000,4.37,4.372,4.349,4.35,57154.350393
1690347600000,4.35,4.384,4.35,4.372,44760.193068
1690351200000,4.372,4.383,4.363,4.365,75563.201888
1690354800000,4.364,4.377,4.347,4.354,53269.995625
1690358400000,4.354,4.368,4.332,4.333,79934.33358
1690362000000,4.337,4.347,4.296,4.312,244104.217762
1690365600000,4.313,4.327,4.31,4.314,62730.05509
1690369200000,4.316,4.32,4.244,4.262,338716.876745
1690372800000,4.262,4.292,4.253,4.281,198612.261588
1690376400000,4.283,4.311,4.282,4.3,59292.223437
1690380000000,4.298,4.331,4.292,4.324,99096.680182
1690383600000,4.324,4.34,4.321,4.33,111434.764007
1690387200000,4.33,4.334,4.286,4.292,58759.66754
1690390800000,4.294,4.303,4.266,4.277,53131.894427
1690394400000,4.275,4.37,4.275,4.335,177621.834607
1690398000000,4.334,4.341,4.274,4.322,101974.729799
1690401600000,4.323,4.385,4.314,4.358,95019.405905
1690405200000,4.359,4.378,4.325,4.328,35720.860395
1690408800000,4.33,4.338,4.317,4.333,97587.306308
1690412400000,4.333,4.356,4.317,4.332,55999.05456
1690416000000,4.331,4.348,4.315,4.337,48313.578095
1690419600000,4.335,4.38,4.325,4.376,103694.325124
1690423200000,4.378,4.381,4.359,4.381,69918.183354
1690426800000,4.381,4.403,4.372,4.373,122919.665668
1690430400000,4.373,4.395,4.373,4.392,59505.012658
1690434000000,4.392,4.399,4.367,4.367,123018.744601
1690437600000,4.367,4.381,4.35,4.352,61396.030491
1690441200000,4.352,4.389,4.352,4.373,88360.896503
1690444800000,4.373,4.42,4.363,4.397,154457.831976
1690448400000,4.397,4.418,4.392,4.404,67532.476756
1690452000000,4.404,4.408,4.38,4.383,60168.716826
1690455600000,4.383,4.395,4.377,4.389,34268.756125
1690459200000,4.388,4.4,4.386,4.399,28413.301632
1690462800000,4.4,4.403,4.378,4.392,107203.539859
1690466400000,4.392,4.412,4.378,4.38,163148.033141
1690470000000,4.38,4.387,4.359,4.369,47858.382084
1690473600000,4.368,4.408,4.366,4.395,102627.112133
1690477200000,4.393,4.409,4.383,4.39,76948.231065
1690480800000,4.39,4.393,4.31,4.334,146868.416141
1690484400000,4.334,4.357,4.324,4.348,30318.631039
1690488000000,4.349,4.355,4.337,4.349,26940.322165
1690491600000,4.35,4.392,4.348,4.388,26270.386127
1690495200000,4.389,4.412,4.389,4.392,98722.03126
1690498800000,4.392,4.433,4.388,4.431,129573.619257
1690502400000,4.43,4.487,4.412,4.458,396023.276505
1690506000000,4.456,4.461,4.433,4.45,112674.255127
1690509600000,4.45,4.468,4.428,4.45,130919.453736
1690513200000,4.45,4.46,4.413,4.435,159502.343049
1690516800000,4.436,4.436,4.418,4.423,64690.790645
1690520400000,4.423,4.423,4.371,4.388,86999.316044
1690524000000,4.388,4.405,4.383,4.394,32925.481355
1690527600000,4.396,4.41,4.391,4.394,83050.592278
1690531200000,4.392,4.407,4.376,4.396,42003.562014
1690534800000,4.395,4.412,4.383,4.409,110999.902592
1690538400000,4.41,4.41,4.4,4.406,36299.124852
1690542000000,4.407,4.41,4.394,4.395,30166.361177
1690545600000,4.395,4.417,4.392,4.416,27993.470586
1690549200000,4.416,4.418,4.398,4.406,62107.012875
1690552800000,4.408,4.443,4.406,4.434,103779.196989
1690556400000,4.435,4.439,4.404,4.412,106145.39827
1690560000000,4.412,4.422,4.399,4.421,56401.748907
1690563600000,4.42,4.426,4.389,4.405,58999.324462
1690567200000,4.407,4.424,4.403,4.416,49984.659885
1690570800000,4.417,4.425,4.412,4.417,44287.687383
1690574400000,4.413,4.413,4.402,4.411,10956.71576
1690578000000,4.411,4.411,4.4,4.4,14950.098087
1690581600000,4.402,4.409,4.396,4.399,16164.237167
1690585200000,4.398,4.404,4.394,4.394,17074.710682
1690588800000,4.394,4.418,4.376,4.413,72066.173412
1690592400000,4.413,4.44,4.413,4.433,90319.991748
1690596000000,4.433,4.436,4.413,4.433,38287.166358
1690599600000,4.435,4.447,4.422,4.426,72500.795188
1690603200000,4.427,4.437,4.425,4.426,40866.341729
1690606800000,4.426,4.43,4.416,4.426,40221.361617
1690610400000,4.426,4.429,4.407,4.417,26475.534937
1690614000000,4.417,4.426,4.41,4.414,48352.47176
1690617600000,4.413,4.424,4.39,4.398,64791.167891
1690621200000,4.396,4.406,4.389,4.399,33997.721152
1690624800000,4.397,4.402,4.384,4.387,32113.964916
1690628400000,4.388,4.394,4.381,4.382,18252.075757
1690632000000,4.382,4.403,4.381,4.394,52859.501912
1690635600000,4.395,4.408,4.395,4.403,20575.361137
1690639200000,4.403,4.412,4.4,4.401,15095.734665
1690642800000,4.401,4.418,4.4,4.416,37837.23371
1690646400000,4.418,4.425,4.401,4.409,45580.627173
1690650000000,4.409,4.428,4.407,4.422,36309.653615
1690653600000,4.423,4.427,4.41,4.42,23931.90726
1690657200000,4.422,4.428,4.419,4.424,20502.059918
1690660800000,4.425,4.437,4.423,4.428,26350.427807
1690664400000,4.429,4.432,4.408,4.409,11905.914611
1690668000000,4.41,4.417,4.407,4.411,27138.696551
1690671600000,4.411,4.423,4.408,4.419,23200.364147
1690675200000,4.421,4.429,4.403,4.426,66053.403098
1690678800000,4.426,4.433,4.413,4.427,43397.729151
1690682400000,4.426,4.438,4.423,4.426,75441.657794
1690686000000,4.426,4.439,4.426,4.429,33375.926645
1690689600000,4.428,4.445,4.428,4.436,27304.83006
1690693200000,4.436,4.437,4.426,4.434,25167.478457
1690696800000,4.431,4.432,4.408,4.416,61604.835005
1690700400000,4.417,4.418,4.404,4.413,21322.925357
1690704000000,4.413,4.427,4.408,4.424,27609.531488
1690707600000,4.423,4.423,4.394,4.406,47391.219509
1690711200000,4.405,4.413,4.391,4.403,46284.657406
1690714800000,4.403,4.41,4.394,4.405,11061.480342
1690718400000,4.405,4.409,4.401,4.403,13198.228197
1690722000000,4.403,4.404,4.386,4.39,42403.467539
1690725600000,4.39,4.432,4.386,4.427,108661.572276
1690729200000,4.428,4.444,4.401,4.409,144317.861789
1690732800000,4.409,4.422,4.397,4.413,71958.470265
1690736400000,4.413,4.425,4.409,4.423,17904.050441
1690740000000,4.425,4.426,4.411,4.416,21233.723252
1690743600000,4.418,4.418,4.273,4.301,473073.385546
1690747200000,4.301,4.301,4.175,4.278,537078.275442
1690750800000,4.277,4.29,4.262,4.279,92589.04606
1690754400000,4.279,4.289,4.265,4.289,71246.556743
1690758000000,4.288,4.32,4.286,4.317,57903.419503
1690761600000,4.317,4.36,4.297,4.36,88828.162402
1690765200000,4.36,4.366,4.334,4.349,111836.927894
1690768800000,4.35,4.355,4.341,4.348,31027.024433
1690772400000,4.347,4.351,4.329,4.336,46006.654435
1690776000000,4.337,4.34,4.308,4.317,91885.000328
1690779600000,4.317,4.326,4.31,4.319,26699.630033
1690783200000,4.317,4.329,4.309,4.324,41274.823412
1690786800000,4.323,4.335,4.32,4.32,42764.836085
1690790400000,4.321,4.343,4.316,4.332,72977.386657
1690794000000,4.33,4.332,4.307,4.316,40076.530608
1690797600000,4.315,4.324,4.31,4.314,17126.243338
1690801200000,4.314,4.318,4.306,4.312,41679.13964
1690804800000,4.312,4.325,4.297,4.323,54603.622645
1690808400000,4.322,4.323,4.265,4.289,92298.498993
1690812000000,4.289,4.307,4.269,4.294,183814.735516
1690815600000,4.294,4.294,4.253,4.262,144346.563535
1690819200000,4.263,4.29,4.255,4.282,89403.914586
1690822800000,4.281,4.3,4.27,4.291,29523.09839
1690826400000,4.291,4.291,4.27,4.28,21022.037502
1690830000000,4.279,4.287,4.221,4.24,104405.426163
1690833600000,4.239,4.259,4.202,4.229,66197.174479
1690837200000,4.224,4.251,4.21,4.246,51029.910123
1690840800000,4.246,4.254,4.237,4.251,24066.287556
1690844400000,4.25,4.271,4.246,4.261,40345.02961
1690848000000,4.261,4.287,4.246,4.278,51887.683393
1690851600000,4.279,4.289,4.238,4.248,61454.765083
1690855200000,4.248,4.253,4.097,4.208,878551.853807
1690858800000,4.208,4.215,4.185,4.192,75300.606196
1690862400000,4.19,4.195,4.171,4.176,73485.914759
1690866000000,4.175,4.205,4.175,4.205,29170.584882
1690869600000,4.204,4.23,4.199,4.217,60549.379347
1690873200000,4.216,4.223,4.208,4.215,75565.189353
1690876800000,4.215,4.227,4.21,4.226,23583.550548
1690880400000,4.226,4.227,4.208,4.211,25686.231907
1690884000000,4.211,4.218,4.205,4.213,21800.722396
1690887600000,4.214,4.221,4.207,4.211,22230.608533
1690891200000,4.212,4.234,4.202,4.219,51985.51213
1690894800000,4.219,4.232,4.216,4.218,34969.950708
1690898400000,4.22,4.235,4.204,4.214,49971.692688
1690902000000,4.214,4.243,4.167,4.229,169280.617325
1690905600000,4.231,4.249,4.22,4.224,50535.383284
1690909200000,4.224,4.233,4.214,4.219,16951.165611
1690912800000,4.217,4.249,4.217,4.249,41285.141621
1690916400000,4.249,4.26,4.239,4.243,19883.065008
1690920000000,4.244,4.246,4.227,4.236,4786.299992
1690923600000,4.234,4.24,4.225,4.227,16767.773515
1690927200000,4.227,4.236,4.221,4.236,25714.804235
1690930800000,4.236,4.291,4.236,4.284,98190.573101
1690934400000,4.284,4.299,4.265,4.271,117180.206936
1690938000000,4.274,4.328,4.271,4.297,193777.527986
1690941600000,4.297,4.306,4.285,4.3,55935.123236
1690945200000,4.3,4.303,4.271,4.273,41602.463568
1690948800000,4.274,4.274,4.26,4.261,32411.051544
1690952400000,4.261,4.264,4.247,4.259,42619.602621
1690956000000,4.259,4.267,4.246,4.246,36148.769951
1690959600000,4.246,4.263,4.239,4.248,33416.209271
1690963200000,4.247,4.258,4.239,4.246,63259.704041
1690966800000,4.246,4.262,4.237,4.239,100116.591041
1690970400000,4.239,4.26,4.232,4.259,53878.087449
1690974000000,4.258,4.262,4.252,4.258,20363.572341
1690977600000,4.26,4.262,4.241,4.248,32669.495778
1690981200000,4.247,4.255,4.227,4.255,72018.988442
1690984800000,4.254,4.257,4.212,4.217,174848.977576
1690988400000,4.217,4.241,4.198,4.236,117864.360708
1690992000000,4.235,4.302,4.199,4.244,445452.563189
1690995600000,4.242,4.28,4.232,4.27,139214.430631
1690999200000,4.269,4.298,4.262,4.278,114567.511714
1691002800000,4.276,4.287,4.263,4.274,41395.91006
1691006400000,4.269,4.281,4.263,4.272,9178.734069
1691010000000,4.273,4.288,4.261,4.284,22491.256459
1691013600000,4.285,4.299,4.277,4.278,38805.337102
1691017200000,4.278,4.281,4.257,4.26,43305.531016
1691020800000,4.26,4.29,4.248,4.274,58758.599957
1691024400000,4.275,4.298,4.274,4.296,70649.391289
1691028000000,4.298,4.298,4.259,4.269,98753.31882
1691031600000,4.269,4.271,4.252,4.256,36268.243954
1691035200000,4.257,4.26,4.238,4.255,46058.727602
1691038800000,4.255,4.263,4.241,4.259,28854.314684
1691042400000,4.259,4.261,4.224,4.237,50647.288358
1691046000000,4.236,4.244,4.224,4.233,68023.178795
1691049600000,4.232,4.238,4.206,4.22,106374.365929
1691053200000,4.218,4.236,4.216,4.236,38660.959003
1691056800000,4.235,4.246,4.232,4.234,56339.446537
1691060400000,4.237,4.24,4.225,4.231,51636.682051
1691064000000,4.231,4.232,4.2,4.206,56985.251514
1691067600000,4.206,4.219,4.198,4.213,66046.862744
1691071200000,4.212,4.236,4.21,4.232,35630.607848
1691074800000,4.232,4.234,4.2,4.201,30849.589641
1691078400000,4.201,4.208,4.185,4.201,82456.169866
1691082000000,4.199,4.223,4.173,4.178,76386.225254
1691085600000,4.175,4.19,4.166,4.188,46984.751602
1691089200000,4.188,4.191,4.176,4.184,28356.896596
1691092800000,4.184,4.197,4.17,4.171,26818.666896
1691096400000,4.171,4.173,4.137,4.149,64894.280146
1691100000000,4.149,4.149,4.061,4.121,294248.384368
1691103600000,4.122,4.125,4.106,4.108,62106.383532
1691107200000,4.109,4.128,4.091,4.125,131102.402492
1691110800000,4.124,4.128,4.11,4.114,61387.980789
1691114400000,4.115,4.124,4.104,4.119,46191.610707
1691118000000,4.117,4.122,4.113,4.121,18917.96257
1691121600000,4.121,4.122,4.098,4.12,34425.802206
1691125200000,4.119,4.124,4.113,4.118,21717.481343
1691128800000,4.119,4.136,4.11,4.11,70772.144764
1691132400000,4.11,4.122,4.104,4.122,28226.994305
1691136000000,4.12,4.133,4.11,4.113,51264.9281
1691139600000,4.113,4.122,4.107,4.118,28705.687988
1691143200000,4.12,4.12,4.104,4.106,19944.105688
1691146800000,4.105,4.112,4.1,4.111,23188.159592
1691150400000,4.109,4.147,4.102,4.138,61897.276688
1691154000000,4.139,4.15,4.126,4.135,54675.271413
1691157600000,4.135,4.151,4.126,4.146,39704.67815
1691161200000,4.148,4.159,4.137,4.147,41467.679873
1691164800000,4.148,4.152,4.137,4.151,79585.267466
1691168400000,4.149,4.152,4.137,4.14,19862.067435
1691172000000,4.139,4.141,4.078,4.106,116292.563488
1691175600000,4.106,4.116,4.098,4.111,26826.868007
1691179200000,4.112,4.123,4.046,4.074,151100.827004
1691182800000,4.069,4.109,4.068,4.088,28338.742954
1691186400000,4.089,4.104,4.088,4.093,26886.195626
1691190000000,4.094,4.105,4.09,4.095,22635.683856
1691193600000,4.096,4.096,4.074,4.077,117107.122518
1691197200000,4.079,4.092,4.037,4.045,105988.493813
1691200800000,4.044,4.064,4.03,4.056,96414.480642
1691204400000,4.056,4.067,4.049,4.065,37005.345835
1691208000000,4.066,4.066,4.038,4.047,61818.06732
1691211600000,4.048,4.058,4.036,4.058,33805.328775
1691215200000,4.059,4.065,4.05,4.056,54813.850476
1691218800000,4.056,4.06,4.046,4.05,36678.170506
1691222400000,4.051,4.059,4.041,4.057,55156.673226
1691226000000,4.057,4.062,4.05,4.057,48644.729398
1691229600000,4.057,4.073,4.055,4.072,60487.423449
1691233200000,4.073,4.082,4.06,4.061,43608.282402
1691236800000,4.062,4.065,4.051,4.055,20523.279979
1691240400000,4.055,4.061,4.047,4.058,70082.105762
1691244000000,4.058,4.078,4.058,4.072,55868.597245
1691247600000,4.071,4.076,4.054,4.073,72457.492492
1691251200000,4.074,4.103,4.067,4.085,90870.245671
1691254800000,4.086,4.106,4.084,4.103,60640.407514
1691258400000,4.102,4.134,4.099,4.125,36291.025278
1691262000000,4.125,4.126,4.1,4.101,43523.65423
1691265600000,4.101,4.106,4.098,4.1,17375.118896
1691269200000,4.101,4.118,4.101,4.103,19846.820958
1691272800000,4.102,4.114,4.101,4.111,15181.327152
1691276400000,4.112,4.113,4.101,4.105,20497.445388
1691280000000,4.105,4.12,4.099,4.113,31354.813602
1691283600000,4.114,4.116,4.097,4.098,33724.670879
1691287200000,4.098,4.137,4.098,4.123,86743.520887
1691290800000,4.125,4.132,4.119,4.127,21212.168533
1691294400000,4.127,4.138,4.124,4.131,58016.171977
1691298000000,4.132,4.136,4.126,4.136,30299.708238
1691301600000,4.136,4.145,4.125,4.133,28980.892538
1691305200000,4.132,4.151,4.126,4.147,49879.370316
1691308800000,4.147,4.17,4.147,4.168,95916.075894
1691312400000,4.166,4.168,4.149,4.155,42013.07119
1691316000000,4.155,4.156,4.128,4.135,44746.684463
1691319600000,4.136,4.143,4.128,4.138,68842.112136
1691323200000,4.137,4.143,4.122,4.123,44560.085885
1691326800000,4.122,4.129,4.108,4.114,122882.335385
1691330400000,4.114,4.145,4.114,4.143,87574.18253
1691334000000,4.142,4.148,4.131,4.137,43729.591616
1691337600000,4.138,4.166,4.133,4.161,102583.511205
1691341200000,4.159,4.162,4.15,4.153,37575.388257
1691344800000,4.154,4.159,4.15,4.151,12319.596647
1691348400000,4.151,4.155,4.145,4.145,26275.675488
1691352000000,4.148,4.162,4.142,4.158,19059.648428
1691355600000,4.158,4.179,4.144,4.15,43687.356376
1691359200000,4.15,4.172,4.147,4.152,15539.860574
1691362800000,4.152,4.165,4.15,4.165,18288.431231
1691366400000,4.165,4.178,4.151,4.171,77554.992408
1691370000000,4.171,4.219,4.171,4.191,100105.777546
1691373600000,4.191,4.204,4.184,4.201,50077.884621
1691377200000,4.201,4.204,4.183,4.191,31554.605024
1691380800000,4.19,4.202,4.185,4.196,20709.205588
1691384400000,4.195,4.202,4.18,4.18,36480.193265
1691388000000,4.179,4.181,4.143,4.152,147506.558205
1691391600000,4.152,4.164,4.148,4.16,31091.210761
1691395200000,4.16,4.16,4.145,4.147,37636.879438
1691398800000,4.147,4.163,4.146,4.152,24982.284872
1691402400000,4.152,4.157,4.142,4.154,83197.241696
1691406000000,4.154,4.154,4.133,4.134,40391.053247
1691409600000,4.135,4.143,4.122,4.131,84682.989411
1691413200000,4.131,4.139,4.114,4.125,155475.064989
1691416800000,4.125,4.138,4.102,4.115,77544.354827
1691420400000,4.114,4.118,4.065,4.082,134627.891138
1691424000000,4.082,4.09,3.986,4.049,707739.721231
1691427600000,4.045,4.077,4.045,4.077,53372.411933
1691431200000,4.076,4.118,4.072,4.1,48861.321848
1691434800000,4.1,4.1,4.084,4.1,13559.650644
1691438400000,4.101,4.103,4.087,4.103,14289.780359
1691442000000,4.103,4.12,4.095,4.101,15172.435098
1691445600000,4.1,4.104,4.094,4.1,11161.531435
1691449200000,4.103,4.11,4.092,4.109,38787.881322
1691452800000,4.108,4.114,4.09,4.113,44299.164609
1691456400000,4.115,4.115,4.076,4.077,70778.693533
1691460000000,4.078,4.09,4.071,4.076,76754.646714
1691463600000,4.078,4.093,4.077,4.093,51626.49324
1691467200000,4.093,4.113,4.088,4.11,73621.304116
1691470800000,4.11,4.111,4.088,4.096,79808.588258
1691474400000,4.096,4.102,4.089,4.09,86016.665085
1691478000000,4.092,4.094,4.085,4.09,58013.129528
1691481600000,4.09,4.091,4.08,4.088,36955.757738
1691485200000,4.087,4.095,4.081,4.093,18427.031959
1691488800000,4.094,4.113,4.093,4.112,35142.685296
1691492400000,4.111,4.127,4.099,4.125,50445.070509
1691496000000,4.127,4.145,4.107,4.142,82221.825524
1691499600000,4.142,4.153,4.11,4.112,88694.918242
1691503200000,4.113,4.119,4.105,4.11,42642.598323
1691506800000,4.11,4.137,4.108,4.125,45904.972732
1691510400000,4.125,4.16,4.117,4.151,67748.221198
1691514000000,4.151,4.159,4.135,4.144,29685.601523
1691517600000,4.142,4.169,4.136,4.143,76960.304818
1691521200000,4.144,4.156,4.141,4.143,18859.94413
1691524800000,4.144,4.157,4.139,4.149,26194.307115
1691528400000,4.15,4.209,4.15,4.182,109355.593879
1691532000000,4.183,4.193,4.146,4.146,43901.260095
1691535600000,4.148,4.155,4.142,4.144,37187.906299
1691539200000,4.145,4.153,4.135,4.139,32757.99873
1691542800000,4.138,4.178,4.129,4.15,131574.31648
1691546400000,4.15,4.155,4.134,4.14,38233.76705
1691550000000,4.139,4.151,4.136,4.14,38582.956817
1691553600000,4.142,4.161,4.139,4.158,32493.839843
1691557200000,4.158,4.159,4.151,4.158,22391.887162
1691560800000,4.159,4.163,4.143,4.162,88220.940823
1691564400000,4.162,4.175,4.162,4.171,77862.378728
1691568000000,4.171,4.174,4.162,4.164,55815.211407
1691571600000,4.164,4.167,4.145,4.15,133000.667673
1691575200000,4.151,4.171,4.149,4.168,30627.869622
1691578800000,4.169,4.171,4.156,4.164,42141.681114
1691582400000,4.165,4.198,4.161,4.195,97149.028879
1691586000000,4.194,4.2,4.169,4.17,74766.239504
1691589600000,4.168,4.179,4.15,4.15,95614.292302
1691593200000,4.149,4.155,4.138,4.141,71420.493523
1691596800000,4.141,4.151,4.128,4.141,69946.314764
1691600400000,4.138,4.147,4.128,4.134,40356.184
1691604000000,4.133,4.148,4.125,4.146,25950.401986
1691607600000,4.145,4.149,4.131,4.134,19465.385254
1691611200000,4.134,4.145,4.132,4.143,7298.759061
1691614800000,4.145,4.146,4.106,4.128,66953.632159
1691618400000,4.13,4.137,4.121,4.135,56458.614193
1691622000000,4.136,4.159,4.136,4.152,67024.424666
1691625600000,4.153,4.158,4.144,4.154,52785.179018
1691629200000,4.155,4.162,4.148,4.152,122179.444922
1691632800000,4.152,4.157,4.143,4.144,21410.204568
1691636400000,4.144,4.144,4.131,4.134,29760.176707
1691640000000,4.135,4.135,4.129,4.133,16437.492749
1691643600000,4.134,4.138,4.123,4.136,17815.179678
1691647200000,4.136,4.139,4.104,4.106,60403.812603
1691650800000,4.106,4.12,4.102,4.112,82215.348192
1691654400000,4.111,4.113,4.105,4.11,13798.439483
1691658000000,4.111,4.111,4.09,4.108,39422.558284
1691661600000,4.108,4.118,4.107,4.117,23447.000143
1691665200000,4.118,4.122,4.102,4.104,31559.895495
1691668800000,4.105,4.145,4.102,4.136,100980.804761
1691672400000,4.138,4.152,4.132,4.149,49369.247618
1691676000000,4.149,4.158,4.123,4.132,58510.3282
1691679600000,4.132,4.14,4.126,4.138,27633.863521
1691683200000,4.138,4.143,4.126,4.142,65679.429008
1691686800000,4.142,4.142,4.114,4.126,73229.268859
1691690400000,4.127,4.136,4.126,4.13,7649.314335
1691694000000,4.132,4.132,4.119,4.126,4162.531392
1691697600000,4.127,4.137,4.127,4.132,6337.418166
1691701200000,4.133,4.149,4.133,4.146,8457.58035
1691704800000,4.146,4.148,4.134,4.135,5801.341831
1691708400000,4.136,4.142,4.133,4.142,16150.091511
1691712000000,4.142,4.16,4.142,4.156,41454.762113
1691715600000,4.156,4.158,4.141,4.144,30152.570496
1691719200000,4.142,4.147,4.11,4.113,191061.772994
1691722800000,4.114,4.129,4.111,4.129,19969.57247
1691726400000,4.129,4.144,4.129,4.14,44285.709851
1691730000000,4.14,4.14,4.13,4.139,39878.641361
1691733600000,4.139,4.143,4.135,4.142,13958.144503
1691737200000,4.142,4.142,4.134,4.136,35429.979734
1691740800000,4.136,4.141,4.133,4.135,52013.151725
1691744400000,4.133,4.136,4.129,4.129,25547.095408
1691748000000,4.129,4.13,4.122,4.124,20137.296618
1691751600000,4.124,4.135,4.122,4.135,10235.032409
1691755200000,4.134,4.137,4.125,4.125,29356.236527
1691758800000,4.125,4.133,4.121,4.132,60005.913177
1691762400000,4.133,4.143,4.131,4.139,36972.945517
1691766000000,4.138,4.145,4.112,4.119,50129.173225
1691769600000,4.118,4.126,4.103,4.118,67097.463333
1691773200000,4.117,4.121,4.107,4.111,14306.628855
1691776800000,4.111,4.113,4.101,4.104,15778.539258
1691780400000,4.104,4.104,4.094,4.103,15719.597908
1691784000000,4.104,4.112,4.102,4.108,12989.729549
1691787600000,4.108,4.114,4.101,4.105,36340.313832
1691791200000,4.105,4.112,4.102,4.106,41027.630081
1691794800000,4.108,4.113,4.103,4.112,16405.70674
1691798400000,4.112,4.128,4.106,4.126,15478.396873
1691802000000,4.125,4.127,4.116,4.118,23278.678464
1691805600000,4.118,4.123,4.11,4.11,34755.222667
1691809200000,4.11,4.11,4.096,4.101,64542.521476
1691812800000,4.102,4.107,4.097,4.104,12496.846918
1691816400000,4.103,4.106,4.101,4.102,23812.512993
1691820000000,4.101,4.111,4.1,4.111,22574.916772
1691823600000,4.11,4.121,4.11,4.116,52985.898787
1691827200000,4.118,4.12,4.11,4.11,54392.8157
1691830800000,4.112,4.118,4.11,4.112,21196.693429
1691834400000,4.113,4.118,4.11,4.118,16449.988925
1691838000000,4.119,4.12,4.114,4.115,10879.836068
1691841600000,4.116,4.133,4.116,4.13,38353.112615
1691845200000,4.131,4.138,4.122,4.124,84762.407168
1691848800000,4.125,4.141,4.124,4.137,103716.668798
1691852400000,4.138,4.138,4.13,4.133,14642.292318
1691856000000,4.134,4.141,4.133,4.133,8748.455862
1691859600000,4.134,4.135,4.121,4.121,18952.981545
1691863200000,4.121,4.123,4.115,4.123,12006.445856
1691866800000,4.122,4.122,4.112,4.116,11762.672326
1691870400000,4.116,4.123,4.112,4.112,2147.38456
1691874000000,4.111,4.12,4.108,4.12,13737.774637
1691877600000,4.121,4.132,4.119,4.128,102095.003219
1691881200000,4.128,4.131,4.125,4.13,30383.98735
1691884800000,4.13,4.133,4.117,4.132,28857.811041
1691888400000,4.133,4.137,4.124,4.133,19015.206116
1691892000000,4.135,4.14,4.128,4.131,23838.486818
1691895600000,4.129,4.134,4.125,4.129,34122.280629
1691899200000,4.129,4.133,4.127,4.128,20525.431374
1691902800000,4.13,4.13,4.118,4.121,42808.901259
1691906400000,4.121,4.126,4.12,4.12,27161.070548
1691910000000,4.12,4.126,4.107,4.108,111004.810836
1691913600000,4.109,4.122,4.1,4.118,118788.711388
1691917200000,4.119,4.12,4.107,4.114,36459.054203
1691920800000,4.114,4.119,4.104,4.105,76722.162783
1691924400000,4.105,4.108,4.1,4.103,18968.904393
1691928000000,4.103,4.113,4.098,4.113,20044.821233
1691931600000,4.112,4.112,4.106,4.109,14877.409154
1691935200000,4.108,4.117,4.108,4.111,16370.677739
1691938800000,4.11,4.116,4.1,4.111,48418.252772
1691942400000,4.111,4.112,4.102,4.111,34353.121065
1691946000000,4.111,4.125,4.111,4.125,25917.712409
1691949600000,4.125,4.134,4.124,4.133,14557.796095
1691953200000,4.134,4.175,4.134,4.172,113064.746242
1691956800000,4.173,4.173,4.149,4.15,35251.928463
1691960400000,4.15,4.151,4.133,4.138,22447.277985
1691964000000,4.138,4.141,4.059,4.09,147553.17144
1691967600000,4.087,4.103,4.083,4.096,41190.85236
1691971200000,4.097,4.098,4.078,4.091,58955.878783
1691974800000,4.09,4.097,4.077,4.082,52439.418315
1691978400000,4.081,4.089,4.043,4.081,119691.055235
1691982000000,4.081,4.103,4.08,4.095,60082.65214
1691985600000,4.097,4.102,4.095,4.101,21356.309375
1691989200000,4.101,4.109,4.1,4.107,35881.063268
1691992800000,4.108,4.109,4.1,4.1,28643.12426
1691996400000,4.1,4.103,4.092,4.1,27204.573264
1692000000000,4.1,4.113,4.098,4.105,60101.027933
1692003600000,4.104,4.105,4.096,4.101,27790.780354
1692007200000,4.1,4.107,4.098,4.102,20538.780858
1692010800000,4.103,4.105,4.092,4.094,19605.873974
1692014400000,4.094,4.094,4.085,4.091,20141.252335
1692018000000,4.092,4.097,4.083,4.094,15437.582159
1692021600000,4.094,4.115,4.089,4.109,92260.524149
1692025200000,4.109,4.124,4.103,4.117,46118.045509
1692028800000,4.116,4.122,4.108,4.118,33496.873111
1692032400000,4.119,4.12,4.088,4.09,25426.511285
1692036000000,4.088,4.09,4.052,4.067,86049.324963
1692039600000,4.066,4.074,4.058,4.072,20628.818967
1692043200000,4.072,4.08,4.062,4.078,28542.101578
1692046800000,4.078,4.082,4.068,4.078,28209.505141
1692050400000,4.077,4.09,4.073,4.082,25329.224679
1692054000000,4.083,4.085,4.075,4.076,23800.344969
1692057600000,4.075,4.08,4.067,4.079,23982.962699
1692061200000,4.08,4.083,4.065,4.068,32434.144492
1692064800000,4.068,4.072,4.062,4.063,18438.374633
1692068400000,4.063,4.064,4.038,4.052,63246.191886
1692072000000,4.052,4.059,4.049,4.051,35731.666392
1692075600000,4.052,4.052,4.025,4.033,89407.020694
1692079200000,4.033,4.048,4.028,4.047,22921.671904
1692082800000,4.048,4.054,4.035,4.05,56402.597598
1692086400000,4.051,4.059,4.03,4.038,197804.3578
1692090000000,4.037,4.047,4.028,4.034,91371.148727
1692093600000,4.033,4.037,4.023,4.031,47441.75198
1692097200000,4.032,4.036,4.014,4.018,41508.262831
1692100800000,4.016,4.028,4.014,4.025,30327.431637
1692104400000,4.025,4.042,4.023,4.024,43026.0919
1692108000000,4.024,4.042,4.004,4.037,55528.377682
1692111600000,4.038,4.041,4.018,4.02,48732.316522
1692115200000,4.021,4.028,4.012,4.017,34242.569959
1692118800000,4.018,4.021,4.011,4.013,18851.080351
1692122400000,4.014,4.014,3.859,3.927,837296.25003
1692126000000,3.93,3.931,3.61,3.782,1964572.130597
1692129600000,3.782,3.82,3.779,3.807,101550.334789
1692133200000,3.808,3.828,3.804,3.824,83202.158161
1692136800000,3.825,3.835,3.815,3.831,87439.065245
1692140400000,3.831,3.862,3.83,3.859,137026.829887
1692144000000,3.858,3.871,3.854,3.854,96695.809858
1692147600000,3.854,3.855,3.838,3.84,77740.144347
1692151200000,3.841,3.843,3.826,3.835,96268.384762
1692154800000,3.836,3.842,3.823,3.825,104575.928062
1692158400000,3.825,3.836,3.821,3.823,47388.223978
1692162000000,3.822,3.829,3.813,3.822,37366.938779
1692165600000,3.823,3.839,3.812,3.825,174012.178785
1692169200000,3.825,3.837,3.824,3.824,25705.44025
1692172800000,3.824,3.831,3.816,3.823,95115.761548
1692176400000,3.823,3.827,3.8,3.822,228119.244686
1692180000000,3.823,3.841,3.822,3.832,31346.522899
1692183600000,3.833,3.843,3.828,3.835,33368.459498
1692187200000,3.832,3.834,3.779,3.818,246511.67944
1692190800000,3.82,3.828,3.8,3.806,146730.908414
1692194400000,3.806,3.834,3.802,3.826,74177.781763
1692198000000,3.827,3.832,3.805,3.81,67331.290814
1692201600000,3.807,3.831,3.8,3.825,163922.192375
1692205200000,3.822,3.832,3.812,3.826,32876.044302
1692208800000,3.824,3.843,3.817,3.82,108251.656886
1692212400000,3.82,3.82,3.796,3.796,32396.773095
1692216000000,3.796,3.802,3.62,3.701,753793.509469
1692219600000,3.702,3.702,3.611,3.671,459823.351934
1692223200000,3.671,3.709,3.67,3.706,79621.007863
1692226800000,3.707,3.734,3.692,3.727,79148.306992
1692230400000,3.728,3.729,3.641,3.712,472026.798261
1692234000000,3.713,3.738,3.71,3.731,83273.821571
1692237600000,3.733,3.761,3.733,3.756,83511.328797
1692241200000,3.756,3.787,3.756,3.763,52590.325776
1692244800000,3.764,3.779,3.758,3.771,44291.928304
1692248400000,3.771,3.787,3.76,3.786,165469.886252
1692252000000,3.786,3.79,3.77,3.778,37732.767594
1692255600000,3.778,3.78,3.767,3.776,64302.481923
1692259200000,3.776,3.779,3.756,3.767,70625.614822
1692262800000,3.767,3.782,3.756,3.782,61271.474714
1692266400000,3.782,3.786,3.759,3.776,44603.586228
1692270000000,3.775,3.776,3.762,3.77,20552.279658
1692273600000,3.771,3.79,3.769,3.784,35213.212775
1692277200000,3.782,3.79,3.762,3.763,65211.701708
1692280800000,3.763,3.775,3.733,3.747,154009.264954
1692284400000,3.747,3.769,3.666,3.702,684743.709656
1692288000000,3.702,3.74,3.672,3.722,391600.165391
1692291600000,3.722,3.744,3.722,3.744,70728.378754
1692295200000,3.742,3.75,3.724,3.729,45691.100737
1692298800000,3.73,3.748,3.727,3.741,65457.971173
1692302400000,3.742,3.743,3.675,3.701,224067.968691
1692306000000,3.701,3.706,3,3.321,2225767.240037
1692309600000,3.317,3.461,3.296,3.434,969195.628258
1692313200000,3.434,3.483,3.407,3.437,352747.58034
1692316800000,3.437,3.491,3.425,3.483,209842.118585
1692320400000,3.482,3.485,3.445,3.462,130136.098073
1692324000000,3.464,3.48,3.417,3.421,165225.26319
1692327600000,3.422,3.46,3.42,3.458,98343.882522
1692331200000,3.459,3.465,3.431,3.45,195276.7482
1692334800000,3.45,3.477,3.443,3.472,88501.363372
1692338400000,3.471,3.503,3.47,3.498,157136.875771
1692342000000,3.496,3.526,3.491,3.514,117257.470666
1692345600000,3.513,3.521,3.491,3.506,132535.679321
1692349200000,3.503,3.505,3.479,3.484,84371.183336
1692352800000,3.481,3.506,3.478,3.502,101483.549094
1692356400000,3.502,3.527,3.49,3.522,73311.995629
1692360000000,3.524,3.526,3.501,3.506,45225.799462
1692363600000,3.503,3.521,3.495,3.498,82464.091199
1692367200000,3.498,3.508,3.472,3.487,160644.813714
1692370800000,3.485,3.515,3.479,3.483,94148.701997
1692374400000,3.483,3.501,3.453,3.475,119972.997196
1692378000000,3.475,3.505,3.43,3.482,357132.770457
1692381600000,3.482,3.523,3.471,3.506,45655.363912
1692385200000,3.502,3.502,3.479,3.482,34415.324379
1692388800000,3.482,3.506,3.481,3.487,65947.626715
1692392400000,3.487,3.511,3.486,3.501,32922.296407
1692396000000,3.5,3.517,3.5,3.505,35934.624652
1692399600000,3.503,3.515,3.495,3.501,37740.703859
1692403200000,3.501,3.524,3.492,3.523,42740.540712
1692406800000,3.523,3.523,3.496,3.498,43089.444396
1692410400000,3.496,3.521,3.496,3.511,32564.447013
1692414000000,3.51,3.511,3.5,3.51,20773.175827
1692417600000,3.51,3.515,3.499,3.51,30584.635878
1692421200000,3.51,3.516,3.5,3.503,39166.33156
1692424800000,3.502,3.511,3.501,3.503,17440.405378
1692428400000,3.502,3.511,3.493,3.509,55088.155118
1692432000000,3.509,3.533,3.505,3.528,58271.620597
1692435600000,3.529,3.545,3.521,3.536,108912.389058
1692439200000,3.537,3.542,3.524,3.525,60964.803728
1692442800000,3.525,3.535,3.517,3.533,71620.815031
1692446400000,3.532,3.54,3.528,3.531,49632.990265
1692450000000,3.531,3.549,3.53,3.535,60309.704994
1692453600000,3.535,3.57,3.535,3.566,48989.110359
1692457200000,3.565,3.594,3.557,3.591,98926.294244
1692460800000,3.591,3.61,3.578,3.608,75212.857163
1692464400000,3.607,3.62,3.568,3.568,122919.166154
1692468000000,3.569,3.574,3.558,3.564,41340.244468
1692471600000,3.566,3.567,3.554,3.557,33009.633222
1692475200000,3.555,3.56,3.53,3.547,47596.944801
1692478800000,3.546,3.552,3.541,3.55,12494.867316
1692482400000,3.55,3.562,3.545,3.548,10737.320179
1692486000000,3.546,3.569,3.544,3.568,24510.396197
1692489600000,3.568,3.585,3.567,3.584,18299.380994
1692493200000,3.583,3.585,3.565,3.573,34754.756133
1692496800000,3.573,3.581,3.568,3.578,13821.402263
1692500400000,3.578,3.579,3.567,3.567,19808.623193
1692504000000,3.568,3.573,3.565,3.568,16102.860193
1692507600000,3.566,3.57,3.551,3.551,21685.557894
1692511200000,3.551,3.557,3.545,3.551,23077.887149
1692514800000,3.551,3.56,3.549,3.56,17556.922795
1692518400000,3.56,3.56,3.553,3.558,19638.806017
1692522000000,3.558,3.563,3.55,3.56,23765.847939
1692525600000,3.559,3.571,3.558,3.567,37017.707752
1692529200000,3.567,3.58,3.557,3.562,68915.124102
1692532800000,3.562,3.563,3.552,3.557,20983.001191
1692536400000,3.558,3.567,3.556,3.559,61922.640109
1692540000000,3.559,3.563,3.523,3.53,176259.342539
1692543600000,3.531,3.546,3.518,3.542,144972.471713
1692547200000,3.542,3.553,3.533,3.535,37541.237409
1692550800000,3.536,3.579,3.536,3.569,28734.589845
1692554400000,3.57,3.57,3.557,3.559,21110.518366
1692558000000,3.56,3.568,3.556,3.568,5890.170653
1692561600000,3.568,3.59,3.566,3.578,45022.790683
1692565200000,3.581,3.581,3.564,3.566,13631.328479
1692568800000,3.567,3.57,3.563,3.565,11503.74131
1692572400000,3.566,3.567,3.557,3.564,14219.045963
1692576000000,3.563,3.564,3.545,3.555,35671.825208
1692579600000,3.556,3.57,3.554,3.564,24009.340684
1692583200000,3.566,3.569,3.556,3.559,28415.484211
1692586800000,3.559,3.559,3.549,3.552,13198.453442
1692590400000,3.553,3.553,3.544,3.545,39954.213634
1692594000000,3.545,3.578,3.545,3.557,55704.105719
1692597600000,3.559,3.56,3.53,3.533,58127.703949
1692601200000,3.533,3.544,3.53,3.541,27427.710004
1692604800000,3.541,3.552,3.533,3.549,30300.697828
1692608400000,3.548,3.552,3.538,3.54,18278.426873
1692612000000,3.54,3.54,3.503,3.513,88618.46935
1692615600000,3.512,3.541,3.506,3.541,54645.179411
1692619200000,3.542,3.548,3.396,3.429,321267.009975
1692622800000,3.43,3.485,3.429,3.483,124877.459288
1692626400000,3.485,3.494,3.464,3.475,97996.372224
1692630000000,3.475,3.477,3.344,3.405,408479.616159
1692633600000,3.406,3.419,3.382,3.387,108900.638451
1692637200000,3.388,3.419,3.386,3.414,69249.580013
1692640800000,3.415,3.427,3.405,3.417,27767.006067
1692644400000,3.417,3.443,3.414,3.431,18169.289764
1692648000000,3.431,3.437,3.419,3.43,31946.189083
1692651600000,3.43,3.444,3.414,3.438,22844.170995
1692655200000,3.44,3.44,3.419,3.423,21503.583232
1692658800000,3.423,3.425,3.415,3.416,28037.927115
1692662400000,3.416,3.426,3.414,3.418,23122.752585
1692666000000,3.419,3.419,3.401,3.402,50015.419477
1692669600000,3.403,3.414,3.403,3.412,28502.209652
1692673200000,3.412,3.415,3.401,3.405,60244.420285
1692676800000,3.403,3.406,3.393,3.396,24013.566659
1692680400000,3.397,3.402,3.395,3.4,19024.282863
1692684000000,3.401,3.413,3.394,3.407,32644.649965
1692687600000,3.408,3.413,3.401,3.411,28801.415755
1692691200000,3.412,3.414,3.397,3.4,23966.117642
1692694800000,3.4,3.413,3.399,3.411,24869.906408
1692698400000,3.41,3.416,3.396,3.402,23066.03038
1692702000000,3.401,3.405,3.386,3.392,34898.659306
1692705600000,3.393,3.414,3.392,3.402,100588.856907
1692709200000,3.402,3.404,3.372,3.378,111060.71882
1692712800000,3.378,3.396,3.369,3.377,147738.457138
1692716400000,3.377,3.392,3.364,3.371,42249.122479
1692720000000,3.374,3.395,3.344,3.387,108704.379199
1692723600000,3.387,3.387,3.31,3.32,180242.240649
1692727200000,3.317,3.35,3.276,3.333,126646.932427
1692730800000,3.332,3.342,3.313,3.318,18016.527508
1692734400000,3.318,3.343,3.318,3.343,14748.256905
1692738000000,3.343,3.345,3.206,3.285,220035.023758
1692741600000,3.285,3.352,3.28,3.35,78974.361255
1692745200000,3.351,3.405,3.349,3.39,106409.163347
1692748800000,3.392,3.432,3.389,3.398,139997.098161
1692752400000,3.4,3.414,3.388,3.403,52341.801247
1692756000000,3.403,3.417,3.4,3.4,25625.320427
1692759600000,3.401,3.406,3.391,3.395,27604.607151
1692763200000,3.396,3.413,3.394,3.4,75292.322997
1692766800000,3.402,3.402,3.379,3.394,64875.90588
1692770400000,3.392,3.424,3.39,3.405,54229.468454
1692774000000,3.405,3.416,3.384,3.391,169360.22152
1692777600000,3.391,3.402,3.391,3.393,24012.656838
1692781200000,3.396,3.405,3.394,3.398,20707.389084
1692784800000,3.399,3.402,3.387,3.389,27581.598183
1692788400000,3.389,3.393,3.377,3.385,45667.934774
1692792000000,3.385,3.395,3.365,3.375,68259.232547
1692795600000,3.373,3.415,3.37,3.408,56894.508276
1692799200000,3.408,3.423,3.396,3.411,63079.166248
1692802800000,3.411,3.431,3.407,3.426,95236.87469
1692806400000,3.427,3.478,3.422,3.466,164967.353304
1692810000000,3.468,3.477,3.451,3.453,69255.935766
1692813600000,3.453,3.466,3.45,3.455,44621.089873
1692817200000,3.454,3.489,3.453,3.476,62941.29759
1692820800000,3.474,3.485,3.464,3.464,31276.184992
1692824400000,3.464,3.466,3.41,3.426,78568.328307
1692828000000,3.425,3.453,3.425,3.451,24185.089186
1692831600000,3.451,3.459,3.446,3.453,60866.166451
1692835200000,3.453,3.465,3.451,3.456,26099.930923
1692838800000,3.459,3.459,3.432,3.439,49327.403711
1692842400000,3.438,3.449,3.435,3.445,18874.193817
1692846000000,3.446,3.456,3.439,3.455,26492.93039
1692849600000,3.455,3.468,3.444,3.462,26319.86099
1692853200000,3.462,3.47,3.451,3.454,54518.239934
1692856800000,3.454,3.467,3.39,3.429,234379.227481
1692860400000,3.431,3.447,3.431,3.441,66168.397849
1692864000000,3.438,3.438,3.41,3.426,54714.050248
1692867600000,3.423,3.428,3.406,3.407,81344.119049
1692871200000,3.407,3.432,3.4,3.427,107777.153592
1692874800000,3.426,3.435,3.416,3.42,27623.007728
1692878400000,3.418,3.418,3.351,3.381,206120.920837
1692882000000,3.381,3.395,3.37,3.384,82435.2528
1692885600000,3.384,3.386,3.345,3.354,128271.995567
1692889200000,3.352,3.358,3.327,3.34,153994.126923
1692892800000,3.337,3.354,3.331,3.346,183533.690065
1692896400000,3.346,3.346,3.298,3.333,162579.944318
1692900000000,3.334,3.334,3.3,3.31,85488.190734
1692903600000,3.31,3.332,3.308,3.32,40275.469287
1692907200000,3.321,3.321,3.265,3.286,140483.755341
1692910800000,3.286,3.303,3.284,3.299,60248.859657
1692914400000,3.299,3.302,3.288,3.288,55449.398776
1692918000000,3.289,3.303,3.255,3.301,157583.06183
1692921600000,3.301,3.302,3.262,3.264,109920.843908
1692925200000,3.265,3.281,3.237,3.28,131646.072516
1692928800000,3.279,3.299,3.271,3.276,102811.386344
1692932400000,3.275,3.279,3.186,3.248,287691.838798
1692936000000,3.249,3.25,3.209,3.211,151807.906522
1692939600000,3.211,3.247,3.202,3.244,79533.154371
1692943200000,3.245,3.247,3.231,3.24,44662.157976
1692946800000,3.24,3.246,3.231,3.233,59328.781873
1692950400000,3.233,3.255,3.233,3.245,59903.301964
1692954000000,3.245,3.256,3.238,3.248,33619.110889
1692957600000,3.249,3.269,3.248,3.263,59432.862028
1692961200000,3.264,3.278,3.261,3.265,73161.804077
1692964800000,3.266,3.275,3.253,3.256,49026.386479
1692968400000,3.257,3.275,3.249,3.249,68416.835989
1692972000000,3.251,3.289,3.222,3.227,222856.603392
1692975600000,3.227,3.262,3.212,3.228,93049.121091
1692979200000,3.226,3.233,3.207,3.214,44717.670802
1692982800000,3.215,3.23,3.214,3.227,17479.821449
1692986400000,3.228,3.258,3.221,3.254,26843.648392
1692990000000,3.255,3.255,3.227,3.231,16745.327201
1692993600000,3.231,3.237,3.221,3.235,13992.740528
1692997200000,3.236,3.24,3.219,3.24,23030.594178
1693000800000,3.24,3.24,3.223,3.239,31695.493035
1693004400000,3.239,3.241,3.227,3.239,22941.454998
1693008000000,3.239,3.239,3.222,3.232,21542.897575
1693011600000,3.232,3.245,3.229,3.239,35746.706024
1693015200000,3.24,3.253,3.237,3.251,64367.449145
1693018800000,3.253,3.266,3.251,3.264,68240.34903
1693022400000,3.266,3.267,3.246,3.254,24564.662831
1693026000000,3.254,3.256,3.236,3.244,25780.570773
1693029600000,3.242,3.256,3.235,3.256,45220.972302
1693033200000,3.256,3.265,3.252,3.254,24666.044702
1693036800000,3.253,3.268,3.245,3.25,63272.877447
1693040400000,3.25,3.26,3.246,3.256,20661.313828
1693044000000,3.256,3.269,3.254,3.261,20946.405039
1693047600000,3.259,3.266,3.254,3.259,16164.60994
1693051200000,3.26,3.261,3.247,3.253,29315.164155
1693054800000,3.254,3.258,3.25,3.258,19189.938741
1693058400000,3.258,3.273,3.25,3.271,26986.323895
1693062000000,3.271,3.272,3.257,3.258,31895.318632
1693065600000,3.261,3.262,3.242,3.249,43752.326646
1693069200000,3.248,3.252,3.24,3.247,18889.354774
1693072800000,3.246,3.246,3.24,3.246,18509.143849
1693076400000,3.247,3.259,3.246,3.255,8049.711333
1693080000000,3.255,3.26,3.253,3.258,32361.244838
1693083600000,3.258,3.282,3.257,3.281,46742.004761
1693087200000,3.28,3.281,3.268,3.269,18139.819882
1693090800000,3.27,3.271,3.258,3.261,32805.164811
1693094400000,3.26,3.274,3.252,3.253,20943.490586
1693098000000,3.253,3.259,3.247,3.255,44143.191652
1693101600000,3.256,3.258,3.219,3.232,56139.461122
1693105200000,3.232,3.243,3.23,3.24,37430.681324
1693108800000,3.24,3.25,3.239,3.248,20947.051826
1693112400000,3.249,3.252,3.242,3.248,30504.816049
1693116000000,3.248,3.25,3.241,3.25,41282.351037
1693119600000,3.25,3.254,3.245,3.25,60116.260069
1693123200000,3.25,3.26,3.245,3.25,24492.28246
1693126800000,3.25,3.252,3.242,3.25,29459.159538
1693130400000,3.251,3.26,3.251,3.253,12231.100144
1693134000000,3.252,3.252,3.239,3.242,14900.643464
1693137600000,3.242,3.255,3.24,3.253,24270.081423
1693141200000,3.254,3.272,3.249,3.256,100505.577935
1693144800000,3.257,3.289,3.257,3.28,115472.85021
1693148400000,3.28,3.288,3.274,3.278,58235.361496
1693152000000,3.28,3.299,3.271,3.295,75137.507891
1693155600000,3.295,3.313,3.278,3.286,92260.552161
1693159200000,3.284,3.309,3.276,3.304,60255.826116
1693162800000,3.305,3.314,3.297,3.299,19798.287646
1693166400000,3.299,3.3,3.284,3.289,14463.780772
1693170000000,3.291,3.308,3.283,3.287,30196.690488
1693173600000,3.287,3.305,3.285,3.304,18706.586905
1693177200000,3.304,3.32,3.303,3.317,45212.214014
1693180800000,3.317,3.322,3.286,3.299,79190.213341
1693184400000,3.298,3.336,3.285,3.302,150850.700476
1693188000000,3.303,3.34,3.302,3.332,109303.421426
1693191600000,3.332,3.371,3.331,3.347,139080.419722
1693195200000,3.348,3.356,3.331,3.332,62851.133912
1693198800000,3.332,3.343,3.276,3.325,179879.968376
1693202400000,3.324,3.372,3.321,3.346,202006.057571
1693206000000,3.347,3.349,3.317,3.338,185165.596358
1693209600000,3.337,3.37,3.332,3.358,202810.213658
1693213200000,3.359,3.37,3.322,3.338,153875.498122
1693216800000,3.34,3.345,3.336,3.344,49884.880167
1693220400000,3.344,3.362,3.311,3.335,98924.668587
1693224000000,3.334,3.369,3.325,3.357,84672.79575
1693227600000,3.36,3.368,3.342,3.36,61640.424378
1693231200000,3.359,3.383,3.35,3.369,64737.432191
1693234800000,3.37,3.374,3.349,3.363,52081.071013
1693238400000,3.362,3.373,3.336,3.348,78309.349668
1693242000000,3.348,3.356,3.339,3.352,45589.390924
1693245600000,3.353,3.361,3.339,3.36,24515.173164
1693249200000,3.361,3.372,3.334,3.372,49856.876828
1693252800000,3.37,3.38,3.359,3.362,25249.986798
1693256400000,3.363,3.372,3.353,3.353,21143.72646
1693260000000,3.352,3.378,3.348,3.372,27367.993569
1693263600000,3.371,3.396,3.366,3.396,43209.73631
1693267200000,3.395,3.424,3.393,3.407,99622.109317
1693270800000,3.41,3.421,3.382,3.387,86810.389869
1693274400000,3.387,3.389,3.365,3.366,63177.983127
1693278000000,3.367,3.373,3.346,3.36,89562.637967
1693281600000,3.36,3.376,3.354,3.357,75428.506565
1693285200000,3.357,3.381,3.356,3.369,53574.367368
1693288800000,3.369,3.372,3.337,3.337,58805.631911
1693292400000,3.336,3.357,3.33,3.334,106647.674826
1693296000000,3.333,3.344,3.325,3.336,94113.148142
1693299600000,3.338,3.348,3.332,3.334,54029.099833
1693303200000,3.333,3.337,3.304,3.312,105722.770361
1693306800000,3.312,3.326,3.303,3.311,61997.845807
1693310400000,3.311,3.318,3.295,3.315,66601.908588
1693314000000,3.317,3.336,3.309,3.318,36410.346781
1693317600000,3.321,3.577,3.321,3.531,1617860.986405
1693321200000,3.531,3.54,3.477,3.509,414510.920793
1693324800000,3.51,3.554,3.5,3.537,437866.570554
1693328400000,3.537,3.558,3.518,3.539,147212.686357
1693332000000,3.541,3.548,3.511,3.511,97693.50548
1693335600000,3.512,3.521,3.496,3.509,103886.71865
1693339200000,3.51,3.526,3.489,3.489,52099.733859
1693342800000,3.491,3.508,3.49,3.504,26930.254191
1693346400000,3.505,3.523,3.5,3.513,73582.534875
1693350000000,3.514,3.514,3.478,3.498,116417.497916
1693353600000,3.499,3.503,3.471,3.475,52646.494016
1693357200000,3.474,3.476,3.445,3.464,104040.276132
1693360800000,3.464,3.468,3.451,3.46,44061.587689
1693364400000,3.46,3.463,3.435,3.461,61363.628009
1693368000000,3.46,3.461,3.447,3.456,37621.96607
1693371600000,3.453,3.458,3.44,3.45,66872.374623
1693375200000,3.448,3.45,3.437,3.441,42630.944587
1693378800000,3.442,3.448,3.433,3.445,34348.188972
1693382400000,3.446,3.447,3.429,3.446,47225.041105
1693386000000,3.446,3.446,3.417,3.434,138922.09022
1693389600000,3.434,3.441,3.426,3.432,37860.480418
1693393200000,3.431,3.432,3.417,3.421,29966.606081
1693396800000,3.418,3.435,3.407,3.422,70511.969646
1693400400000,3.422,3.436,3.39,3.421,195158.352339
1693404000000,3.423,3.428,3.368,3.388,224483.423088
1693407600000,3.388,3.412,3.375,3.404,69627.977849
1693411200000,3.405,3.412,3.391,3.399,41041.609684
1693414800000,3.396,3.419,3.395,3.407,31618.317672
1693418400000,3.406,3.418,3.396,3.416,20562.332678
1693422000000,3.417,3.418,3.41,3.411,10442.178414
1693425600000,3.411,3.425,3.407,3.418,15953.268331
1693429200000,3.419,3.428,3.405,3.407,21010.525809
1693432800000,3.408,3.418,3.405,3.415,20447.282956
1693436400000,3.414,3.421,3.411,3.417,21787.62126
1693440000000,3.417,3.42,3.393,3.393,44708.267321
1693443600000,3.393,3.394,3.379,3.385,45914.007763
1693447200000,3.385,3.395,3.383,3.387,22673.552179
1693450800000,3.387,3.393,3.383,3.385,37411.766642
1693454400000,3.387,3.41,3.387,3.404,55846.252575
1693458000000,3.404,3.426,3.385,3.405,139878.85602
1693461600000,3.404,3.422,3.404,3.417,51759.95353
1693465200000,3.418,3.434,3.411,3.43,89022.17015
1693468800000,3.43,3.437,3.414,3.422,64842.805652
1693472400000,3.423,3.424,3.412,3.419,30837.941892
1693476000000,3.419,3.421,3.393,3.413,62789.120632
1693479600000,3.415,3.447,3.412,3.42,96673.286518
1693483200000,3.42,3.421,3.395,3.403,58568.598172
1693486800000,3.403,3.403,3.352,3.375,152926.411952
1693490400000,3.375,3.378,3.334,3.378,190451.634967
1693494000000,3.378,3.378,3.229,3.278,707641.341245
1693497600000,3.279,3.287,3.18,3.189,469379.545002
1693501200000,3.19,3.204,3.1,3.202,623729.347711
1693504800000,3.202,3.213,3.192,3.206,46849.035479
1693508400000,3.204,3.21,3.176,3.202,73116.288316
1693512000000,3.2,3.202,3.186,3.195,28050.314936
1693515600000,3.197,3.199,3.163,3.188,173853.575085
1693519200000,3.191,3.207,3.178,3.207,61532.255211
1693522800000,3.206,3.219,3.199,3.217,61141.260344
1693526400000,3.216,3.236,3.21,3.226,83708.768033
1693530000000,3.226,3.226,3.196,3.197,77622.161505
1693533600000,3.198,3.211,3.195,3.202,41013.18572
1693537200000,3.203,3.218,3.195,3.214,52048.395607
1693540800000,3.214,3.219,3.21,3.211,27189.447179
1693544400000,3.211,3.222,3.211,3.212,32978.915546
1693548000000,3.214,3.227,3.2,3.201,67997.866836
1693551600000,3.201,3.207,3.19,3.197,29752.332941
1693555200000,3.198,3.206,3.193,3.201,62113.579559
1693558800000,3.202,3.212,3.196,3.205,29162.173086
1693562400000,3.204,3.205,3.191,3.196,21531.908452
1693566000000,3.197,3.216,3.192,3.215,25321.709096
1693569600000,3.215,3.218,3.205,3.212,34481.4727
1693573200000,3.212,3.217,3.196,3.214,65178.656276
1693576800000,3.211,3.217,3.174,3.19,104179.405733
1693580400000,3.189,3.213,3.175,3.193,47287.511244
1693584000000,3.192,3.205,3.165,3.17,72248.091902
1693587600000,3.167,3.171,3.107,3.14,235817.131849
1693591200000,3.14,3.177,3.137,3.162,41158.428741
1693594800000,3.163,3.166,3.149,3.166,82342.90361
1693598400000,3.165,3.192,3.153,3.166,23152.011243
1693602000000,3.165,3.178,3.159,3.167,25062.331537
1693605600000,3.166,3.172,3.156,3.168,18953.90291
1693609200000,3.167,3.178,3.163,3.175,31059.358825
1693612800000,3.175,3.183,3.157,3.165,100557.207902
1693616400000,3.165,3.179,3.161,3.171,31689.363809
1693620000000,3.17,3.185,3.165,3.17,31741.210954
1693623600000,3.172,3.183,3.172,3.179,29092.203297
1693627200000,3.18,3.185,3.177,3.183,23599.338537
1693630800000,3.183,3.185,3.163,3.171,36740.449941
1693634400000,3.173,3.174,3.165,3.167,18019.854185
1693638000000,3.167,3.181,3.159,3.181,60964.812845
1693641600000,3.182,3.193,3.168,3.17,85317.871386
1693645200000,3.17,3.189,3.169,3.185,36846.900152
1693648800000,3.185,3.193,3.167,3.176,91261.386876
1693652400000,3.178,3.18,3.17,3.176,44938.591658
1693656000000,3.175,3.183,3.173,3.18,18262.368331
1693659600000,3.181,3.191,3.169,3.188,46958.09903
1693663200000,3.189,3.203,3.183,3.193,27243.209373
1693666800000,3.194,3.239,3.191,3.204,262618.254752
1693670400000,3.204,3.229,3.188,3.193,83658.329065
1693674000000,3.194,3.194,3.167,3.171,31774.708906
1693677600000,3.171,3.176,3.135,3.153,108383.014421
1693681200000,3.151,3.18,3.149,3.176,32354.323042
1693684800000,3.174,3.18,3.17,3.178,3825.061221
1693688400000,3.177,3.182,3.174,3.179,7161.209628
1693692000000,3.179,3.186,3.178,3.181,8400.042872
1693695600000,3.182,3.193,3.181,3.191,14188.957111
1693699200000,3.191,3.194,3.178,3.19,23572.106503
1693702800000,3.19,3.199,3.175,3.178,35240.45635
1693706400000,3.177,3.18,3.175,3.178,34106.100913
1693710000000,3.179,3.193,3.17,3.19,51389.230547
1693713600000,3.19,3.192,3.179,3.181,26271.871309
1693717200000,3.18,3.191,3.177,3.19,20024.033956
1693720800000,3.191,3.195,3.187,3.191,20002.094981
1693724400000,3.192,3.192,3.179,3.188,26653.146964
1693728000000,3.187,3.188,3.168,3.172,24584.645405
1693731600000,3.173,3.178,3.164,3.177,37009.237393
1693735200000,3.176,3.185,3.172,3.183,16777.044637
1693738800000,3.183,3.185,3.174,3.182,16449.113316
1693742400000,3.183,3.195,3.173,3.179,54204.246349
1693746000000,3.178,3.179,3.164,3.172,39551.022201
1693749600000,3.171,3.184,3.168,3.173,110465.866366
1693753200000,3.173,3.175,3.154,3.16,95943.658315
1693756800000,3.161,3.167,3.11,3.138,164175.543355
1693760400000,3.137,3.163,3.131,3.16,95262.835148
1693764000000,3.16,3.191,3.157,3.166,61405.270604
1693767600000,3.167,3.17,3.156,3.166,21225.784015
1693771200000,3.168,3.177,3.15,3.168,53931.355819
1693774800000,3.169,3.169,3.146,3.151,26114.960388
1693778400000,3.15,3.163,3.149,3.161,11792.501741
1693782000000,3.163,3.175,3.158,3.17,17801.8323
1693785600000,3.169,3.186,3.169,3.178,36910.436887
1693789200000,3.178,3.191,3.176,3.186,69139.680868
1693792800000,3.187,3.221,3.186,3.216,63559.238838
1693796400000,3.216,3.294,3.216,3.236,279658.923452
1693800000000,3.236,3.246,3.216,3.226,215064.082368
1693803600000,3.226,3.228,3.197,3.198,109747.390995
1693807200000,3.197,3.226,3.19,3.219,145778.160972
1693810800000,3.219,3.227,3.205,3.207,37647.696481
1693814400000,3.207,3.222,3.207,3.209,44468.819325
1693818000000,3.21,3.211,3.194,3.2,31973.912254
1693821600000,3.201,3.205,3.189,3.2,37701.451607
1693825200000,3.201,3.202,3.182,3.186,46296.375466
1693828800000,3.185,3.19,3.164,3.171,79055.211045
1693832400000,3.172,3.204,3.167,3.185,65222.17041
1693836000000,3.184,3.194,3.176,3.18,34719.797939
1693839600000,3.181,3.194,3.149,3.176,138292.050575
1693843200000,3.176,3.192,3.176,3.183,38019.866903
1693846800000,3.186,3.204,3.18,3.201,43091.437041
1693850400000,3.2,3.201,3.184,3.189,7851.837006
1693854000000,3.189,3.19,3.172,3.186,7565.794134
1693857600000,3.187,3.191,3.17,3.177,34257.865663
1693861200000,3.177,3.178,3.124,3.131,101132.547337
1693864800000,3.128,3.167,3.12,3.167,36097.937506
1693868400000,3.167,3.178,3.164,3.178,42042.409215
1693872000000,3.178,3.183,3.167,3.172,39363.667606
1693875600000,3.171,3.188,3.164,3.177,94022.79067
1693879200000,3.178,3.183,3.156,3.161,41759.413049
1693882800000,3.161,3.168,3.144,3.167,62577.432006
1693886400000,3.167,3.181,3.167,3.177,33820.334834
1693890000000,3.177,3.183,3.171,3.175,33669.277516
1693893600000,3.174,3.183,3.164,3.167,56223.441741
1693897200000,3.168,3.181,3.16,3.177,41089.144951
1693900800000,3.177,3.198,3.174,3.195,61722.857846
1693904400000,3.195,3.218,3.195,3.208,83497.411764
1693908000000,3.209,3.229,3.208,3.216,79659.466758
1693911600000,3.217,3.221,3.203,3.216,36330.397654
1693915200000,3.215,3.226,3.199,3.224,53062.349725
1693918800000,3.224,3.225,3.209,3.21,25853.500627
1693922400000,3.21,3.241,3.202,3.228,64463.812857
1693926000000,3.23,3.263,3.227,3.24,221950.319943
1693929600000,3.24,3.246,3.214,3.219,56503.237881
1693933200000,3.219,3.229,3.216,3.224,32152.732116
1693936800000,3.229,3.235,3.223,3.235,10075.378908
1693940400000,3.235,3.25,3.229,3.234,28184.169539
1693944000000,3.234,3.249,3.229,3.237,132514.323589
1693947600000,3.237,3.252,3.237,3.242,33820.241312
1693951200000,3.241,3.244,3.235,3.244,23552.593459
1693954800000,3.244,3.251,3.235,3.238,24140.360569
1693958400000,3.238,3.254,3.229,3.235,38443.580635
1693962000000,3.237,3.26,3.229,3.236,195463.385983
1693965600000,3.236,3.26,3.233,3.259,33628.565382
1693969200000,3.259,3.28,3.24,3.24,109131.964497
1693972800000,3.24,3.241,3.227,3.229,43480.102983
1693976400000,3.228,3.236,3.222,3.23,97048.990278
1693980000000,3.23,3.241,3.227,3.235,40294.523661
1693983600000,3.235,3.245,3.23,3.231,32124.990923
1693987200000,3.232,3.244,3.224,3.239,30716.941556
1693990800000,3.24,3.253,3.236,3.25,25877.18879
1693994400000,3.25,3.261,3.234,3.239,38861.578672
1693998000000,3.24,3.255,3.236,3.247,16953.584833
1694001600000,3.248,3.256,3.245,3.254,101481.443897
1694005200000,3.254,3.273,3.244,3.262,88655.969911
1694008800000,3.261,3.262,3.229,3.241,101478.930331
1694012400000,3.239,3.248,3.216,3.228,72777.64575
1694016000000,3.227,3.239,3.224,3.227,38229.704843
1694019600000,3.226,3.305,3.174,3.269,404750.34132
1694023200000,3.271,3.28,3.217,3.231,95634.507506
1694026800000,3.232,3.242,3.225,3.234,22323.90482
1694030400000,3.236,3.246,3.228,3.228,14233.560311
1694034000000,3.227,3.253,3.227,3.253,9978.714445
1694037600000,3.254,3.263,3.239,3.244,37518.886839
1694041200000,3.243,3.248,3.238,3.245,21559.212306
1694044800000,3.245,3.261,3.236,3.258,29667.92541
1694048400000,3.259,3.259,3.236,3.24,95428.658961
1694052000000,3.24,3.248,3.235,3.237,40506.898639
1694055600000,3.238,3.249,3.234,3.246,22197.774673
1694059200000,3.247,3.26,3.247,3.251,33875.746502
1694062800000,3.252,3.253,3.233,3.236,54113.384873
1694066400000,3.235,3.238,3.227,3.229,34535.277796
1694070000000,3.229,3.23,3.22,3.226,97669.460368
1694073600000,3.225,3.228,3.22,3.224,23170.288657
1694077200000,3.223,3.23,3.221,3.223,14125.658994
1694080800000,3.224,3.232,3.219,3.222,45777.564456
1694084400000,3.223,3.225,3.206,3.211,20981.912308
1694088000000,3.211,3.221,3.204,3.219,41666.200468
1694091600000,3.219,3.238,3.216,3.221,40361.389257
1694095200000,3.221,3.239,3.216,3.239,16502.224392
1694098800000,3.239,3.248,3.225,3.228,52375.836671
1694102400000,3.228,3.258,3.226,3.233,70390.535076
1694106000000,3.237,3.237,3.221,3.236,22600.718772
1694109600000,3.235,3.238,3.225,3.232,8759.298312
1694113200000,3.232,3.238,3.225,3.237,8973.717011
1694116800000,3.237,3.258,3.237,3.257,18619.759975
1694120400000,3.257,3.283,3.251,3.255,144290.358261
1694124000000,3.258,3.271,3.254,3.265,38090.580365
1694127600000,3.267,3.274,3.249,3.265,35702.918622
1694131200000,3.265,3.287,3.253,3.277,50641.42454
1694134800000,3.278,3.283,3.256,3.256,56115.920012
1694138400000,3.257,3.262,3.226,3.24,166289.991662
1694142000000,3.24,3.258,3.239,3.256,39024.689985
1694145600000,3.256,3.266,3.252,3.262,16819.098034
1694149200000,3.263,3.265,3.243,3.245,25070.329417
1694152800000,3.245,3.257,3.242,3.253,31293.145241
1694156400000,3.252,3.262,3.249,3.254,23728.293685
1694160000000,3.253,3.253,3.243,3.247,19308.674776
1694163600000,3.246,3.25,3.227,3.23,53858.19455
1694167200000,3.227,3.228,3.175,3.212,405188.574322
1694170800000,3.212,3.217,3.204,3.206,20401.59521
1694174400000,3.206,3.22,3.205,3.214,40794.859294
1694178000000,3.215,3.233,3.213,3.229,39049.422853
1694181600000,3.229,3.232,3.213,3.215,33701.793962
1694185200000,3.215,3.222,3.211,3.214,17998.155948
1694188800000,3.214,3.22,3.205,3.215,45083.021583
1694192400000,3.214,3.225,3.206,3.225,24041.511956
1694196000000,3.224,3.224,3.21,3.213,16814.053852
1694199600000,3.213,3.22,3.207,3.214,8523.076954
1694203200000,3.213,3.217,3.207,3.215,9986.043506
1694206800000,3.217,3.221,3.205,3.217,26084.066745
1694210400000,3.216,3.228,3.216,3.228,17647.84885
1694214000000,3.227,3.232,3.223,3.227,17166.654751
1694217600000,3.227,3.229,3.213,3.215,12091.299341
1694221200000,3.215,3.234,3.215,3.229,18311.459837
1694224800000,3.23,3.236,3.228,3.234,44594.39992
1694228400000,3.233,3.236,3.226,3.228,20190.616356
1694232000000,3.23,3.237,3.223,3.237,19385.634757
1694235600000,3.237,3.242,3.223,3.228,66839.521035
1694239200000,3.229,3.245,3.227,3.244,22210.168462
1694242800000,3.243,3.245,3.237,3.238,22559.542574
1694246400000,3.238,3.245,3.228,3.228,39949.375724
1694250000000,3.228,3.235,3.224,3.232,42228.497181
1694253600000,3.232,3.242,3.232,3.238,33798.740829
1694257200000,3.239,3.24,3.233,3.238,17263.234749
1694260800000,3.239,3.24,3.23,3.231,13419.402683
1694264400000,3.23,3.236,3.227,3.234,18921.759022
1694268000000,3.234,3.254,3.234,3.251,76928.795889
1694271600000,3.252,3.27,3.246,3.254,173477.961152
1694275200000,3.255,3.257,3.243,3.246,33138.35504
1694278800000,3.246,3.25,3.238,3.245,29390.902126
1694282400000,3.245,3.247,3.23,3.236,20499.043617
1694286000000,3.236,3.251,3.235,3.25,5572.388475
1694289600000,3.251,3.253,3.243,3.243,6097.997883
1694293200000,3.244,3.249,3.241,3.249,10586.345679
1694296800000,3.251,3.252,3.243,3.243,12609.057215
1694300400000,3.243,3.245,3.237,3.241,7698.897276
1694304000000,3.241,3.241,3.191,3.232,218129.359727
1694307600000,3.23,3.236,3.217,3.235,58912.150684
1694311200000,3.234,3.245,3.227,3.232,50486.191612
1694314800000,3.232,3.238,3.221,3.224,54369.927241
1694318400000,3.224,3.225,3,3.128,1406078.267523
1694322000000,3.127,3.151,3.122,3.147,90022.688603
1694325600000,3.147,3.157,3.145,3.146,60106.638504
1694329200000,3.146,3.155,3.144,3.147,41973.142145
1694332800000,3.147,3.147,3.127,3.134,145599.243081
1694336400000,3.136,3.148,3.127,3.141,90796.164356
1694340000000,3.14,3.142,3.129,3.13,93090.136263
1694343600000,3.128,3.143,3.128,3.139,51230.155954
1694347200000,3.137,3.147,3.137,3.142,33782.135542
1694350800000,3.142,3.143,3.129,3.136,71959.00673
1694354400000,3.137,3.139,3.098,3.104,152258.726456
1694358000000,3.104,3.119,3.058,3.113,253925.657197
1694361600000,3.113,3.114,3.063,3.094,235581.873079
1694365200000,3.099,3.103,3.06,3.085,174964.969206
1694368800000,3.086,3.118,3.079,3.1,159983.515923
1694372400000,3.099,3.102,3.049,3.09,181736.113795
1694376000000,3.089,3.132,3.088,3.116,97581.129546
1694379600000,3.117,3.132,3.112,3.116,29710.69509
1694383200000,3.116,3.129,3.106,3.107,37630.510395
1694386800000,3.107,3.118,3.107,3.115,34031.012081
1694390400000,3.115,3.129,3.08,3.102,77229.801655
1694394000000,3.101,3.112,3.085,3.098,45180.630149
1694397600000,3.098,3.12,3.085,3.116,81254.044693
1694401200000,3.116,3.123,3.113,3.113,20662.853891
1694404800000,3.113,3.114,3.102,3.111,34806.367587
1694408400000,3.111,3.119,3.103,3.119,29851.31561
1694412000000,3.119,3.123,3.107,3.107,36516.64558
1694415600000,3.107,3.112,3.096,3.101,24389.897237
1694419200000,3.101,3.103,3.068,3.082,78037.680694
1694422800000,3.08,3.093,3.035,3.069,246263.239199
1694426400000,3.069,3.071,3,3.047,436867.555937
1694430000000,3.046,3.062,3.043,3.048,103913.461093
1694433600000,3.048,3.07,3.047,3.07,74517.755578
1694437200000,3.07,3.071,3.037,3.039,101461.609446
1694440800000,3.039,3.055,3,3.03,599002.972866
1694444400000,3.029,3.047,3.015,3.039,162493.551854
1694448000000,3.039,3.059,3.03,3.031,67575.591833
1694451600000,3.03,3.04,3.008,3.037,54479.835886
1694455200000,3.038,3.038,3.006,3.008,40363.46961
1694458800000,3.008,3.014,2.947,2.984,506538.211644
1694462400000,2.985,3.002,2.97,2.997,55525.602026
1694466000000,2.999,3.019,2.995,3.001,27047.06722
1694469600000,3.003,3.018,3.003,3.012,15297.903347
1694473200000,3.012,3.028,3.007,3.026,47921.308861
1694476800000,3.025,3.056,3.018,3.046,61182.865331
1694480400000,3.047,3.052,3.033,3.04,46158.84806
1694484000000,3.041,3.057,3.041,3.055,54857.304169
1694487600000,3.058,3.147,3.058,3.121,267519.287125
1694491200000,3.122,3.134,3.105,3.105,70490.154423
1694494800000,3.107,3.108,3.086,3.096,61835.084546
1694498400000,3.1,3.109,3.092,3.097,46908.542062
1694502000000,3.097,3.119,3.095,3.114,66582.595135
1694505600000,3.115,3.118,3.099,3.102,48322.840616
1694509200000,3.103,3.14,3.103,3.138,63115.435513
1694512800000,3.136,3.2,3.131,3.157,282152.208932
1694516400000,3.158,3.161,3.135,3.139,104130.365005
1694520000000,3.139,3.152,3.126,3.128,89789.64529
1694523600000,3.126,3.137,3.113,3.135,79541.382688
1694527200000,3.135,3.146,3.111,3.118,34358.44833
1694530800000,3.119,3.138,3.117,3.137,79036.40266
1694534400000,3.136,3.177,3.116,3.121,189728.328658
1694538000000,3.12,3.133,3.087,3.099,103410.673893
1694541600000,3.099,3.117,3.095,3.114,21079.305516
1694545200000,3.112,3.136,3.109,3.109,26742.744554
1694548800000,3.109,3.117,3.103,3.104,10336.070169
1694552400000,3.102,3.114,3.101,3.107,32451.107062
1694556000000,3.104,3.104,3.094,3.1,20276.694986
1694559600000,3.097,3.098,3.082,3.09,43948.269439
1694563200000,3.089,3.121,3.084,3.114,41653.330651
1694566800000,3.113,3.117,3.096,3.106,25011.249328
1694570400000,3.106,3.106,3.085,3.089,85175.138039
1694574000000,3.089,3.095,3.08,3.092,31827.681449
1694577600000,3.093,3.124,3.09,3.113,30841.679251
1694581200000,3.113,3.118,3.096,3.103,23910.380057
1694584800000,3.103,3.114,3.091,3.11,80116.244507
1694588400000,3.109,3.156,3.075,3.099,597065.954815
1694592000000,3.101,3.123,3.094,3.12,58604.75014
1694595600000,3.121,3.148,3.116,3.143,96664.946511
1694599200000,3.144,3.149,3.131,3.141,65329.407959
1694602800000,3.141,3.16,3.129,3.157,69241.072694
1694606400000,3.157,3.167,3.129,3.165,110380.698073
1694610000000,3.164,3.17,3.138,3.161,70618.414314
1694613600000,3.163,3.209,3.155,3.188,341991.613848
1694617200000,3.19,3.227,3.189,3.193,114863.184537
1694620800000,3.193,3.225,3.185,3.192,134764.845193
1694624400000,3.193,3.216,3.175,3.184,105489.132709
1694628000000,3.185,3.2,3.181,3.185,42338.266252
1694631600000,3.185,3.198,3.174,3.186,48033.094076
1694635200000,3.187,3.202,3.185,3.199,12858.302676
1694638800000,3.199,3.208,3.187,3.188,13785.564256
1694642400000,3.189,3.197,3.181,3.184,32589.651839
1694646000000,3.183,3.183,3.169,3.175,33263.85025
1694649600000,3.174,3.223,3.171,3.223,98332.648245
1694653200000,3.222,3.222,3.181,3.182,70662.593954
1694656800000,3.181,3.187,3.17,3.185,72176.268215
1694660400000,3.184,3.191,3.174,3.18,21409.393829
1694664000000,3.18,3.185,3.156,3.162,89707.170835
1694667600000,3.162,3.17,3.153,3.159,36520.317009
1694671200000,3.159,3.175,3.156,3.173,26792.575753
1694674800000,3.172,3.183,3.164,3.176,42040.121157
1694678400000,3.176,3.183,3.168,3.176,32706.292609
1694682000000,3.176,3.185,3.166,3.175,56031.26118
1694685600000,3.174,3.193,3.173,3.193,77704.448616
1694689200000,3.192,3.204,3.191,3.196,83304.930448
1694692800000,3.195,3.215,3.184,3.209,110523.608728
1694696400000,3.21,3.23,3.207,3.219,171704.472952
1694700000000,3.22,3.243,3.209,3.237,66322.843819
1694703600000,3.239,3.248,3.211,3.224,66557.064713
1694707200000,3.224,3.234,3.203,3.22,82945.091907
1694710800000,3.22,3.227,3.215,3.226,25085.236795
1694714400000,3.226,3.247,3.215,3.215,40029.76131
1694718000000,3.216,3.239,3.213,3.238,40985.357233
1694721600000,3.238,3.242,3.223,3.226,36171.6196
1694725200000,3.225,3.231,3.221,3.23,29842.723062
1694728800000,3.232,3.249,3.23,3.237,29347.744046
1694732400000,3.237,3.243,3.224,3.231,23805.516517
1694736000000,3.231,3.25,3.216,3.237,47139.458161
1694739600000,3.237,3.259,3.226,3.254,159105.645658
1694743200000,3.254,3.316,3.254,3.284,385236.687207
1694746800000,3.284,3.323,3.281,3.313,149857.807686
1694750400000,3.314,3.325,3.301,3.321,108258.968935
1694754000000,3.32,3.344,3.303,3.308,167271.287527
1694757600000,3.308,3.308,3.276,3.287,125254.919205
1694761200000,3.285,3.287,3.268,3.279,155285.631045
1694764800000,3.279,3.304,3.275,3.3,181066.964463
1694768400000,3.299,3.306,3.289,3.297,54306.536693
1694772000000,3.298,3.307,3.291,3.303,55176.908816
1694775600000,3.303,3.307,3.27,3.273,86312.142569
1694779200000,3.273,3.295,3.27,3.279,78937.972745
1694782800000,3.282,3.306,3.282,3.294,59841.177364
1694786400000,3.294,3.306,3.271,3.288,153886.792536
1694790000000,3.287,3.303,3.286,3.294,69269.396076
1694793600000,3.294,3.315,3.282,3.31,107918.341972
1694797200000,3.31,3.314,3.297,3.302,97682.091705
1694800800000,3.303,3.311,3.295,3.307,24280.318389
1694804400000,3.307,3.33,3.302,3.326,38877.338417
1694808000000,3.326,3.35,3.322,3.347,45583.564993
1694811600000,3.348,3.374,3.33,3.342,130068.920571
1694815200000,3.344,3.387,3.34,3.384,69543.364971
1694818800000,3.385,3.385,3.362,3.365,89084.23945
1694822400000,3.367,3.394,3.361,3.389,120439.074069
1694826000000,3.388,3.407,3.376,3.401,186042.532776
1694829600000,3.403,3.458,3.403,3.431,271572.12546
1694833200000,3.432,3.446,3.392,3.399,166670.121682
1694836800000,3.402,3.414,3.39,3.396,83213.354088
1694840400000,3.396,3.427,3.378,3.394,146112.957489
1694844000000,3.394,3.395,3.36,3.373,58229.841488
1694847600000,3.374,3.382,3.368,3.371,65913.685887
1694851200000,3.37,3.38,3.358,3.37,48447.868118
1694854800000,3.371,3.385,3.364,3.368,38978.761857
1694858400000,3.369,3.377,3.363,3.372,55176.912347
1694862000000,3.372,3.376,3.361,3.375,68196.545166
1694865600000,3.375,3.386,3.363,3.379,44332.577161
1694869200000,3.378,3.378,3.342,3.345,120736.821466
1694872800000,3.344,3.358,3.325,3.331,137727.515851
1694876400000,3.331,3.349,3.323,3.338,43402.819754
1694880000000,3.34,3.343,3.319,3.342,58040.647223
1694883600000,3.34,3.348,3.329,3.339,30604.10969
1694887200000,3.339,3.344,3.322,3.33,47672.926508
1694890800000,3.33,3.33,3.304,3.317,45118.533968
1694894400000,3.318,3.33,3.317,3.325,21106.184773
1694898000000,3.325,3.343,3.324,3.342,28366.311007
1694901600000,3.34,3.34,3.325,3.326,37865.304401
1694905200000,3.326,3.332,3.315,3.322,21764.310303
1694908800000,3.32,3.324,3.27,3.279,143929.331239
1694912400000,3.279,3.286,3.237,3.272,285334.44795
1694916000000,3.274,3.292,3.265,3.287,72946.768201
1694919600000,3.286,3.299,3.283,3.297,49786.215886
1694923200000,3.297,3.299,3.283,3.297,28447.673731
1694926800000,3.296,3.298,3.275,3.281,24561.158943
1694930400000,3.281,3.293,3.276,3.292,32933.028604
1694934000000,3.292,3.295,3.279,3.28,41942.741542
1694937600000,3.28,3.345,3.277,3.325,170111.895005
1694941200000,3.324,3.355,3.315,3.34,74679.073555
1694944800000,3.34,3.346,3.33,3.332,69447.64162
1694948400000,3.335,3.338,3.32,3.324,55973.887008
1694952000000,3.324,3.34,3.323,3.34,37333.080902
1694955600000,3.338,3.339,3.318,3.33,33316.583386
1694959200000,3.33,3.375,3.33,3.36,167151.925184
1694962800000,3.361,3.387,3.36,3.382,80109.323448
1694966400000,3.38,3.414,3.335,3.339,163473.001031
1694970000000,3.339,3.341,3.306,3.307,87824.481278
1694973600000,3.306,3.322,3.296,3.318,26108.698305
1694977200000,3.318,3.326,3.316,3.321,12932.194614
1694980800000,3.321,3.324,3.245,3.274,273490.852407
1694984400000,3.272,3.312,3.267,3.312,101236.542676
1694988000000,3.309,3.352,3.309,3.344,83427.182325
1694991600000,3.345,3.345,3.325,3.329,39884.456781
1694995200000,3.331,3.336,3.288,3.316,131770.187659
1694998800000,3.316,3.347,3.312,3.343,94511.112589
1695002400000,3.343,3.392,3.33,3.371,159548.741346
1695006000000,3.37,3.37,3.351,3.359,47987.753611
1695009600000,3.359,3.375,3.354,3.366,38297.813749
1695013200000,3.367,3.371,3.358,3.358,33495.560882
1695016800000,3.358,3.361,3.34,3.342,59547.343561
1695020400000,3.342,3.362,3.339,3.344,43252.563616
1695024000000,3.344,3.345,3.328,3.343,174479.53754
1695027600000,3.345,3.369,3.338,3.363,94955.801877
1695031200000,3.364,3.392,3.356,3.381,149283.137997
1695034800000,3.383,3.385,3.357,3.369,99493.143988
1695038400000,3.37,3.386,3.346,3.382,117479.22072
1695042000000,3.382,3.396,3.373,3.393,124342.927405
1695045600000,3.392,3.402,3.373,3.389,120956.769523
1695049200000,3.389,3.402,3.377,3.38,74349.784583
1695052800000,3.38,3.421,3.359,3.413,326766.81757
1695056400000,3.414,3.433,3.349,3.371,246872.000788
1695060000000,3.371,3.385,3.346,3.353,42907.246685
1695063600000,3.354,3.377,3.352,3.369,17087.456502
1695067200000,3.367,3.37,3.346,3.349,17684.560426
1695070800000,3.349,3.358,3.335,3.358,37644.640689
1695074400000,3.359,3.36,3.337,3.349,61675.877661
1695078000000,3.348,3.348,3.314,3.331,188373.159794
1695081600000,3.331,3.343,3.315,3.33,89819.544382
1695085200000,3.329,3.33,3.313,3.317,234680.441731
1695088800000,3.316,3.336,3.312,3.336,45429.473941
1695092400000,3.336,3.337,3.324,3.329,33562.96768
1695096000000,3.328,3.338,3.323,3.337,34987.173582
1695099600000,3.338,3.338,3.315,3.319,59843.543497
1695103200000,3.318,3.326,3.307,3.323,75926.475688
1695106800000,3.322,3.327,3.316,3.322,40538.888768
1695110400000,3.323,3.348,3.318,3.345,80719.655204
1695114000000,3.345,3.378,3.34,3.368,156241.81303
1695117600000,3.37,3.371,3.341,3.353,97537.090521
1695121200000,3.354,3.355,3.337,3.353,70986.060308
1695124800000,3.353,3.366,3.335,3.353,87515.584308
1695128400000,3.352,3.374,3.339,3.344,100085.047372
1695132000000,3.343,3.376,3.341,3.371,80361.349576
1695135600000,3.373,3.41,3.366,3.401,284814.499659
1695139200000,3.401,3.405,3.377,3.384,405118.951448
1695142800000,3.384,3.396,3.375,3.387,121581.043838
1695146400000,3.386,3.41,3.386,3.403,31923.067303
1695150000000,3.402,3.402,3.367,3.38,66138.014695
1695153600000,3.38,3.385,3.373,3.376,24765.114514
1695157200000,3.377,3.378,3.352,3.376,65019.836355
1695160800000,3.378,3.382,3.368,3.38,22306.931304
1695164400000,3.38,3.386,3.365,3.37,95474.547395
1695168000000,3.37,3.374,3.352,3.368,84997.170198
1695171600000,3.366,3.411,3.365,3.408,251764.70325
1695175200000,3.409,3.413,3.38,3.382,138797.62263
1695178800000,3.384,3.39,3.36,3.368,83487.220539
1695182400000,3.368,3.381,3.36,3.37,27610.01023
1695186000000,3.369,3.38,3.359,3.359,38271.619137
1695189600000,3.36,3.373,3.348,3.359,59978.779259
1695193200000,3.358,3.373,3.357,3.37,77119.694232
1695196800000,3.371,3.386,3.367,3.385,115754.153098
1695200400000,3.385,3.385,3.321,3.34,229401.806571
1695204000000,3.338,3.355,3.324,3.354,75410.016038
1695207600000,3.354,3.363,3.348,3.357,49178.909585
1695211200000,3.357,3.373,3.336,3.359,182216.713351
1695214800000,3.36,3.384,3.357,3.382,111282.725373
1695218400000,3.383,3.399,3.371,3.381,122359.85573
1695222000000,3.381,3.397,3.377,3.388,56004.301155
1695225600000,3.387,3.391,3.372,3.376,110224.267442
1695229200000,3.376,3.389,3.366,3.376,67596.120662
1695232800000,3.376,3.399,3.367,3.387,62125.731354
1695236400000,3.385,3.387,3.317,3.341,206365.415899
1695240000000,3.341,3.346,3.333,3.346,30077.037055
1695243600000,3.346,3.364,3.345,3.362,119945.085548
1695247200000,3.36,3.368,3.351,3.357,75817.374228
1695250800000,3.358,3.37,3.344,3.366,37757.714725
1695254400000,3.367,3.389,3.364,3.373,97640.035984
1695258000000,3.375,3.38,3.35,3.365,92057.150873
1695261600000,3.367,3.379,3.323,3.344,116479.177451
1695265200000,3.347,3.355,3.338,3.355,37806.118292
1695268800000,3.356,3.358,3.342,3.354,66645.249317
1695272400000,3.354,3.355,3.329,3.338,126564.647421
1695276000000,3.337,3.337,3.285,3.316,192983.959052
1695279600000,3.316,3.316,3.302,3.305,52420.483836
1695283200000,3.304,3.306,3.267,3.279,221465.343071
1695286800000,3.279,3.285,3.244,3.251,174441.18308
1695290400000,3.251,3.266,3.225,3.234,128770.468764
1695294000000,3.232,3.265,3.232,3.264,70807.441336
1695297600000,3.263,3.273,3.248,3.26,98159.008183
1695301200000,3.26,3.261,3.207,3.244,175438.673641
1695304800000,3.242,3.265,3.237,3.262,59274.119392
1695308400000,3.262,3.262,3.244,3.244,24632.864123
1695312000000,3.245,3.25,3.234,3.243,41988.372006
1695315600000,3.243,3.26,3.234,3.234,45675.322825
1695319200000,3.234,3.241,3.23,3.239,23641.644174
1695322800000,3.238,3.239,3.228,3.233,19077.083839
1695326400000,3.23,3.23,3.187,3.216,110039.601172
1695330000000,3.216,3.23,3.195,3.228,49923.267611
1695333600000,3.228,3.233,3.208,3.228,58585.192405
1695337200000,3.229,3.232,3.21,3.214,52003.356807
1695340800000,3.213,3.229,3.186,3.226,114686.276348
1695344400000,3.225,3.237,3.211,3.229,44356.469335
1695348000000,3.23,3.235,3.22,3.22,32160.693832
1695351600000,3.221,3.24,3.221,3.231,21645.989154
1695355200000,3.231,3.242,3.22,3.222,80127.025895
1695358800000,3.221,3.221,3.207,3.221,52968.330727
1695362400000,3.221,3.223,3.209,3.216,34096.934543
1695366000000,3.216,3.225,3.204,3.218,40932.084694
1695369600000,3.22,3.233,3.216,3.227,94316.268306
1695373200000,3.227,3.229,3.209,3.211,107582.36814
1695376800000,3.211,3.222,3.21,3.221,36356.305782
1695380400000,3.221,3.243,3.221,3.237,41642.169007
1695384000000,3.237,3.238,3.222,3.223,22747.952361
1695387600000,3.223,3.232,3.219,3.226,24989.05139
1695391200000,3.225,3.242,3.221,3.238,100322.172516
1695394800000,3.24,3.24,3.214,3.216,18453.654028
1695398400000,3.215,3.222,3.207,3.209,59706.346696
1695402000000,3.21,3.223,3.203,3.221,112757.82205
1695405600000,3.221,3.234,3.218,3.229,21236.331126
1695409200000,3.23,3.237,3.217,3.219,18250.244138
1695412800000,3.217,3.219,3.207,3.211,34724.276477
1695416400000,3.212,3.223,3.202,3.223,20055.369262
1695420000000,3.224,3.229,3.216,3.222,18541.510974
1695423600000,3.224,3.23,3.215,3.225,18158.051365
1695427200000,3.224,3.243,3.223,3.233,38966.255234
1695430800000,3.232,3.238,3.223,3.227,50359.941399
1695434400000,3.227,3.227,3.209,3.214,32320.408249
1695438000000,3.214,3.216,3.195,3.208,56179.768374
1695441600000,3.207,3.213,3.2,3.211,14406.773022
1695445200000,3.21,3.23,3.21,3.213,31236.164272
1695448800000,3.213,3.228,3.213,3.223,12974.773447
1695452400000,3.223,3.227,3.214,3.222,17423.449228
1695456000000,3.222,3.229,3.217,3.229,14175.155602
1695459600000,3.229,3.235,3.222,3.235,15914.311827
1695463200000,3.235,3.239,3.231,3.237,24331.386288
1695466800000,3.234,3.238,3.228,3.232,21828.069621
1695470400000,3.231,3.239,3.226,3.23,22917.275738
1695474000000,3.23,3.23,3.214,3.218,16783.909624
1695477600000,3.215,3.239,3.215,3.233,51306.327719
1695481200000,3.234,3.244,3.221,3.223,78802.183795
1695484800000,3.223,3.231,3.202,3.229,80107.418118
1695488400000,3.228,3.24,3.224,3.237,40819.650858
1695492000000,3.239,3.243,3.23,3.233,23471.528193
1695495600000,3.234,3.247,3.234,3.245,25328.282341
1695499200000,3.245,3.25,3.235,3.235,23463.13022
1695502800000,3.235,3.235,3.229,3.233,6455.811261
1695506400000,3.235,3.244,3.226,3.227,19120.273349
1695510000000,3.229,3.243,3.226,3.243,11402.740793
1695513600000,3.243,3.248,3.236,3.243,52534.820001
1695517200000,3.245,3.261,3.24,3.259,56362.934928
1695520800000,3.259,3.268,3.249,3.251,41307.791431
1695524400000,3.252,3.257,3.241,3.242,36768.246045
1695528000000,3.242,3.25,3.235,3.25,23603.358655
1695531600000,3.249,3.252,3.241,3.244,35651.411823
1695535200000,3.242,3.245,3.235,3.242,22870.37797
1695538800000,3.24,3.246,3.236,3.239,11057.102643
1695542400000,3.24,3.264,3.239,3.263,48386.485391
1695546000000,3.264,3.265,3.248,3.25,42298.22896
1695549600000,3.25,3.252,3.238,3.24,16945.464809
1695553200000,3.24,3.26,3.24,3.255,24127.085507
1695556800000,3.256,3.259,3.243,3.252,21727.271586
1695560400000,3.255,3.26,3.249,3.252,29523.86675
1695564000000,3.254,3.261,3.247,3.257,20634.654645
1695567600000,3.259,3.26,3.243,3.256,65102.546095
1695571200000,3.255,3.258,3.241,3.245,47656.303027
1695574800000,3.244,3.262,3.239,3.259,49076.186188
1695578400000,3.259,3.264,3.228,3.247,72273.507317
1695582000000,3.243,3.245,3.205,3.219,57753.032481
1695585600000,3.218,3.223,3.205,3.222,35216.583041
1695589200000,3.221,3.235,3.217,3.235,11568.556902
1695592800000,3.236,3.241,3.23,3.236,14390.515401
1695596400000,3.233,3.233,3.175,3.211,151360.354723
1695600000000,3.21,3.227,3.163,3.226,127091.614888
1695603600000,3.224,3.242,3.211,3.211,101183.927497
1695607200000,3.212,3.231,3.211,3.226,57944.600604
1695610800000,3.226,3.236,3.213,3.215,32049.832905
1695614400000,3.216,3.222,3.21,3.214,31800.327565
1695618000000,3.212,3.216,3.199,3.204,24487.675107
1695621600000,3.205,3.208,3.189,3.204,67835.077352
1695625200000,3.203,3.222,3.202,3.218,45797.482451
1695628800000,3.22,3.223,3.197,3.208,67925.593542
1695632400000,3.209,3.212,3.198,3.199,51557.021672
1695636000000,3.199,3.202,3.194,3.194,28630.019108
1695639600000,3.194,3.197,3.182,3.19,43986.842954
1695643200000,3.189,3.199,3.183,3.198,36257.385985
1695646800000,3.198,3.206,3.196,3.204,55754.4376
1695650400000,3.204,3.215,3.204,3.21,63679.07273
1695654000000,3.21,3.24,3.21,3.229,76286.393313
1695657600000,3.23,3.247,3.228,3.229,56433.477934
1695661200000,3.229,3.237,3.213,3.214,37798.819198
1695664800000,3.219,3.221,3.208,3.21,12052.61885
1695668400000,3.21,3.211,3.198,3.21,26594.531375
1695672000000,3.21,3.219,3.204,3.204,13959.658957
1695675600000,3.205,3.209,3.201,3.209,6294.944933
1695679200000,3.209,3.212,3.206,3.208,8318.707327
1695682800000,3.21,3.216,3.206,3.213,12633.127927
1695686400000,3.213,3.214,3.204,3.206,16449.808898
1695690000000,3.206,3.222,3.205,3.219,44368.198588
1695693600000,3.221,3.228,3.214,3.224,42272.166767
1695697200000,3.223,3.228,3.214,3.214,74982.56107
1695700800000,3.215,3.22,3.21,3.214,27713.949691
1695704400000,3.214,3.216,3.208,3.211,22107.433253
1695708000000,3.212,3.213,3.209,3.211,41244.876071
1695711600000,3.211,3.214,3.207,3.211,21587.990216
1695715200000,3.212,3.217,3.206,3.207,29622.728477
1695718800000,3.207,3.214,3.197,3.206,71797.061884
1695722400000,3.206,3.207,3.192,3.198,60103.210975
1695726000000,3.197,3.202,3.191,3.202,44730.267613
1695729600000,3.202,3.202,3.193,3.194,37329.370549
1695733200000,3.194,3.199,3.184,3.19,41332.590393
1695736800000,3.19,3.196,3.186,3.196,21399.821743
1695740400000,3.197,3.197,3.177,3.187,48996.106952
1695744000000,3.184,3.209,3.181,3.206,74110.532816
1695747600000,3.205,3.208,3.18,3.184,46348.932868
1695751200000,3.183,3.183,3.171,3.175,36622.828848
1695754800000,3.177,3.189,3.174,3.188,17154.037581
1695758400000,3.187,3.19,3.176,3.176,11822.232143
1695762000000,3.176,3.178,3.101,3.154,222353.075709
1695765600000,3.154,3.169,3.147,3.149,81567.611018
1695769200000,3.149,3.18,3.145,3.172,35538.655466
1695772800000,3.173,3.189,3.17,3.186,56898.773199
1695776400000,3.186,3.202,3.186,3.198,170179.337727
1695780000000,3.197,3.197,3.179,3.182,33813.757307
1695783600000,3.182,3.21,3.182,3.209,63626.371514
1695787200000,3.21,3.212,3.193,3.193,26101.225909
1695790800000,3.194,3.199,3.188,3.196,20961.902059
1695794400000,3.197,3.201,3.188,3.201,80696.250593
1695798000000,3.2,3.204,3.193,3.2,27778.051431
1695801600000,3.2,3.2,3.193,3.197,47338.360538
1695805200000,3.196,3.223,3.196,3.221,103443.890103
1695808800000,3.221,3.23,3.214,3.228,195682.993718
1695812400000,3.227,3.275,3.223,3.264,296201.91927
1695816000000,3.264,3.269,3.247,3.249,92396.325708
1695819600000,3.249,3.264,3.235,3.244,109100.463958
1695823200000,3.244,3.249,3.191,3.204,156745.491956
1695826800000,3.204,3.216,3.197,3.209,43580.4099
1695830400000,3.208,3.218,3.192,3.193,67970.463175
1695834000000,3.192,3.202,3.187,3.191,41953.758439
1695837600000,3.191,3.202,3.172,3.199,43068.58825
1695841200000,3.198,3.209,3.195,3.201,27073.151794
1695844800000,3.201,3.207,3.184,3.193,25137.54682
1695848400000,3.194,3.196,3.185,3.187,20690.92837
1695852000000,3.187,3.202,3.187,3.201,20476.918297
1695855600000,3.202,3.212,3.201,3.212,35978.148105
1695859200000,3.211,3.229,3.21,3.225,69325.664708
1695862800000,3.226,3.236,3.219,3.236,89706.468882
1695866400000,3.236,3.249,3.222,3.225,61827.403917
1695870000000,3.225,3.225,3.211,3.218,50798.642644
1695873600000,3.217,3.231,3.21,3.229,42016.926416
1695877200000,3.231,3.242,3.225,3.24,32023.526861
1695880800000,3.24,3.248,3.229,3.244,39276.057248
1695884400000,3.244,3.258,3.242,3.25,96858.015346
1695888000000,3.249,3.249,3.23,3.245,76933.991199
1695891600000,3.242,3.259,3.241,3.256,88319.928334
1695895200000,3.258,3.273,3.256,3.269,127267.276675
1695898800000,3.27,3.273,3.245,3.257,51986.860977
1695902400000,3.257,3.275,3.256,3.258,39793.886884
1695906000000,3.259,3.271,3.249,3.266,45983.889118
1695909600000,3.266,3.288,3.258,3.275,127512.372828
1695913200000,3.276,3.297,3.271,3.295,139488.209618
1695916800000,3.295,3.311,3.283,3.285,154858.555131
1695920400000,3.286,3.302,3.286,3.294,43330.582815
1695924000000,3.295,3.299,3.265,3.276,59840.295772
1695927600000,3.278,3.295,3.275,3.291,30708.874656
1695931200000,3.291,3.303,3.287,3.299,29120.925914
1695934800000,3.298,3.3,3.278,3.298,35827.37574
1695938400000,3.298,3.306,3.293,3.305,27702.851737
1695942000000,3.305,3.313,3.299,3.312,47420.704521
1695945600000,3.312,3.334,3.306,3.326,122177.821118
1695949200000,3.328,3.332,3.307,3.329,70482.032403
1695952800000,3.329,3.334,3.293,3.299,78002.626226
1695956400000,3.298,3.311,3.297,3.31,27475.920208
1695960000000,3.31,3.313,3.299,3.313,21558.373204
1695963600000,3.313,3.313,3.293,3.298,50961.784597
1695967200000,3.298,3.31,3.295,3.31,49147.397016
1695970800000,3.308,3.33,3.307,3.32,63840.123152
1695974400000,3.32,3.329,3.312,3.317,50190.580959
1695978000000,3.319,3.327,3.31,3.317,35987.343862
1695981600000,3.317,3.333,3.313,3.333,44691.195867
1695985200000,3.333,3.339,3.316,3.317,41727.357505
1695988800000,3.318,3.33,3.313,3.328,50761.082021
1695992400000,3.329,3.33,3.313,3.313,34898.45076
1695996000000,3.313,3.335,3.277,3.32,128707.778452
1695999600000,3.322,3.348,3.316,3.338,98162.494556
1696003200000,3.339,3.341,3.325,3.335,33981.797639
1696006800000,3.335,3.371,3.332,3.352,104708.561418
1696010400000,3.352,3.354,3.33,3.353,59861.982663
1696014000000,3.353,3.367,3.349,3.36,21657.540445
1696017600000,3.36,3.371,3.349,3.357,15277.901926
1696021200000,3.358,3.361,3.343,3.343,30229.827079
1696024800000,3.343,3.351,3.335,3.34,25834.829556
1696028400000,3.34,3.343,3.333,3.337,22425.162065
1696032000000,3.337,3.349,3.328,3.344,25644.30905
1696035600000,3.34,3.344,3.321,3.324,37064.733754
1696039200000,3.323,3.33,3.32,3.326,25162.717528
1696042800000,3.329,3.331,3.316,3.319,20518.077069
1696046400000,3.319,3.326,3.318,3.323,16994.373339
1696050000000,3.322,3.329,3.322,3.329,23032.718777
1696053600000,3.328,3.332,3.32,3.322,38870.945857
1696057200000,3.321,3.323,3.31,3.311,32024.174044
1696060800000,3.31,3.32,3.307,3.32,37592.466172
1696064400000,3.319,3.326,3.316,3.322,22577.877497
1696068000000,3.321,3.325,3.317,3.32,48977.230035
1696071600000,3.318,3.324,3.309,3.311,26871.720164
1696075200000,3.31,3.329,3.31,3.328,68578.104483
1696078800000,3.327,3.342,3.322,3.337,63774.726989
1696082400000,3.336,3.341,3.321,3.329,68997.579329
1696086000000,3.328,3.354,3.327,3.337,56200.523735
1696089600000,3.336,3.357,3.331,3.356,69100.084036
1696093200000,3.355,3.362,3.345,3.355,44418.979294
1696096800000,3.355,3.364,3.35,3.354,35606.360648
1696100400000,3.354,3.365,3.353,3.361,4767.171976
1696104000000,3.363,3.37,3.356,3.364,16035.085287
1696107600000,3.366,3.378,3.361,3.367,38941.953584
1696111200000,3.369,3.378,3.367,3.375,35613.032133
1696114800000,3.375,3.38,3.351,3.354,59934.80951
1696118400000,3.355,3.365,3.348,3.363,42000.920471
1696122000000,3.365,3.365,3.349,3.352,41276.846951
1696125600000,3.351,3.354,3.34,3.349,45673.75522
1696129200000,3.351,3.354,3.344,3.346,26301.582797
1696132800000,3.346,3.352,3.342,3.352,18600.793596
1696136400000,3.351,3.362,3.351,3.357,27758.455104
1696140000000,3.356,3.367,3.355,3.367,20573.381381
1696143600000,3.367,3.37,3.357,3.368,30771.29598
1696147200000,3.368,3.375,3.362,3.375,58294.052608
1696150800000,3.373,3.384,3.368,3.379,63497.055997
1696154400000,3.381,3.427,3.381,3.41,191566.321209
1696158000000,3.41,3.414,3.394,3.397,69682.801459
1696161600000,3.397,3.404,3.387,3.397,45804.729203
1696165200000,3.398,3.399,3.389,3.398,23575.388
1696168800000,3.399,3.399,3.361,3.37,92927.990929
1696172400000,3.373,3.379,3.367,3.378,21172.980413
1696176000000,3.377,3.379,3.357,3.36,33225.079804
1696179600000,3.36,3.375,3.341,3.344,99631.649697
1696183200000,3.345,3.36,3.343,3.348,8535.106573
1696186800000,3.349,3.356,3.346,3.35,4114.603785
1696190400000,3.35,3.373,3.34,3.367,12468.50216
1696194000000,3.369,3.38,3.362,3.38,9272.410458
1696197600000,3.38,3.474,3.372,3.473,263719.089028
1696201200000,3.472,3.479,3.442,3.465,230009.98068
1696204800000,3.466,3.466,3.433,3.441,101767.027331
1696208400000,3.44,3.461,3.437,3.45,79253.022997
1696212000000,3.45,3.454,3.442,3.45,31112.374801
1696215600000,3.45,3.465,3.449,3.453,191254.988493
1696219200000,3.452,3.453,3.433,3.445,119753.784464
1696222800000,3.443,3.448,3.418,3.429,59788.083026
1696226400000,3.428,3.44,3.418,3.44,62664.881367
1696230000000,3.44,3.455,3.432,3.448,68984.630708
1696233600000,3.45,3.459,3.436,3.44,78570.53523
1696237200000,3.441,3.447,3.43,3.438,35246.713336
1696240800000,3.437,3.438,3.423,3.424,29953.589475
1696244400000,3.425,3.433,3.417,3.42,49492.493878
1696248000000,3.421,3.434,3.416,3.431,43733.178916
1696251600000,3.429,3.43,3.409,3.422,35838.409811
1696255200000,3.423,3.423,3.373,3.402,112764.059685
1696258800000,3.403,3.407,3.343,3.366,134887.645134
1696262400000,3.363,3.384,3.349,3.377,93694.375435
1696266000000,3.377,3.391,3.368,3.389,62229.161604
1696269600000,3.388,3.394,3.29,3.33,339337.231128
1696273200000,3.33,3.359,3.317,3.354,37593.451367
1696276800000,3.353,3.354,3.342,3.347,27962.880006
1696280400000,3.347,3.348,3.311,3.328,42713.81357
1696284000000,3.327,3.337,3.325,3.329,39828.873881
1696287600000,3.329,3.338,3.325,3.331,27838.914658
1696291200000,3.331,3.34,3.329,3.333,70572.933309
1696294800000,3.335,3.361,3.328,3.359,61465.774067
1696298400000,3.36,3.363,3.353,3.357,44825.170995
1696302000000,3.356,3.356,3.341,3.35,21357.807912
1696305600000,3.349,3.359,3.339,3.356,33840.419489
1696309200000,3.356,3.358,3.34,3.342,37769.455358
1696312800000,3.342,3.36,3.34,3.357,41765.588397
1696316400000,3.357,3.358,3.341,3.345,14617.054101
1696320000000,3.345,3.357,3.344,3.349,25854.649536
1696323600000,3.349,3.355,3.343,3.343,37687.429531
1696327200000,3.344,3.346,3.331,3.336,39201.837369
1696330800000,3.336,3.337,3.315,3.322,113729.772939
1696334400000,3.322,3.322,3.296,3.312,105300.775049
1696338000000,3.312,3.329,3.3,3.321,83144.720899
1696341600000,3.32,3.32,3.282,3.297,107492.765178
1696345200000,3.296,3.306,3.284,3.297,74062.997512
1696348800000,3.297,3.316,3.29,3.304,32204.872814
1696352400000,3.305,3.311,3.298,3.302,26800.542093
1696356000000,3.301,3.304,3.295,3.296,24515.457997
1696359600000,3.295,3.31,3.29,3.296,24149.887232
1696363200000,3.296,3.312,3.287,3.3,22777.498591
1696366800000,3.3,3.303,3.291,3.294,12946.572333
1696370400000,3.294,3.31,3.288,3.309,21084.986319
1696374000000,3.309,3.31,3.297,3.31,36622.642485
1696377600000,3.309,3.311,3.211,3.244,279818.422306
1696381200000,3.244,3.26,3.237,3.253,45977.259314
1696384800000,3.253,3.276,3.251,3.265,25687.086818
1696388400000,3.265,3.281,3.258,3.28,59449.509891
1696392000000,3.28,3.282,3.269,3.269,25094.31332
1696395600000,3.271,3.282,3.263,3.282,21826.374498
1696399200000,3.282,3.285,3.266,3.284,30990.805162
1696402800000,3.285,3.291,3.281,3.288,16652.180447
1696406400000,3.288,3.314,3.282,3.314,50869.131979
1696410000000,3.314,3.33,3.313,3.319,43725.972192
1696413600000,3.319,3.322,3.3,3.303,140825.737147
1696417200000,3.301,3.31,3.3,3.307,43796.799145
1696420800000,3.307,3.315,3.297,3.306,47903.492432
1696424400000,3.305,3.307,3.28,3.287,29984.544319
1696428000000,3.289,3.29,3.271,3.283,36851.634386
1696431600000,3.282,3.294,3.274,3.276,26947.78483
1696435200000,3.275,3.3,3.27,3.285,22890.066168
1696438800000,3.284,3.288,3.277,3.288,20791.714868
1696442400000,3.288,3.301,3.284,3.293,15955.611304
1696446000000,3.294,3.313,3.28,3.288,21951.395018
1696449600000,3.287,3.307,3.284,3.292,4797.014939
1696453200000,3.292,3.307,3.292,3.305,8425.829465
1696456800000,3.305,3.316,3.303,3.314,20016.405257
1696460400000,3.315,3.321,3.31,3.311,44794.196711
1696464000000,3.312,3.328,3.303,3.319,30825.09125
1696467600000,3.318,3.318,3.285,3.298,47060.214343
1696471200000,3.298,3.3,3.288,3.296,19159.224601
1696474800000,3.297,3.304,3.293,3.294,44056.345031
1696478400000,3.294,3.301,3.291,3.299,20347.172704
1696482000000,3.298,3.319,3.297,3.302,61304.113238
1696485600000,3.301,3.308,3.292,3.296,15642.890673
1696489200000,3.295,3.296,3.286,3.294,26801.447663
1696492800000,3.294,3.3,3.29,3.297,8927.646835
1696496400000,3.296,3.313,3.296,3.311,45053.067213
1696500000000,3.31,3.317,3.305,3.316,13476.476621
1696503600000,3.317,3.317,3.305,3.305,13603.404823
1696507200000,3.306,3.311,3.295,3.301,16865.596738
1696510800000,3.303,3.327,3.3,3.317,54938.668833
1696514400000,3.318,3.326,3.307,3.312,40930.384244
1696518000000,3.313,3.314,3.253,3.279,149563.326858
1696521600000,3.278,3.29,3.264,3.271,37344.277674
1696525200000,3.272,3.275,3.257,3.267,19394.82922
1696528800000,3.267,3.267,3.244,3.258,190551.110528
1696532400000,3.257,3.261,3.252,3.258,40796.628803
1696536000000,3.256,3.264,3.253,3.262,6744.334533
1696539600000,3.263,3.268,3.258,3.268,6370.365439
1696543200000,3.267,3.271,3.26,3.268,35880.471872
1696546800000,3.269,3.27,3.254,3.256,15364.62767
1696550400000,3.257,3.276,3.256,3.276,11629.63282
1696554000000,3.275,3.278,3.269,3.275,12482.475899
1696557600000,3.276,3.281,3.274,3.276,18325.583045
1696561200000,3.275,3.276,3.271,3.276,8656.449916
1696564800000,3.277,3.277,3.261,3.262,27702.618657
1696568400000,3.263,3.271,3.262,3.269,13446.403902
1696572000000,3.269,3.271,3.262,3.267,13082.06221
1696575600000,3.268,3.289,3.266,3.288,25107.384888
1696579200000,3.287,3.288,3.275,3.277,21142.234135
1696582800000,3.277,3.279,3.272,3.276,18856.717837
1696586400000,3.277,3.288,3.275,3.282,18618.270157
1696590000000,3.282,3.286,3.277,3.284,17605.477418
1696593600000,3.284,3.284,3.246,3.251,45200.878943
1696597200000,3.251,3.287,3.245,3.272,58445.19349
1696600800000,3.271,3.279,3.26,3.271,12165.315172
1696604400000,3.272,3.317,3.272,3.312,67230.837935
1696608000000,3.313,3.322,3.293,3.305,95375.392612
1696611600000,3.305,3.332,3.305,3.331,80683.157852
1696615200000,3.33,3.35,3.325,3.35,53445.443304
1696618800000,3.35,3.372,3.338,3.367,54508.773138
1696622400000,3.369,3.371,3.352,3.358,34923.325142
1696626000000,3.357,3.363,3.347,3.353,64281.791659
1696629600000,3.354,3.358,3.338,3.338,45571.869896
1696633200000,3.338,3.34,3.325,3.335,44871.37648
1696636800000,3.335,3.355,3.334,3.352,30492.808398
1696640400000,3.351,3.356,3.332,3.338,55576.482926
1696644000000,3.338,3.34,3.33,3.331,15623.661488
1696647600000,3.33,3.341,3.323,3.327,52557.6434
1696651200000,3.326,3.34,3.325,3.339,27636.551785
1696654800000,3.34,3.342,3.328,3.338,24094.17803
1696658400000,3.337,3.342,3.33,3.332,14250.480245
1696662000000,3.332,3.339,3.326,3.328,15730.434209
1696665600000,3.327,3.35,3.321,3.349,47094.298672
1696669200000,3.349,3.35,3.332,3.332,27387.416942
1696672800000,3.334,3.35,3.333,3.348,59843.457858
1696676400000,3.348,3.353,3.342,3.347,36375.275871
1696680000000,3.347,3.367,3.345,3.36,91379.887297
1696683600000,3.359,3.37,3.357,3.366,69852.390026
1696687200000,3.365,3.438,3.36,3.42,285036.172371
1696690800000,3.42,3.42,3.379,3.395,145125.696114
1696694400000,3.394,3.41,3.376,3.377,52687.820892
1696698000000,3.376,3.393,3.367,3.376,41664.263515
1696701600000,3.375,3.381,3.364,3.366,32273.599268
1696705200000,3.366,3.373,3.363,3.364,21793.146339
1696708800000,3.365,3.391,3.365,3.388,16141.762528
1696712400000,3.388,3.391,3.382,3.39,23169.459338
1696716000000,3.39,3.414,3.39,3.41,42886.938618
1696719600000,3.408,3.45,3.408,3.448,104135.241468
1696723200000,3.448,3.448,3.419,3.424,173839.602858
1696726800000,3.425,3.429,3.408,3.422,62402.108654
1696730400000,3.423,3.43,3.411,3.422,84999.970438
1696734000000,3.422,3.425,3.408,3.421,103739.09693
1696737600000,3.421,3.426,3.393,3.396,67764.339443
1696741200000,3.396,3.405,3.375,3.393,74757.162618
1696744800000,3.394,3.405,3.39,3.397,46925.949762
1696748400000,3.397,3.425,3.396,3.413,46612.72279
1696752000000,3.413,3.421,3.402,3.406,33230.985127
1696755600000,3.409,3.43,3.402,3.413,79287.454388
1696759200000,3.414,3.425,3.4,3.405,69062.862146
1696762800000,3.406,3.429,3.391,3.42,84636.692097
1696766400000,3.42,3.433,3.41,3.419,58239.665015
1696770000000,3.419,3.439,3.401,3.42,57679.457598
1696773600000,3.42,3.425,3.404,3.412,56942.480337
1696777200000,3.412,3.43,3.407,3.413,49585.926351
1696780800000,3.414,3.425,3.396,3.419,43774.969572
1696784400000,3.422,3.428,3.403,3.404,38733.419682
1696788000000,3.403,3.409,3.396,3.408,24807.894534
1696791600000,3.408,3.415,3.405,3.406,8663.568198
1696795200000,3.408,3.419,3.4,3.414,7362.255295
1696798800000,3.414,3.425,3.406,3.407,12592.553695
1696802400000,3.406,3.409,3.388,3.394,32796.353041
1696806000000,3.394,3.399,3.388,3.394,39044.464034
1696809600000,3.394,3.394,3.368,3.388,97822.355117
1696813200000,3.387,3.414,3.38,3.414,56202.496622
1696816800000,3.413,3.427,3.411,3.411,39990.768033
1696820400000,3.41,3.422,3.405,3.406,38211.250452
1696824000000,3.407,3.42,3.4,3.415,30331.554898
1696827600000,3.415,3.42,3.393,3.396,39362.43003
1696831200000,3.394,3.408,3.388,3.401,52092.751915
1696834800000,3.401,3.405,3.38,3.383,78851.826027
1696838400000,3.382,3.385,3.335,3.355,173668.133029
1696842000000,3.354,3.37,3.229,3.279,615721.92036
1696845600000,3.278,3.315,3.274,3.297,167632.353794
1696849200000,3.295,3.303,3.281,3.285,84775.927851
1696852800000,3.284,3.292,3.263,3.275,119899.755763
1696856400000,3.275,3.276,3.25,3.265,139052.370941
1696860000000,3.264,3.27,3.243,3.244,99356.762419
1696863600000,3.244,3.264,3.232,3.249,89882.445658
1696867200000,3.249,3.262,3.15,3.208,557301.030498
1696870800000,3.21,3.232,3.196,3.23,59047.910978
1696874400000,3.23,3.242,3.217,3.217,23522.299501
1696878000000,3.217,3.226,3.213,3.218,24181.063391
1696881600000,3.218,3.221,3.196,3.206,132152.48926
1696885200000,3.207,3.223,3.199,3.219,31870.484286
1696888800000,3.22,3.234,3.214,3.23,37396.344113
1696892400000,3.231,3.242,3.224,3.226,39681.226003
1696896000000,3.227,3.237,3.216,3.227,46348.923971
1696899600000,3.227,3.23,3.203,3.203,49127.82268
1696903200000,3.205,3.226,3.191,3.224,51224.687915
1696906800000,3.225,3.228,3.212,3.221,38695.32968
1696910400000,3.221,3.224,3.211,3.215,23695.42202
1696914000000,3.215,3.229,3.21,3.224,34039.487272
1696917600000,3.225,3.228,3.21,3.228,35684.575897
1696921200000,3.228,3.238,3.227,3.228,50860.226796
1696924800000,3.229,3.238,3.225,3.225,40292.561531
1696928400000,3.226,3.236,3.222,3.233,112189.687023
1696932000000,3.234,3.234,3.206,3.209,77747.780425
1696935600000,3.209,3.216,3.202,3.204,47958.277101
1696939200000,3.205,3.215,3.2,3.203,68833.285537
1696942800000,3.203,3.218,3.202,3.216,65638.932053
1696946400000,3.217,3.231,3.2,3.21,96795.50594
1696950000000,3.208,3.212,3.193,3.195,44691.144181
1696953600000,3.196,3.206,3.181,3.192,54109.235667
1696957200000,3.193,3.198,3.171,3.18,45820.751578
1696960800000,3.18,3.202,3.178,3.196,18491.710298
1696964400000,3.2,3.208,3.195,3.206,21019.737598
1696968000000,3.207,3.209,3.166,3.194,55801.155546
1696971600000,3.195,3.203,3.184,3.201,25532.171585
1696975200000,3.201,3.208,3.201,3.202,9742.172616
1696978800000,3.203,3.208,3.193,3.196,17495.356052
1696982400000,3.194,3.211,3.187,3.205,35364.330361
1696986000000,3.206,3.208,3.196,3.199,21536.906383
1696989600000,3.199,3.2,3.106,3.147,284683.586248
1696993200000,3.149,3.163,3.142,3.151,140050.203218
1696996800000,3.152,3.17,3.149,3.165,91840.874515
1697000400000,3.162,3.166,3.155,3.159,29199.074598
1697004000000,3.161,3.163,3.15,3.161,39691.382202
1697007600000,3.161,3.164,3.147,3.152,45830.945061
1697011200000,3.152,3.166,3.148,3.164,29691.296643
1697014800000,3.165,3.188,3.164,3.18,45426.14053
1697018400000,3.185,3.191,3.178,3.185,31680.526389
1697022000000,3.186,3.187,3.168,3.17,58331.283833
1697025600000,3.17,3.177,3.156,3.174,89549.883331
1697029200000,3.174,3.179,3.167,3.176,23252.751738
1697032800000,3.176,3.181,3.165,3.165,20051.647245
1697036400000,3.167,3.169,3.119,3.144,138002.331141
1697040000000,3.144,3.15,3.122,3.14,95954.865159
1697043600000,3.131,3.144,3.128,3.136,13282.335264
1697047200000,3.136,3.149,3.129,3.148,16654.94088
1697050800000,3.147,3.149,3.142,3.146,11208.061321
1697054400000,3.145,3.148,3.138,3.148,6635.155697
1697058000000,3.149,3.159,3.145,3.157,14724.665534
1697061600000,3.158,3.169,3.156,3.169,22225.294926
1697065200000,3.17,3.179,3.166,3.177,25984.146047
1697068800000,3.178,3.178,3.161,3.162,39015.592832
1697072400000,3.163,3.164,3.148,3.153,18824.079495
1697076000000,3.154,3.168,3.146,3.165,31005.601799
1697079600000,3.167,3.167,3.155,3.161,10767.877623
1697083200000,3.16,3.165,3.156,3.158,12203.953101
1697086800000,3.157,3.164,3.15,3.164,22221.731324
1697090400000,3.162,3.162,3.152,3.152,15495.011322
1697094000000,3.15,3.165,3.148,3.156,39382.051921
1697097600000,3.156,3.186,3.156,3.183,83525.540626
1697101200000,3.183,3.192,3.124,3.149,138737.46431
1697104800000,3.15,3.167,3.145,3.161,47423.061504
1697108400000,3.162,3.192,3.162,3.182,42883.039904
1697112000000,3.183,3.199,3.179,3.191,167232.158214
1697115600000,3.19,3.195,3.167,3.186,117306.313194
1697119200000,3.185,3.193,3.175,3.192,53187.764487
1697122800000,3.191,3.204,3.186,3.201,67075.987887
1697126400000,3.203,3.222,3.179,3.203,152046.373626
1697130000000,3.202,3.237,3.191,3.228,61237.655806
1697133600000,3.23,3.24,3.219,3.226,14827.662828
1697137200000,3.224,3.235,3.217,3.221,28045.446318
1697140800000,3.22,3.223,3.213,3.219,27132.579349
1697144400000,3.22,3.222,3.211,3.215,11531.051887
1697148000000,3.216,3.23,3.209,3.211,15233.806667
1697151600000,3.21,3.215,3.204,3.211,16731.79664
1697155200000,3.211,3.218,3.205,3.217,22749.667448
1697158800000,3.216,3.223,3.213,3.219,63767.512241
1697162400000,3.219,3.227,3.211,3.216,41237.87049
1697166000000,3.216,3.218,3.195,3.203,30410.457179
1697169600000,3.204,3.204,3.191,3.197,26371.013328
1697173200000,3.198,3.213,3.198,3.203,88081.963954
1697176800000,3.203,3.215,3.2,3.213,29128.209885
1697180400000,3.214,3.232,3.213,3.216,117866.925099
1697184000000,3.216,3.224,3.21,3.213,52828.195725
1697187600000,3.213,3.223,3.21,3.21,22113.721906
1697191200000,3.211,3.215,3.207,3.214,24457.535611
1697194800000,3.213,3.218,3.21,3.214,22460.873678
1697198400000,3.214,3.224,3.205,3.218,17567.348009
1697202000000,3.219,3.22,3.202,3.205,35375.578792
1697205600000,3.203,3.205,3.189,3.191,22489.119805
1697209200000,3.192,3.195,3.176,3.187,49035.111154
1697212800000,3.187,3.206,3.183,3.198,43015.397095
1697216400000,3.198,3.203,3.193,3.197,31347.411668
1697220000000,3.197,3.198,3.188,3.193,24270.775211
1697223600000,3.193,3.199,3.192,3.197,6334.182533
1697227200000,3.199,3.227,3.196,3.223,39989.820241
1697230800000,3.223,3.245,3.216,3.233,98614.259044
1697234400000,3.232,3.239,3.203,3.211,67426.436329
1697238000000,3.21,3.213,3.201,3.209,23926.962348
1697241600000,3.21,3.226,3.205,3.224,23782.513458
1697245200000,3.225,3.226,3.21,3.22,27362.365579
1697248800000,3.221,3.227,3.22,3.22,46240.058454
1697252400000,3.22,3.235,3.22,3.233,28515.134475
1697256000000,3.233,3.235,3.226,3.226,13142.735179
1697259600000,3.228,3.229,3.218,3.22,22936.838565
1697263200000,3.22,3.222,3.21,3.212,32419.55993
1697266800000,3.212,3.224,3.21,3.216,20902.937863
1697270400000,3.219,3.222,3.213,3.215,23929.735332
1697274000000,3.216,3.218,3.208,3.218,31488.470644
1697277600000,3.218,3.221,3.216,3.22,20593.865229
1697281200000,3.22,3.22,3.209,3.212,40478.813401
1697284800000,3.211,3.213,3.203,3.213,21360.394617
1697288400000,3.214,3.214,3.206,3.208,15853.79621
1697292000000,3.209,3.213,3.202,3.207,30063.316192
1697295600000,3.208,3.224,3.207,3.222,32767.310475
1697299200000,3.222,3.228,3.217,3.225,48997.47378
1697302800000,3.224,3.227,3.218,3.223,15742.757657
1697306400000,3.223,3.226,3.22,3.224,6621.094786
1697310000000,3.222,3.228,3.221,3.227,8121.103796
1697313600000,3.228,3.229,3.22,3.22,15793.491055
1697317200000,3.22,3.229,3.215,3.216,29715.618823
1697320800000,3.216,3.22,3.211,3.215,9200.327722
1697324400000,3.215,3.221,3.211,3.213,18639.811053
1697328000000,3.213,3.213,3.202,3.213,24048.948221
1697331600000,3.213,3.232,3.207,3.226,43701.05266
1697335200000,3.223,3.229,3.214,3.218,25242.026818
1697338800000,3.218,3.222,3.211,3.212,19108.344457
1697342400000,3.212,3.214,3.208,3.213,17642.60035
1697346000000,3.213,3.219,3.211,3.218,30151.647449
1697349600000,3.217,3.22,3.216,3.22,13369.254701
1697353200000,3.219,3.22,3.207,3.211,40453.445875
1697356800000,3.211,3.218,3.208,3.217,22177.170134
1697360400000,3.216,3.222,3.215,3.219,21839.165307
1697364000000,3.219,3.22,3.214,3.215,17279.09573
1697367600000,3.215,3.215,3.205,3.207,24595.055234
1697371200000,3.208,3.208,3.202,3.204,18802.24689
1697374800000,3.205,3.218,3.196,3.199,51828.744432
1697378400000,3.198,3.209,3.198,3.206,18520.056344
1697382000000,3.206,3.211,3.202,3.205,10897.461196
1697385600000,3.204,3.208,3.2,3.206,40387.084788
1697389200000,3.206,3.222,3.205,3.217,14966.207395
1697392800000,3.217,3.228,3.214,3.228,23486.841133
1697396400000,3.227,3.229,3.222,3.222,20828.647659
1697400000000,3.223,3.237,3.219,3.236,61421.298464
1697403600000,3.235,3.239,3.224,3.228,30622.524724
1697407200000,3.227,3.234,3.214,3.216,27000.411608
1697410800000,3.216,3.226,3.212,3.226,18183.326927
1697414400000,3.226,3.234,3.222,3.225,34069.809249
1697418000000,3.226,3.242,3.224,3.238,61758.058606
1697421600000,3.237,3.246,3.232,3.233,83755.396572
1697425200000,3.232,3.239,3.226,3.238,44002.915005
1697428800000,3.238,3.239,3.23,3.236,34438.449056
1697432400000,3.236,3.298,3.235,3.28,266633.798594
1697436000000,3.281,3.285,3.263,3.276,100167.397188
1697439600000,3.278,3.282,3.272,3.273,51668.050592
1697443200000,3.274,3.28,3.265,3.268,74153.211142
1697446800000,3.267,3.27,3.248,3.269,80677.116207
1697450400000,3.269,3.279,3.263,3.275,42711.982687
1697454000000,3.275,3.278,3.266,3.273,67504.608852
1697457600000,3.274,3.284,3.267,3.278,71964.614482
1697461200000,3.278,3.369,3.211,3.264,844675.580465
1697464800000,3.263,3.27,3.244,3.249,263721.611068
1697468400000,3.25,3.252,3.211,3.226,176482.961945
1697472000000,3.227,3.236,3.219,3.221,48546.035811
1697475600000,3.221,3.23,3.215,3.224,30901.76722
1697479200000,3.224,3.246,3.224,3.242,50407.870191
1697482800000,3.243,3.256,3.235,3.245,41253.561558
1697486400000,3.246,3.259,3.235,3.24,15200.130492
1697490000000,3.242,3.248,3.224,3.248,13986.502035
1697493600000,3.249,3.258,3.242,3.256,28966.286886
1697497200000,3.256,3.264,3.248,3.25,32829.343989
1697500800000,3.251,3.254,3.227,3.232,47330.340125
1697504400000,3.231,3.243,3.23,3.238,19438.464056
1697508000000,3.237,3.244,3.227,3.239,31425.019647
1697511600000,3.239,3.239,3.223,3.224,32859.426698
1697515200000,3.225,3.239,3.217,3.23,43741.167777
1697518800000,3.23,3.236,3.226,3.229,22573.823203
1697522400000,3.229,3.236,3.223,3.231,43644.003232
1697526000000,3.233,3.247,3.23,3.246,42047.305758
1697529600000,3.246,3.25,3.243,3.25,59629.64222
1697533200000,3.25,3.252,3.239,3.249,26545.356531
1697536800000,3.25,3.259,3.242,3.242,38724.751455
1697540400000,3.243,3.253,3.243,3.25,34739.862784
1697544000000,3.25,3.25,3.218,3.218,52918.964699
1697547600000,3.218,3.227,3.118,3.182,552422.216491
1697551200000,3.181,3.209,3.177,3.204,134691.964786
1697554800000,3.203,3.215,3.203,3.207,37625.994926
1697558400000,3.206,3.218,3.205,3.214,21154.991444
1697562000000,3.211,3.214,3.191,3.201,28499.04795
1697565600000,3.199,3.207,3.173,3.185,65759.293935
1697569200000,3.185,3.199,3.183,3.199,8616.78843
1697572800000,3.2,3.2,3.183,3.184,6509.669632
1697576400000,3.184,3.21,3.181,3.199,38328.626778
1697580000000,3.199,3.204,3.195,3.204,11726.614287
1697583600000,3.204,3.22,3.201,3.207,30215.3631
1697587200000,3.204,3.204,3.18,3.191,26694.68581
1697590800000,3.192,3.202,3.182,3.187,56053.7095
1697594400000,3.187,3.192,3.177,3.191,37272.561398
1697598000000,3.192,3.198,3.185,3.196,32595.784887
1697601600000,3.196,3.239,3.191,3.22,76281.376369
1697605200000,3.22,3.222,3.207,3.212,132269.312376
1697608800000,3.211,3.213,3.202,3.209,36151.092081
1697612400000,3.209,3.211,3.195,3.196,54060.689913
1697616000000,3.196,3.203,3.188,3.202,35920.586232
1697619600000,3.203,3.212,3.186,3.186,82924.643001
1697623200000,3.185,3.221,3.184,3.206,96789.511625
1697626800000,3.207,3.215,3.197,3.198,7169.982983
1697630400000,3.199,3.208,3.188,3.195,31380.539329
1697634000000,3.195,3.198,3.182,3.19,37668.575704
1697637600000,3.189,3.19,3.175,3.186,60960.231405
1697641200000,3.186,3.195,3.181,3.187,28624.50668
1697644800000,3.187,3.193,3.181,3.186,31358.292684
1697648400000,3.186,3.191,3.174,3.175,44390.898637
1697652000000,3.174,3.181,3.171,3.173,102041.61401
1697655600000,3.174,3.174,3.158,3.167,86733.385533
1697659200000,3.164,3.172,3.156,3.161,37095.220597
1697662800000,3.161,3.166,3.158,3.164,13503.640467
1697666400000,3.167,3.184,3.167,3.182,54448.046551
1697670000000,3.182,3.182,3.172,3.174,32801.103089
1697673600000,3.174,3.192,3.169,3.19,49195.290819
1697677200000,3.189,3.19,3.128,3.159,313837.291963
1697680800000,3.159,3.16,3.144,3.154,50630.085087
1697684400000,3.154,3.166,3.151,3.165,52353.201956
1697688000000,3.164,3.165,3.153,3.159,41154.02437
1697691600000,3.16,3.17,3.159,3.162,26604.775721
1697695200000,3.16,3.167,3.158,3.166,12655.929888
1697698800000,3.167,3.168,3.157,3.164,31013.511021
1697702400000,3.164,3.167,3.154,3.155,22661.393726
1697706000000,3.155,3.165,3.146,3.156,42882.760665
1697709600000,3.154,3.164,3.144,3.15,41327.018492
1697713200000,3.15,3.16,3.147,3.16,22091.519888
1697716800000,3.16,3.165,3.153,3.161,33206.520889
1697720400000,3.161,3.175,3.159,3.162,38870.356214
1697724000000,3.162,3.175,3.159,3.174,50918.575579
1697727600000,3.174,3.179,3.164,3.165,77029.126812
1697731200000,3.165,3.185,3.159,3.163,102657.121764
1697734800000,3.165,3.171,3.155,3.165,44424.786508
1697738400000,3.165,3.175,3.164,3.173,13073.69122
1697742000000,3.171,3.186,3.171,3.182,14952.867868
1697745600000,3.184,3.198,3.18,3.186,61750.174352
1697749200000,3.187,3.187,3.175,3.181,22483.306242
1697752800000,3.179,3.194,3.178,3.186,15552.045611
1697756400000,3.186,3.196,3.182,3.192,68499.602456
1697760000000,3.192,3.196,3.183,3.185,63066.702624
1697763600000,3.186,3.194,3.175,3.194,43236.560634
1697767200000,3.193,3.216,3.191,3.209,320610.924339
1697770800000,3.21,3.233,3.206,3.219,161121.331537
1697774400000,3.219,3.226,3.214,3.224,113123.678758
1697778000000,3.225,3.226,3.212,3.219,39659.323889
1697781600000,3.219,3.225,3.212,3.224,34527.306454
1697785200000,3.224,3.233,3.219,3.222,79904.247398
1697788800000,3.221,3.268,3.219,3.255,244468.195236
1697792400000,3.255,3.271,3.248,3.269,184503.267367
1697796000000,3.269,3.29,3.256,3.257,163708.318021
1697799600000,3.257,3.269,3.25,3.252,65700.603309
1697803200000,3.253,3.263,3.235,3.24,133931.788139
1697806800000,3.24,3.255,3.232,3.254,70736.19089
1697810400000,3.253,3.26,3.219,3.22,282357.256744
1697814000000,3.22,3.232,3.216,3.225,147595.832538
1697817600000,3.224,3.228,3.215,3.217,28129.326431
1697821200000,3.218,3.228,3.208,3.228,47436.732657
1697824800000,3.229,3.233,3.221,3.221,16839.535634
1697828400000,3.222,3.232,3.219,3.231,9921.12454
1697832000000,3.232,3.237,3.223,3.223,16308.785152
1697835600000,3.223,3.231,3.222,3.225,10015.463168
1697839200000,3.227,3.229,3.219,3.223,23107.811291
1697842800000,3.225,3.23,3.209,3.214,35418.845551
1697846400000,3.215,3.219,3.209,3.213,34306.470646
1697850000000,3.214,3.216,3.202,3.213,49917.653103
1697853600000,3.213,3.219,3.208,3.212,53197.228706
1697857200000,3.211,3.218,3.204,3.216,71399.512557
1697860800000,3.217,3.223,3.216,3.221,32409.160303
1697864400000,3.221,3.225,3.22,3.221,19761.330492
1697868000000,3.223,3.248,3.221,3.24,100650.445679
1697871600000,3.24,3.244,3.232,3.242,85338.236951
1697875200000,3.243,3.248,3.237,3.238,35077.116776
1697878800000,3.237,3.249,3.232,3.247,38483.431666
1697882400000,3.247,3.25,3.238,3.245,35466.429731
1697886000000,3.246,3.255,3.242,3.255,98767.090586
1697889600000,3.255,3.256,3.243,3.247,45132.133121
1697893200000,3.247,3.274,3.234,3.274,96172.503097
1697896800000,3.274,3.317,3.271,3.316,467442.058833
1697900400000,3.317,3.33,3.296,3.327,259178.16752
1697904000000,3.327,3.345,3.318,3.322,298084.174168
1697907600000,3.322,3.359,3.321,3.354,160441.226811
1697911200000,3.354,3.377,3.339,3.365,206959.020527
1697914800000,3.366,3.375,3.353,3.375,145977.967939
1697918400000,3.374,3.374,3.337,3.354,91291.172661
1697922000000,3.354,3.36,3.348,3.355,60103.051659
1697925600000,3.355,3.372,3.349,3.358,119639.250296
1697929200000,3.357,3.358,3.333,3.34,96398.380892
1697932800000,3.34,3.385,3.333,3.369,235035.426531
1697936400000,3.369,3.385,3.344,3.351,159198.615271
1697940000000,3.351,3.364,3.339,3.359,141685.601936
1697943600000,3.358,3.364,3.353,3.357,92190.882048
1697947200000,3.358,3.41,3.357,3.379,256730.256865
1697950800000,3.38,3.45,3.38,3.429,222774.434106
1697954400000,3.429,3.449,3.415,3.435,376478.759332
1697958000000,3.435,3.437,3.313,3.366,683181.486317
1697961600000,3.365,3.388,3.346,3.356,299223.975303
1697965200000,3.355,3.384,3.353,3.359,141841.983555
1697968800000,3.359,3.382,3.359,3.379,79237.884064
1697972400000,3.38,3.38,3.344,3.357,77806.065695
1697976000000,3.357,3.39,3.353,3.375,111384.122041
1697979600000,3.376,3.398,3.376,3.393,75957.384946
1697983200000,3.392,3.393,3.352,3.359,137018.847968
1697986800000,3.358,3.362,3.341,3.355,101894.190013
1697990400000,3.356,3.387,3.352,3.382,99241.904872
1697994000000,3.382,3.395,3.38,3.387,41312.473089
1697997600000,3.389,3.392,3.376,3.383,85409.347848
1698001200000,3.385,3.39,3.376,3.383,60384.701526
1698004800000,3.387,3.395,3.382,3.386,17503.594339
1698008400000,3.388,3.391,3.369,3.374,36101.723732
1698012000000,3.373,3.41,3.367,3.409,61786.914199
1698015600000,3.409,3.425,3.399,3.425,111969.540155
1698019200000,3.424,3.431,3.398,3.426,92134.482465
1698022800000,3.426,3.5,3.42,3.474,553909.324339
1698026400000,3.475,3.496,3.456,3.491,124535.955414
1698030000000,3.492,3.54,3.486,3.519,273781.295277
1698033600000,3.521,3.529,3.5,3.517,191580.514051
1698037200000,3.517,3.518,3.472,3.487,285815.095422
1698040800000,3.487,3.514,3.476,3.476,212194.167034
1698044400000,3.475,3.487,3.43,3.459,289215.687672
1698048000000,3.459,3.504,3.451,3.502,147273.393373
1698051600000,3.502,3.504,3.433,3.457,149483.670808
1698055200000,3.457,3.476,3.453,3.468,44917.402305
1698058800000,3.467,3.476,3.463,3.465,149492.17302
1698062400000,3.466,3.474,3.453,3.468,56359.335776
1698066000000,3.467,3.475,3.423,3.447,172710.611895
1698069600000,3.446,3.467,3.442,3.465,64938.212812
1698073200000,3.465,3.473,3.453,3.462,48589.180186
1698076800000,3.462,3.537,3.458,3.531,201915.895799
1698080400000,3.531,3.549,3.489,3.525,185203.695603
1698084000000,3.524,3.638,3.524,3.632,435245.795798
1698087600000,3.628,3.907,3.627,3.816,1125086.90965
1698091200000,3.817,3.836,3.771,3.799,428314.720377
1698094800000,3.798,3.925,3.79,3.869,421957.869769
1698098400000,3.87,3.949,3.798,3.927,783908.512106
1698102000000,3.93,3.95,3.833,3.86,660193.944008
1698105600000,3.859,3.924,3.805,3.894,523956.182931
1698109200000,3.891,3.896,3.822,3.845,430766.222571
1698112800000,3.844,3.945,3.817,3.898,932040.598017
1698116400000,3.896,3.9,3.805,3.807,294940.135792
1698120000000,3.806,3.85,3.805,3.831,236545.063085
1698123600000,3.83,3.916,3.82,3.845,381853.20147
1698127200000,3.845,3.899,3.752,3.806,780437.942893
1698130800000,3.805,3.834,3.783,3.833,209419.677416
1698134400000,3.83,3.88,3.823,3.877,293847.897925
1698138000000,3.877,3.92,3.858,3.894,380002.838819
1698141600000,3.894,3.987,3.876,3.926,461159.14186
1698145200000,3.925,3.941,3.881,3.902,266364.825019
1698148800000,3.902,3.979,3.88,3.972,310921.275794
1698152400000,3.973,3.975,3.847,3.936,376970.896659
1698156000000,3.933,3.936,3.831,3.903,336805.511663
1698159600000,3.9,3.947,3.686,3.781,1250493.807424
1698163200000,3.78,3.858,3.723,3.798,513282.999543
1698166800000,3.796,3.816,3.784,3.787,115298.993391
1698170400000,3.788,3.807,3.738,3.802,409804.280345
1698174000000,3.805,3.84,3.798,3.822,63962.859485
1698177600000,3.818,3.833,3.778,3.786,107602.493314
1698181200000,3.788,3.835,3.76,3.825,72606.079669
1698184800000,3.824,3.872,3.807,3.861,85399.320807
1698188400000,3.859,3.86,3.819,3.834,134765.310451
1698192000000,3.833,3.877,3.803,3.868,163494.195073
1698195600000,3.867,3.981,3.867,3.976,614761.651945
1698199200000,3.974,3.974,3.868,3.894,437148.77225
1698202800000,3.893,3.899,3.855,3.856,164612.145637
1698206400000,3.857,3.87,3.789,3.842,425276.818048
1698210000000,3.843,3.843,3.784,3.79,165446.761767
1698213600000,3.791,3.836,3.791,3.813,114629.464017
1698217200000,3.815,3.819,3.684,3.731,482949.373027
1698220800000,3.73,3.749,3.708,3.738,124706.138533
1698224400000,3.739,3.788,3.732,3.758,125681.764184
1698228000000,3.758,3.788,3.742,3.78,182337.477778
1698231600000,3.782,3.795,3.762,3.764,128242.092158
1698235200000,3.765,3.802,3.765,3.777,147221.488241
1698238800000,3.777,3.827,3.759,3.779,214956.884692
1698242400000,3.778,3.818,3.749,3.813,226089.239691
1698246000000,3.812,3.852,3.799,3.836,346486.820451
1698249600000,3.836,3.846,3.727,3.744,314887.067305
1698253200000,3.745,3.777,3.725,3.761,247369.784907
1698256800000,3.756,3.77,3.741,3.757,112680.678019
1698260400000,3.757,3.767,3.734,3.76,41015.441485
1698264000000,3.76,3.767,3.727,3.732,51813.334495
1698267600000,3.735,3.753,3.71,3.739,55261.77378
1698271200000,3.74,3.762,3.738,3.758,47144.768677
1698274800000,3.757,3.772,3.721,3.77,106899.675893
1698278400000,3.77,3.808,3.752,3.788,189805.53655
1698282000000,3.789,3.82,3.765,3.784,161292.022766
1698285600000,3.784,3.803,3.765,3.797,85195.286536
1698289200000,3.8,3.848,3.798,3.838,239232.786435
1698292800000,3.837,3.838,3.797,3.805,116197.370365
1698296400000,3.806,3.821,3.774,3.774,87799.162996
1698300000000,3.775,3.812,3.74,3.81,239615.201746
1698303600000,3.809,3.86,3.793,3.86,226666.023649
1698307200000,3.859,3.866,3.802,3.848,189866.012315
1698310800000,3.848,3.874,3.803,3.825,202937.891802
1698314400000,3.823,3.825,3.762,3.792,190642.320193
1698318000000,3.792,3.806,3.722,3.756,328430.378962
1698321600000,3.755,3.82,3.752,3.81,188008.193773
1698325200000,3.809,3.818,3.752,3.754,183150.093575
1698328800000,3.754,3.78,3.59,3.708,1046780.571226
1698332400000,3.709,3.711,3.626,3.689,302332.652835
1698336000000,3.689,3.714,3.673,3.681,151176.704536
1698339600000,3.676,3.716,3.672,3.711,150077.326197
1698343200000,3.711,3.711,3.675,3.682,254209.223942
1698346800000,3.681,3.704,3.676,3.698,43620.730832
1698350400000,3.696,3.719,3.691,3.716,20597.564044
1698354000000,3.716,3.734,3.705,3.732,28283.318683
1698357600000,3.731,3.749,3.731,3.748,54546.073514
1698361200000,3.747,3.753,3.73,3.732,119471.628111
1698364800000,3.734,3.737,3.692,3.7,107690.249867
1698368400000,3.7,3.702,3.629,3.638,158660.219196
1698372000000,3.638,3.683,3.626,3.671,102483.908324
1698375600000,3.671,3.684,3.661,3.676,74547.151752
1698379200000,3.675,3.685,3.649,3.673,111381.43428
1698382800000,3.674,3.674,3.625,3.663,144314.269588
1698386400000,3.664,3.694,3.656,3.694,159524.023533
1698390000000,3.695,3.695,3.635,3.641,118950.628146
1698393600000,3.639,3.669,3.636,3.665,68860.888095
1698397200000,3.663,3.676,3.66,3.663,101938.446022
1698400800000,3.663,3.673,3.601,3.633,506058.422873
1698404400000,3.634,3.64,3.6,3.634,171991.411535
1698408000000,3.634,3.683,3.622,3.675,144839.045574
1698411600000,3.675,3.708,3.667,3.695,225431.457463
1698415200000,3.695,3.695,3.617,3.632,170449.751316
1698418800000,3.632,3.677,3.625,3.658,115630.041616
1698422400000,3.659,3.671,3.577,3.618,262389.519352
1698426000000,3.617,3.623,3.52,3.577,490346.339646
1698429600000,3.578,3.588,3.543,3.578,137873.757757
1698433200000,3.577,3.598,3.577,3.594,34617.481116
1698436800000,3.594,3.604,3.576,3.601,46018.629652
1698440400000,3.601,3.601,3.575,3.597,28905.964498
1698444000000,3.598,3.603,3.572,3.573,41194.493812
1698447600000,3.577,3.599,3.573,3.591,68586.427622
1698451200000,3.591,3.619,3.587,3.6,73406.832384
1698454800000,3.6,3.616,3.598,3.616,56769.727822
1698458400000,3.615,3.649,3.605,3.648,144178.043863
1698462000000,3.645,3.65,3.631,3.65,79495.610672
1698465600000,3.65,3.664,3.639,3.662,65885.374636
1698469200000,3.662,3.68,3.651,3.654,102559.399251
1698472800000,3.654,3.664,3.647,3.652,40459.072896
1698476400000,3.653,3.661,3.65,3.651,86809.28913
1698480000000,3.651,3.674,3.639,3.662,112768.227766
1698483600000,3.66,3.669,3.648,3.668,63456.092867
1698487200000,3.668,3.67,3.657,3.668,44457.427182
1698490800000,3.669,3.698,3.663,3.664,246484.760988
1698494400000,3.664,3.672,3.61,3.634,156447.543497
1698498000000,3.635,3.656,3.625,3.656,44774.333961
1698501600000,3.653,3.663,3.648,3.651,39206.186376
1698505200000,3.649,3.676,3.648,3.675,34803.959067
1698508800000,3.673,3.678,3.656,3.672,63846.850384
1698512400000,3.673,3.69,3.669,3.684,65593.953407
1698516000000,3.681,3.696,3.663,3.691,34741.307325
1698519600000,3.691,3.733,3.69,3.704,112162.713204
1698523200000,3.704,3.745,3.698,3.731,83900.281098
1698526800000,3.734,3.749,3.726,3.742,41221.730042
1698530400000,3.742,3.751,3.711,3.729,108098.156925
1698534000000,3.728,3.747,3.707,3.734,101682.860877
1698537600000,3.735,3.737,3.697,3.702,82819.153763
1698541200000,3.703,3.708,3.64,3.695,223202.966682
1698544800000,3.695,3.708,3.682,3.696,63056.716008
1698548400000,3.696,3.699,3.665,3.674,57337.028053
1698552000000,3.674,3.711,3.663,3.699,63748.003314
1698555600000,3.698,3.708,3.688,3.689,59319.419403
1698559200000,3.69,3.741,3.685,3.739,179712.338752
1698562800000,3.741,3.753,3.726,3.749,185204.435736
1698566400000,3.748,3.782,3.746,3.771,309841.40528
1698570000000,3.773,3.785,3.74,3.749,111500.895655
1698573600000,3.75,3.753,3.735,3.741,63249.458096
1698577200000,3.74,3.78,3.737,3.78,121061.468667
1698580800000,3.78,3.795,3.761,3.791,146077.547823
1698584400000,3.791,3.792,3.762,3.774,148620.165542
1698588000000,3.772,3.798,3.752,3.794,117462.625593
1698591600000,3.794,3.825,3.791,3.806,349030.480918
1698595200000,3.809,3.823,3.787,3.791,96448.872616
1698598800000,3.794,3.829,3.78,3.807,88728.69215
1698602400000,3.809,3.832,3.795,3.819,193761.428049
1698606000000,3.821,3.828,3.805,3.814,50078.932285
1698609600000,3.815,3.817,3.791,3.81,40210.48852
1698613200000,3.811,3.833,3.801,3.81,87073.0641
1698616800000,3.812,3.841,3.809,3.824,99472.95707
1698620400000,3.824,3.83,3.776,3.791,97968.584297
1698624000000,3.794,3.814,3.766,3.803,213920.197912
1698627600000,3.803,3.833,3.797,3.799,151306.096576
1698631200000,3.8,3.806,3.774,3.79,117676.856765
1698634800000,3.793,3.794,3.77,3.777,67191.459977
1698638400000,3.775,3.799,3.771,3.79,71435.323353
1698642000000,3.789,3.815,3.783,3.789,110129.943559
1698645600000,3.789,3.808,3.751,3.801,144043.688933
1698649200000,3.8,3.812,3.766,3.769,109106.784568
1698652800000,3.769,3.824,3.76,3.82,252593.113649
1698656400000,3.82,3.863,3.819,3.84,375047.697405
1698660000000,3.843,3.855,3.818,3.849,157434.256404
1698663600000,3.848,3.86,3.836,3.85,77679.547532
1698667200000,3.851,3.877,3.836,3.836,164892.525798
1698670800000,3.837,3.862,3.824,3.856,125476.764409
1698674400000,3.856,3.871,3.831,3.856,127854.133773
1698678000000,3.856,3.866,3.836,3.847,135373.662797
1698681600000,3.848,3.848,3.819,3.83,236026.810946
1698685200000,3.829,3.831,3.731,3.795,478661.981612
1698688800000,3.795,3.814,3.792,3.813,36084.314441
1698692400000,3.815,3.836,3.805,3.833,35573.308113
1698696000000,3.835,3.836,3.812,3.832,22803.109695
1698699600000,3.83,3.867,3.821,3.864,102315.870033
1698703200000,3.865,3.865,3.847,3.859,103533.378283
1698706800000,3.86,3.869,3.854,3.856,106726.652055
1698710400000,3.856,3.944,3.853,3.913,491216.44492
1698714000000,3.913,3.918,3.869,3.904,241985.901292
1698717600000,3.904,3.915,3.836,3.869,326216.987193
1698721200000,3.868,3.874,3.813,3.823,213028.364775
1698724800000,3.824,3.849,3.82,3.825,163766.322172
1698728400000,3.827,3.847,3.816,3.836,50870.007606
1698732000000,3.836,3.85,3.79,3.812,213422.543459
1698735600000,3.812,3.837,3.783,3.799,242524.906765
1698739200000,3.799,3.835,3.745,3.831,243012.883737
1698742800000,3.83,3.848,3.823,3.845,106050.163175
1698746400000,3.845,3.85,3.824,3.836,97515.825651
1698750000000,3.838,3.881,3.83,3.872,207890.832663
1698753600000,3.871,3.88,3.802,3.814,253695.596887
1698757200000,3.816,3.827,3.756,3.795,224891.84852
1698760800000,3.792,3.82,3.766,3.805,111999.217978
1698764400000,3.806,3.814,3.691,3.76,521888.86486
1698768000000,3.761,3.797,3.745,3.791,78673.524631
1698771600000,3.791,3.799,3.781,3.794,47088.690179
1698775200000,3.795,3.81,3.779,3.807,28840.16213
1698778800000,3.807,3.83,3.806,3.814,83309.933572
1698782400000,3.813,3.851,3.812,3.834,112477.193966
1698786000000,3.835,3.839,3.801,3.806,46262.551782
1698789600000,3.804,3.832,3.803,3.815,33233.525222
1698793200000,3.816,3.827,3.802,3.827,59014.272096
1698796800000,3.828,3.841,3.809,3.812,158677.748325
1698800400000,3.815,3.824,3.8,3.803,61326.901677
1698804000000,3.803,3.81,3.783,3.8,47218.398921
1698807600000,3.801,3.806,3.776,3.786,48488.929618
1698811200000,3.786,3.798,3.773,3.783,32221.852832
1698814800000,3.783,3.783,3.719,3.732,152913.391369
1698818400000,3.731,3.75,3.71,3.749,109460.896279
1698822000000,3.75,3.769,3.741,3.752,130435.620569
1698825600000,3.754,3.776,3.748,3.756,92761.641857
1698829200000,3.76,3.767,3.749,3.761,79518.976392
1698832800000,3.762,3.762,3.712,3.718,84317.721968
1698836400000,3.717,3.741,3.706,3.737,81630.886121
1698840000000,3.739,3.78,3.708,3.77,131259.324812
1698843600000,3.77,3.809,3.718,3.758,343511.537986
1698847200000,3.759,3.817,3.725,3.738,257852.211502
1698850800000,3.734,3.766,3.727,3.745,157935.479675
1698854400000,3.748,3.797,3.74,3.784,128623.608863
1698858000000,3.786,3.815,3.774,3.813,104074.955365
1698861600000,3.814,3.889,3.8,3.865,745773.960522
1698865200000,3.865,3.936,3.865,3.897,510324.149503
1698868800000,3.897,3.983,3.897,3.969,651371.348531
1698872400000,3.97,3.994,3.928,3.947,220781.312688
1698876000000,3.948,3.955,3.906,3.913,168362.455214
1698879600000,3.914,3.94,3.903,3.937,192606.730017
1698883200000,3.936,3.945,3.89,3.918,224851.738975
1698886800000,3.918,3.955,3.917,3.921,128816.319089
1698890400000,3.922,3.962,3.91,3.944,117450.362393
1698894000000,3.945,3.983,3.94,3.952,178284.108083
1698897600000,3.952,3.97,3.91,3.921,241009.336182
1698901200000,3.922,3.928,3.87,3.892,286731.732391
1698904800000,3.891,3.924,3.886,3.898,195066.384207
1698908400000,3.898,3.921,3.896,3.915,243045.362268
1698912000000,3.916,3.927,3.875,3.925,175602.220774
1698915600000,3.926,3.938,3.909,3.93,127257.917688
1698919200000,3.928,3.945,3.912,3.915,252414.947069
1698922800000,3.918,3.936,3.907,3.923,234032.662248
1698926400000,3.923,3.975,3.916,3.958,264872.741947
1698930000000,3.958,3.974,3.875,3.903,544097.30914
1698933600000,3.903,3.917,3.85,3.887,279303.080715
1698937200000,3.885,3.888,3.811,3.819,381759.159771
1698940800000,3.818,3.854,3.773,3.833,490387.220715
1698944400000,3.828,3.88,3.816,3.878,119124.028459
1698948000000,3.875,3.919,3.851,3.904,332671.759419
1698951600000,3.904,4.153,3.896,4.041,1583156.399812
1698955200000,4.041,4.057,4.008,4.047,253556.374145
1698958800000,4.045,4.186,4.026,4.125,599993.599536
1698962400000,4.125,4.15,4.073,4.084,444487.651638
1698966000000,4.087,4.115,4.076,4.091,252168.929634
1698969600000,4.092,4.097,3.966,3.994,458745.516962
1698973200000,3.993,3.993,3.89,3.932,637944.767488
1698976800000,3.929,3.958,3.914,3.952,198276.662791
1698980400000,3.952,3.954,3.922,3.945,101416.441953
1698984000000,3.945,3.962,3.904,3.931,195196.563825
1698987600000,3.932,3.98,3.92,3.973,198704.586209
1698991200000,3.973,4.029,3.967,3.979,253902.595524
1698994800000,3.979,4.024,3.964,4.011,187023.929452
1698998400000,4.012,4.065,4.002,4.038,424000.3034
1699002000000,4.037,4.043,3.985,3.997,288496.744847
1699005600000,3.997,4,3.96,3.982,212201.935681
1699009200000,3.98,3.986,3.941,3.957,144321.665759
1699012800000,3.953,3.986,3.924,3.973,198334.132001
1699016400000,3.973,3.988,3.931,3.97,135283.736998
1699020000000,3.971,3.994,3.941,3.971,195338.022152
1699023600000,3.969,3.988,3.945,3.977,100079.695707
1699027200000,3.977,3.989,3.848,3.89,890295.236116
1699030800000,3.889,3.894,3.837,3.861,655299.948928
1699034400000,3.861,3.883,3.836,3.873,166628.851967
1699038000000,3.874,3.896,3.86,3.888,82975.874988
1699041600000,3.887,3.924,3.881,3.905,62576.918579
1699045200000,3.905,3.932,3.905,3.907,50408.447492
1699048800000,3.907,3.927,3.901,3.925,91903.469751
1699052400000,3.925,3.932,3.901,3.924,92030.104657
1699056000000,3.924,3.924,3.893,3.918,68677.396829
1699059600000,3.914,3.927,3.892,3.919,270682.137759
1699063200000,3.919,3.928,3.914,3.92,127643.793586
1699066800000,3.92,3.939,3.912,3.935,70675.489125
1699070400000,3.936,3.936,3.91,3.927,85015.242285
1699074000000,3.927,3.93,3.91,3.93,89229.999738
1699077600000,3.929,3.947,3.922,3.933,151021.265213
1699081200000,3.934,3.956,3.934,3.94,170155.418872
1699084800000,3.941,3.965,3.925,3.962,145907.650782
1699088400000,3.963,3.987,3.954,3.959,181549.177731
1699092000000,3.953,3.966,3.943,3.956,120125.591626
1699095600000,3.955,3.975,3.95,3.952,65224.288915
1699099200000,3.952,3.978,3.945,3.977,68712.036318
1699102800000,3.977,3.99,3.952,3.959,125260.266158
1699106400000,3.96,3.961,3.926,3.937,101407.98746
1699110000000,3.936,3.943,3.906,3.926,117073.338081
1699113600000,3.926,3.942,3.915,3.935,111689.992641
1699117200000,3.934,3.952,3.932,3.947,56970.613823
1699120800000,3.945,3.962,3.935,3.962,23432.002182
1699124400000,3.962,3.963,3.94,3.949,24692.368275
1699128000000,3.95,3.963,3.947,3.961,21772.03644
1699131600000,3.962,3.989,3.96,3.975,51109.947187
1699135200000,3.978,3.999,3.972,3.997,134614.478633
1699138800000,3.998,4.025,3.993,4.001,195994.896929
1699142400000,4.001,4.02,3.978,4.01,137466.948086
1699146000000,4.01,4.03,4.004,4.025,147168.467874
1699149600000,4.025,4.027,3.99,4.027,166079.97784
1699153200000,4.027,4.057,4.015,4.053,178054.754698
1699156800000,4.054,4.059,4.02,4.045,208434.157608
1699160400000,4.045,4.07,4.042,4.059,188211.961572
1699164000000,4.059,4.062,4.018,4.032,144873.614233
1699167600000,4.03,4.067,4.026,4.059,140443.172145
1699171200000,4.059,4.078,4.028,4.038,145412.300739
1699174800000,4.035,4.077,4.035,4.072,179340.434073
1699178400000,4.073,4.149,4.058,4.126,317593.239454
1699182000000,4.126,4.138,4.101,4.113,284306.508471
1699185600000,4.113,4.148,4.084,4.143,350334.849222
1699189200000,4.142,4.15,4.001,4.023,546663.882561
1699192800000,4.024,4.084,4.024,4.064,335756.438597
1699196400000,4.064,4.081,4.038,4.072,196069.857432
1699200000000,4.072,4.131,4.064,4.13,219588.914032
1699203600000,4.131,4.145,4.104,4.108,126392.589293
1699207200000,4.109,4.134,4.098,4.118,83681.333734
1699210800000,4.121,4.139,4.1,4.107,42046.267061
1699214400000,4.106,4.122,4.088,4.095,31779.286673
1699218000000,4.093,4.097,4.016,4.04,149006.743647
1699221600000,4.038,4.109,4.038,4.109,79455.112158
1699225200000,4.11,4.133,4.105,4.109,104003.668618
1699228800000,4.11,4.183,4.105,4.179,236816.532781
1699232400000,4.18,4.196,4.135,4.149,286472.120655
1699236000000,4.148,4.166,4.114,4.147,157447.406495
1699239600000,4.148,4.149,4.122,4.124,118275.408404
1699243200000,4.125,4.13,4.083,4.103,203003.305674
1699246800000,4.103,4.121,4.06,4.095,177882.256887
1699250400000,4.094,4.116,4.084,4.109,89875.945915
1699254000000,4.109,4.133,4.096,4.129,78994.765094
1699257600000,4.13,4.199,4.115,4.188,270570.937803
1699261200000,4.188,4.218,4.176,4.188,363970.791201
1699264800000,4.188,4.209,4.179,4.203,419283.958612
1699268400000,4.203,4.25,4.198,4.249,231432.78595
1699272000000,4.249,4.355,4.244,4.323,863087.957181
1699275600000,4.323,4.343,4.276,4.321,467503.585786
1699279200000,4.321,4.336,4.301,4.327,180727.873216
1699282800000,4.325,4.364,4.313,4.325,304577.066976
1699286400000,4.323,4.404,4.312,4.335,673543.741783
1699290000000,4.333,4.353,4.285,4.302,188204.999227
1699293600000,4.303,4.314,4.273,4.31,206156.165931
1699297200000,4.312,4.349,4.31,4.344,92627.119758
1699300800000,4.344,4.369,4.33,4.364,93304.441522
1699304400000,4.362,4.365,4.312,4.353,102913.96767
1699308000000,4.353,4.377,4.335,4.369,102066.715796
1699311600000,4.369,4.376,4.322,4.34,249900.798548
1699315200000,4.341,4.348,4.262,4.309,427441.212665
1699318800000,4.309,4.335,4.283,4.289,147627.34982
1699322400000,4.291,4.308,4.252,4.259,261098.1549
1699326000000,4.26,4.299,4.25,4.294,114562.50987
1699329600000,4.294,4.302,4.262,4.288,123021.640379
1699333200000,4.289,4.327,4.282,4.323,158708.957911
1699336800000,4.323,4.329,4.298,4.327,131646.787531
1699340400000,4.327,4.332,4.301,4.319,150135.181734
1699344000000,4.317,4.33,4.3,4.311,137327.305819
1699347600000,4.308,4.312,4.219,4.249,478418.048773
1699351200000,4.248,4.257,4.201,4.233,447170.388596
1699354800000,4.233,4.262,4.226,4.229,138750.773515
1699358400000,4.228,4.239,4.181,4.232,206231.30531
1699362000000,4.232,4.308,4.214,4.275,705405.654565
1699365600000,4.272,4.287,4.185,4.208,671369.07069
1699369200000,4.209,4.22,4.132,4.161,583935.416847
1699372800000,4.161,4.191,4.1,4.121,315174.457161
1699376400000,4.121,4.192,4.076,4.192,380901.421265
1699380000000,4.192,4.287,4.183,4.277,389911.176638
1699383600000,4.281,4.281,4.222,4.249,167370.062054
1699387200000,4.251,4.29,4.245,4.277,136229.797569
1699390800000,4.28,4.284,4.243,4.269,67404.664569
1699394400000,4.267,4.268,4.21,4.224,140817.983853
1699398000000,4.225,4.256,4.216,4.238,112409.758051
1699401600000,4.238,4.253,4.213,4.248,102015.906983
1699405200000,4.249,4.273,4.244,4.255,132651.554544
1699408800000,4.259,4.268,4.241,4.258,83929.631097
1699412400000,4.256,4.282,4.247,4.258,176906.034337
1699416000000,4.258,4.277,4.254,4.266,65936.286298
1699419600000,4.264,4.27,4.243,4.255,148741.873266
1699423200000,4.255,4.304,4.245,4.302,195643.878896
1699426800000,4.302,4.305,4.272,4.276,243318.333541
1699430400000,4.276,4.298,4.261,4.289,122238.197815
1699434000000,4.29,4.31,4.284,4.306,83894.907516
1699437600000,4.306,4.321,4.3,4.303,139671.268784
1699441200000,4.304,4.307,4.28,4.293,103343.414358
1699444800000,4.292,4.297,4.273,4.292,170092.881636
1699448400000,4.292,4.307,4.269,4.299,148273.119392
1699452000000,4.301,4.309,4.263,4.284,253067.953732
1699455600000,4.283,4.32,4.245,4.311,313646.316721
1699459200000,4.31,4.37,4.301,4.354,711414.024051
1699462800000,4.355,4.356,4.327,4.353,168439.29358
1699466400000,4.354,4.385,4.345,4.374,108386.792326
1699470000000,4.376,4.413,4.367,4.375,266644.56287
1699473600000,4.376,4.422,4.366,4.418,128698.870848
1699477200000,4.413,4.439,4.391,4.413,213083.545158
1699480800000,4.412,4.44,4.405,4.421,125624.429419
1699484400000,4.424,4.47,4.42,4.431,345602.526696
1699488000000,4.431,4.566,4.4,4.558,544104.539487
1699491600000,4.558,4.598,4.525,4.536,671393.605916
1699495200000,4.536,4.57,4.517,4.551,314495.682894
1699498800000,4.55,4.555,4.506,4.524,229627.89999
1699502400000,4.525,4.549,4.522,4.543,229621.360635
1699506000000,4.543,4.575,4.533,4.544,178512.248825
1699509600000,4.543,4.593,4.542,4.576,184236.339965
1699513200000,4.575,4.695,4.557,4.57,701156.969358
1699516800000,4.568,4.6,4.548,4.575,247163.218207
1699520400000,4.577,4.585,4.544,4.578,186136.420477
1699524000000,4.579,4.632,4.573,4.61,216009.677172
1699527600000,4.608,4.656,4.58,4.616,370369.372736
1699531200000,4.617,4.633,4.567,4.569,305326.411107
1699534800000,4.569,4.592,4.51,4.548,347072.475425
1699538400000,4.548,4.669,4.548,4.64,586007.959933
1699542000000,4.639,4.65,4.52,4.541,817218.18021
1699545600000,4.541,4.581,4.162,4.37,3322118.905102
1699549200000,4.368,4.452,4.342,4.44,395797.497557
1699552800000,4.439,4.44,4.325,4.333,184293.149198
1699556400000,4.335,4.354,4.302,4.341,191513.788907
1699560000000,4.34,4.341,4.245,4.327,180180.789257
1699563600000,4.325,4.386,4.322,4.343,147209.963576
1699567200000,4.343,4.413,4.342,4.404,170713.958852
1699570800000,4.401,4.5,4.389,4.498,291302.040366
1699574400000,4.5,4.65,4.483,4.49,1515355.543964
1699578000000,4.489,4.555,4.472,4.553,275622.008099
1699581600000,4.552,4.589,4.53,4.585,206107.411185
1699585200000,4.584,4.587,4.5,4.509,341803.183544
1699588800000,4.51,4.543,4.502,4.523,205267.07412
1699592400000,4.525,4.528,4.502,4.525,103522.315253
1699596000000,4.523,4.528,4.461,4.481,322928.842959
1699599600000,4.481,4.492,4.41,4.43,555945.885975
1699603200000,4.432,4.451,4.369,4.45,319661.533363
1699606800000,4.451,4.502,4.442,4.496,147971.478321
1699610400000,4.497,4.518,4.483,4.517,136557.75938
1699614000000,4.516,4.543,4.499,4.54,165740.230094
1699617600000,4.54,4.543,4.446,4.517,371046.192159
1699621200000,4.517,4.531,4.437,4.449,273016.024464
1699624800000,4.452,4.474,4.375,4.441,382862.875311
1699628400000,4.439,4.497,4.432,4.461,164664.708562
1699632000000,4.464,4.504,4.456,4.482,297464.567444
1699635600000,4.485,4.51,4.475,4.499,135360.673558
1699639200000,4.499,4.53,4.499,4.515,107205.012358
1699642800000,4.517,4.541,4.505,4.515,116523.732218
1699646400000,4.517,4.54,4.501,4.536,135646.487794
1699650000000,4.536,4.555,4.535,4.554,118872.987399
1699653600000,4.554,4.576,4.525,4.56,178610.481029
1699657200000,4.559,4.597,4.554,4.58,227084.360855
1699660800000,4.58,4.621,4.57,4.605,259767.885268
1699664400000,4.605,4.63,4.525,4.556,440994.851195
1699668000000,4.556,4.609,4.517,4.599,264236.725532
1699671600000,4.6,4.625,4.57,4.574,453690.838702
1699675200000,4.573,4.588,4.445,4.521,988046.65466
1699678800000,4.52,4.564,4.503,4.549,140689.103808
1699682400000,4.549,4.559,4.5,4.548,159504.973637
1699686000000,4.548,4.574,4.518,4.537,174233.440146
1699689600000,4.54,4.582,4.508,4.569,166559.303443
1699693200000,4.569,4.628,4.569,4.616,385806.7933
1699696800000,4.617,4.626,4.592,4.602,152110.247601
1699700400000,4.601,4.602,4.561,4.569,173652.760825
1699704000000,4.566,4.618,4.541,4.617,172921.755924
1699707600000,4.617,4.63,4.603,4.624,313247.604109
1699711200000,4.624,4.83,4.621,4.801,1709088.706775
1699714800000,4.802,4.89,4.74,4.764,1222975.113197
1699718400000,4.765,4.894,4.764,4.82,775782.69314
1699722000000,4.822,4.85,4.774,4.814,390778.010934
1699725600000,4.811,4.823,4.785,4.794,179964.620517
1699729200000,4.797,4.819,4.78,4.813,87285.049124
1699732800000,4.813,4.817,4.747,4.755,132008.122429
1699736400000,4.755,4.784,4.71,4.734,138074.785291
1699740000000,4.734,4.753,4.672,4.733,214433.680837
1699743600000,4.733,4.743,4.664,4.735,252485.156719
1699747200000,4.735,4.752,4.55,4.619,885272.696601
1699750800000,4.616,4.697,4.585,4.683,270453.810159
1699754400000,4.684,4.691,4.616,4.643,174861.89203
1699758000000,4.638,4.698,4.623,4.693,139735.122018
1699761600000,4.691,4.71,4.646,4.669,156682.769873
1699765200000,4.666,4.71,4.642,4.705,86299.562414
1699768800000,4.706,4.803,4.682,4.795,279568.402902
1699772400000,4.796,4.85,4.785,4.832,451640.144032
1699776000000,4.831,4.884,4.814,4.841,550053.045318
1699779600000,4.841,4.847,4.77,4.809,320549.326171
1699783200000,4.806,4.847,4.782,4.82,160462.579482
1699786800000,4.819,4.848,4.801,4.803,106929.493929
1699790400000,4.804,4.819,4.745,4.763,225876.913967
1699794000000,4.762,4.787,4.707,4.768,274495.257533
1699797600000,4.77,4.868,4.765,4.845,331786.391709
1699801200000,4.846,4.86,4.8,4.839,273287.283658
1699804800000,4.84,4.855,4.768,4.796,272885.895725
1699808400000,4.802,4.818,4.773,4.81,59639.286764
1699812000000,4.809,4.854,4.779,4.835,97409.595667
1699815600000,4.837,4.936,4.821,4.909,315071.653857
1699819200000,4.91,5.155,4.894,5.142,980073.737192
1699822800000,5.143,5.254,5.127,5.176,852275.909847
1699826400000,5.172,5.177,5.106,5.121,291965.186552
1699830000000,5.123,5.159,5.023,5.145,744293.580351
1699833600000,5.143,5.231,5.096,5.216,941539.445534
1699837200000,5.216,5.487,5.204,5.454,1544615.336256
1699840800000,5.455,5.663,5.453,5.516,1768528.334614
1699844400000,5.515,5.536,5.304,5.352,1219261.026477
1699848000000,5.353,5.487,5.313,5.382,841819.113464
1699851600000,5.382,5.504,5.344,5.498,702603.552631
1699855200000,5.495,5.6,5.38,5.5,1327783.462446
1699858800000,5.5,5.6,5.493,5.523,581422.038121
1699862400000,5.523,5.56,5.422,5.442,594140.458071
1699866000000,5.442,5.546,5.401,5.476,559327.673597
1699869600000,5.476,5.595,5.469,5.535,680264.259876
1699873200000,5.537,5.642,5.401,5.46,1215594.821855
1699876800000,5.463,5.558,5.351,5.5,856694.803317
1699880400000,5.498,5.51,5.416,5.424,354945.118791
1699884000000,5.422,5.498,5.208,5.366,1259800.309459
1699887600000,5.367,5.428,5.286,5.404,642897.422732
1699891200000,5.404,5.482,5.359,5.42,589534.240985
1699894800000,5.421,5.426,5.192,5.284,1092450.749191
1699898400000,5.281,5.34,5.263,5.299,268967.700567
1699902000000,5.298,5.299,5.226,5.274,569031.178132
1699905600000,5.274,5.304,5.168,5.187,327498.805367
1699909200000,5.192,5.199,5.004,5.034,956563.150002
1699912800000,5.036,5.086,5.002,5.003,433663.388851
1699916400000,5.003,5.1,5,5.009,410801.015917
1699920000000,5.009,5.041,4.878,4.927,946910.507268
1699923600000,4.928,5.09,4.926,5.053,484979.519349
1699927200000,5.055,5.1,5.007,5.018,564494.436774
1699930800000,5.018,5.068,5.003,5.023,233954.896803
1699934400000,5.023,5.119,5.001,5.074,255887.730686
1699938000000,5.07,5.129,5.045,5.112,311932.616789
1699941600000,5.11,5.137,5.065,5.078,304758.745214
1699945200000,5.078,5.139,5.066,5.111,302069.689052
1699948800000,5.111,5.158,5.082,5.094,466320.30913
1699952400000,5.097,5.111,5.021,5.025,303006.877276
1699956000000,5.027,5.063,4.989,5.023,393496.463233
1699959600000,5.022,5.031,4.8,4.9,1026980.886991
1699963200000,4.9,4.919,4.818,4.9,737257.241059
1699966800000,4.901,5.041,4.897,5.002,758540.7747
1699970400000,5.005,5.081,4.972,5.023,691065.478307
1699974000000,5.026,5.039,4.888,4.948,638083.515911
1699977600000,4.948,5.01,4.941,4.971,282493.636408
1699981200000,4.975,4.98,4.901,4.906,233014.337241
1699984800000,4.906,4.913,4.572,4.673,1642677.926503
1699988400000,4.674,4.766,4.651,4.736,354944.256262
1699992000000,4.735,4.78,4.717,4.727,194478.743014
1699995600000,4.726,4.791,4.717,4.778,221029.931056
1699999200000,4.778,4.814,4.771,4.806,144952.945472
1700002800000,4.805,4.818,4.781,4.789,142885.266451
1700006400000,4.789,4.848,4.772,4.812,200865.850282
1700010000000,4.814,4.872,4.79,4.814,218619.811176
1700013600000,4.811,4.864,4.801,4.85,159995.972254
1700017200000,4.849,4.87,4.806,4.815,166751.507665
1700020800000,4.813,4.869,4.813,4.868,72573.15683
1700024400000,4.867,4.882,4.844,4.871,143015.126098
1700028000000,4.873,4.895,4.845,4.876,155266.622352
1700031600000,4.875,4.915,4.869,4.889,263930.256363
1700035200000,4.891,4.972,4.891,4.949,255031.071576
1700038800000,4.95,4.96,4.902,4.906,163619.824801
1700042400000,4.909,5.062,4.903,5.035,490650.396433
1700046000000,5.034,5.146,5.025,5.124,541126.772279
1700049600000,5.123,5.264,5.103,5.236,806414.877239
1700053200000,5.238,5.238,5.083,5.142,690033.816359
1700056800000,5.14,5.157,5.071,5.097,329012.775311
1700060400000,5.099,5.147,5.093,5.143,173046.15631
1700064000000,5.143,5.166,5.088,5.127,216569.337998
1700067600000,5.126,5.133,5.068,5.082,133684.060592
1700071200000,5.081,5.196,5.055,5.17,459059.462775
1700074800000,5.173,5.256,5.155,5.256,245661.1475
1700078400000,5.256,5.268,5.225,5.268,257406.753661
1700082000000,5.264,5.264,5.185,5.205,179305.987465
1700085600000,5.209,5.286,5.18,5.229,240305.739554
1700089200000,5.229,5.238,5.185,5.218,203077.483469
1700092800000,5.217,5.424,5.217,5.361,484012.454317
1700096400000,5.359,5.377,5.239,5.284,488707.333522
1700100000000,5.282,5.303,5.265,5.292,197685.49254
1700103600000,5.292,5.348,5.254,5.325,218245.676926
1700107200000,5.325,5.34,5.272,5.294,185236.905757
1700110800000,5.298,5.301,5.249,5.267,131697.1745
1700114400000,5.266,5.267,5.223,5.263,174207.742391
1700118000000,5.266,5.266,5.218,5.236,218626.351757
1700121600000,5.236,5.261,5.145,5.166,397112.787002
1700125200000,5.165,5.184,5.084,5.138,464589.416063
1700128800000,5.14,5.195,5.126,5.191,270296.022736
1700132400000,5.193,5.231,5.113,5.135,525896.394383
1700136000000,5.136,5.14,5.062,5.113,301028.93851
1700139600000,5.112,5.13,4.971,5.074,542838.321987
1700143200000,5.072,5.106,5.01,5.08,290646.606661
1700146800000,5.08,5.105,4.88,4.958,524128.192841
1700150400000,4.957,5.018,4.954,5.012,252128.898722
1700154000000,5.014,5.026,4.975,4.979,121565.751642
1700157600000,4.981,4.992,4.905,4.929,185611.075522
1700161200000,4.93,4.942,4.75,4.881,635739.866561
1700164800000,4.883,4.912,4.797,4.808,120770.786926
1700168400000,4.807,4.866,4.77,4.833,143265.971019
1700172000000,4.831,4.885,4.826,4.862,132843.208439
1700175600000,4.864,4.868,4.774,4.852,215882.902835
1700179200000,4.851,4.912,4.842,4.911,207245.421158
1700182800000,4.911,4.965,4.891,4.962,182161.739429
1700186400000,4.963,4.974,4.909,4.937,195090.22743
1700190000000,4.936,4.943,4.873,4.921,236174.586837
1700193600000,4.922,4.941,4.897,4.915,108857.957542
1700197200000,4.915,4.925,4.878,4.908,190308.189868
1700200800000,4.909,4.934,4.879,4.885,141911.889741
1700204400000,4.886,4.891,4.815,4.83,199528.184099
1700208000000,4.83,4.888,4.816,4.876,185221.375025
1700211600000,4.874,4.893,4.827,4.836,185057.915817
1700215200000,4.838,4.839,4.7,4.743,710093.903406
1700218800000,4.741,4.768,4.733,4.746,178878.677268
1700222400000,4.746,4.761,4.666,4.76,390944.074698
1700226000000,4.76,4.816,4.696,4.714,286553.051863
1700229600000,4.716,4.74,4.622,4.663,508740.074084
1700233200000,4.662,4.685,4.523,4.548,525761.659403
1700236800000,4.547,4.634,4.524,4.58,288171.591122
1700240400000,4.58,4.705,4.574,4.694,351198.719496
1700244000000,4.694,4.721,4.665,4.712,78797.057548
1700247600000,4.711,4.721,4.66,4.667,75479.613284
1700251200000,4.663,4.705,4.646,4.66,76832.983328
1700254800000,4.66,4.678,4.643,4.672,42064.242739
1700258400000,4.673,4.749,4.673,4.747,102459.826139
1700262000000,4.747,4.78,4.713,4.736,189221.260684
1700265600000,4.737,4.738,4.662,4.662,156588.935791
1700269200000,4.662,4.683,4.637,4.646,169039.752238
1700272800000,4.647,4.678,4.644,4.648,103538.37509
1700276400000,4.649,4.651,4.594,4.6,183676.766653
1700280000000,4.603,4.638,4.595,4.595,99451.059328
1700283600000,4.597,4.601,4.511,4.522,253179.214257
1700287200000,4.521,4.54,4.456,4.46,296587.267998
1700290800000,4.459,4.522,4.38,4.52,512936.086524
1700294400000,4.52,4.556,4.497,4.542,163147.51284
1700298000000,4.541,4.58,4.531,4.56,190720.866249
1700301600000,4.562,4.598,4.553,4.594,70394.755655
1700305200000,4.595,4.598,4.56,4.564,67283.078776
1700308800000,4.561,4.604,4.547,4.585,104272.809165
1700312400000,4.586,4.605,4.49,4.547,222062.078954
1700316000000,4.547,4.677,4.546,4.618,319058.36334
1700319600000,4.625,4.702,4.623,4.694,220856.79684
1700323200000,4.696,4.719,4.654,4.662,154517.718071
1700326800000,4.663,4.711,4.631,4.7,186453.634466
1700330400000,4.703,4.738,4.675,4.729,99185.536063
1700334000000,4.73,4.738,4.71,4.724,73762.522347
1700337600000,4.727,4.736,4.691,4.711,51366.330077
1700341200000,4.71,4.742,4.706,4.717,39272.550319
1700344800000,4.716,4.724,4.68,4.706,79298.984208
1700348400000,4.705,4.719,4.7,4.715,47955.037321
1700352000000,4.714,4.718,4.63,4.644,168807.352485
1700355600000,4.644,4.667,4.603,4.654,216754.571213
1700359200000,4.655,4.675,4.628,4.654,129138.079457
1700362800000,4.654,4.717,4.635,4.715,108426.7213
1700366400000,4.712,4.737,4.7,4.732,166029.962759
1700370000000,4.731,4.74,4.712,4.729,125228.799076
1700373600000,4.73,4.788,4.724,4.773,249455.850373
1700377200000,4.772,4.789,4.76,4.771,121798.166427
1700380800000,4.774,4.817,4.763,4.768,160479.086334
1700384400000,4.771,4.802,4.751,4.796,124293.690615
1700388000000,4.797,4.804,4.746,4.749,151113.983666
1700391600000,4.749,4.756,4.681,4.727,239423.230143
1700395200000,4.726,4.769,4.711,4.754,113266.990571
1700398800000,4.756,4.772,4.748,4.753,77123.507858
1700402400000,4.751,4.785,4.738,4.768,150015.478031
1700406000000,4.768,4.827,4.74,4.808,180152.97405
1700409600000,4.807,4.844,4.786,4.789,139289.343056
1700413200000,4.786,4.815,4.779,4.789,126467.909088
1700416800000,4.788,4.85,4.788,4.839,144326.402131
1700420400000,4.843,4.876,4.83,4.875,61473.258645
1700424000000,4.876,4.904,4.848,4.898,201303.614097
1700427600000,4.9,4.9,4.857,4.858,94299.016679
1700431200000,4.86,4.868,4.814,4.828,96907.002284
1700434800000,4.83,4.916,4.827,4.88,229911.680668
1700438400000,4.882,4.886,4.818,4.877,145629.544926
1700442000000,4.875,4.902,4.854,4.864,136207.314146
1700445600000,4.864,4.866,4.815,4.851,199360.925043
1700449200000,4.852,4.859,4.8,4.815,202099.874944
1700452800000,4.815,4.828,4.787,4.825,121633.33234
1700456400000,4.826,4.826,4.763,4.795,176369.610786
1700460000000,4.794,4.814,4.787,4.811,122800.20603
1700463600000,4.811,4.841,4.78,4.839,103494.151497
1700467200000,4.838,4.84,4.803,4.812,141135.806654
1700470800000,4.81,4.872,4.803,4.866,111462.178431
1700474400000,4.866,4.885,4.833,4.854,147389.87968
1700478000000,4.856,4.87,4.788,4.801,245375.19021
1700481600000,4.801,4.801,4.766,4.777,151482.153088
1700485200000,4.777,4.79,4.742,4.743,196472.360497
1700488800000,4.743,4.808,4.658,4.8,473353.636998
1700492400000,4.797,4.838,4.758,4.804,187627.676225
1700496000000,4.803,4.827,4.738,4.75,161467.578996
1700499600000,4.749,4.869,4.719,4.838,248984.430426
1700503200000,4.835,4.845,4.749,4.768,143490.678511
1700506800000,4.768,4.778,4.727,4.738,147331.842426
1700510400000,4.737,4.754,4.722,4.727,52632.912111
1700514000000,4.727,4.727,4.613,4.686,221631.636334
1700517600000,4.686,4.738,4.677,4.705,81472.450602
1700521200000,4.7,4.723,4.669,4.69,138374.974651
1700524800000,4.687,4.741,4.666,4.708,121693.736838
1700528400000,4.706,4.716,4.635,4.678,201040.404923
1700532000000,4.681,4.697,4.561,4.607,255390.055492
1700535600000,4.606,4.666,4.6,4.654,264779.539697
1700539200000,4.652,4.663,4.64,4.65,82420.914245
1700542800000,4.654,4.662,4.623,4.649,65145.994312
1700546400000,4.648,4.689,4.644,4.668,118403.230716
1700550000000,4.669,4.669,4.58,4.591,226331.544451
1700553600000,4.592,4.622,4.589,4.615,161897.824134
1700557200000,4.615,4.623,4.558,4.566,168967.025108
1700560800000,4.566,4.63,4.566,4.617,107916.08611
1700564400000,4.616,4.62,4.572,4.579,92885.214888
1700568000000,4.579,4.602,4.575,4.594,76676.115963
1700571600000,4.594,4.607,4.56,4.569,135743.508049
1700575200000,4.569,4.569,4.5,4.535,389633.986926
1700578800000,4.535,4.548,4.35,4.515,1237970.775454
1700582400000,4.514,4.567,4.475,4.543,290721.718951
1700586000000,4.535,4.561,4.361,4.419,572126.835189
1700589600000,4.42,4.42,4.281,4.374,801012.528811
1700593200000,4.373,4.425,4.365,4.391,150583.41539
1700596800000,4.388,4.467,4.369,4.428,112789.0628
1700600400000,4.429,4.451,4.391,4.393,104562.083025
1700604000000,4.392,4.392,4.152,4.197,551860.908735
1700607600000,4.197,4.269,4.178,4.199,578048.517655
1700611200000,4.198,4.3,4.187,4.295,417278.903239
1700614800000,4.293,4.322,4.282,4.287,272836.049922
1700618400000,4.29,4.337,4.283,4.332,216201.199344
1700622000000,4.332,4.374,4.318,4.365,176634.77341
1700625600000,4.367,4.379,4.34,4.359,150911.113485
1700629200000,4.362,4.378,4.342,4.347,113058.742454
1700632800000,4.352,4.395,4.352,4.385,104229.200921
1700636400000,4.385,4.397,4.352,4.353,165968.574749
1700640000000,4.355,4.379,4.35,4.375,102479.646029
1700643600000,4.375,4.396,4.365,4.39,92226.014176
1700647200000,4.392,4.396,4.349,4.385,134800.515562
1700650800000,4.386,4.386,4.354,4.358,132538.062438
1700654400000,4.359,4.389,4.356,4.379,60338.065845
1700658000000,4.381,4.409,4.36,4.401,215747.758865
1700661600000,4.402,4.419,4.356,4.371,196681.320548
1700665200000,4.372,4.399,4.34,4.376,147433.715199
1700668800000,4.376,4.407,4.326,4.347,131039.057203
1700672400000,4.346,4.386,4.342,4.377,84849.746773
1700676000000,4.378,4.47,4.366,4.452,260085.697452
1700679600000,4.453,4.473,4.437,4.46,106605.633022
1700683200000,4.459,4.5,4.447,4.497,127711.98063
1700686800000,4.497,4.544,4.48,4.493,271557.36334
1700690400000,4.495,4.509,4.461,4.468,112540.039132
1700694000000,4.469,4.48,4.45,4.475,112000.620171
1700697600000,4.477,4.503,4.464,4.47,246743.54657
1700701200000,4.473,4.537,4.468,4.515,137731.514422
1700704800000,4.516,4.528,4.502,4.508,82108.808178
1700708400000,4.508,4.517,4.488,4.496,83864.0767
1700712000000,4.496,4.512,4.483,4.504,57714.115349
1700715600000,4.506,4.516,4.488,4.495,150042.431272
1700719200000,4.495,4.527,4.491,4.524,154110.595097
1700722800000,4.524,4.542,4.506,4.517,163960.647397
1700726400000,4.516,4.549,4.514,4.546,87399.083992
1700730000000,4.546,4.568,4.53,4.561,178277.654997
1700733600000,4.561,4.57,4.512,4.514,162109.920043
1700737200000,4.513,4.514,4.456,4.493,324590.171273
1700740800000,4.492,4.507,4.462,4.467,159799.6026
1700744400000,4.467,4.487,4.454,4.468,161782.087884
1700748000000,4.468,4.488,4.456,4.46,123542.23689
1700751600000,4.459,4.469,4.412,4.425,280617.517775
1700755200000,4.426,4.459,4.425,4.445,132927.451642
1700758800000,4.447,4.473,4.442,4.451,119306.552868
1700762400000,4.452,4.475,4.444,4.452,63975.486056
1700766000000,4.453,4.465,4.424,4.45,41641.043293
1700769600000,4.451,4.476,4.448,4.454,32326.000554
1700773200000,4.457,4.478,4.456,4.474,25900.73205
1700776800000,4.475,4.497,4.466,4.496,40311.856467
1700780400000,4.496,4.5,4.481,4.487,55999.458456
1700784000000,4.489,4.553,4.482,4.55,178139.775204
1700787600000,4.551,4.574,4.535,4.538,141394.591355
1700791200000,4.538,4.562,4.52,4.552,224811.287634
1700794800000,4.55,4.557,4.533,4.54,87929.970697
1700798400000,4.54,4.549,4.534,4.538,68414.351078
1700802000000,4.538,4.546,4.518,4.543,140677.287185
1700805600000,4.544,4.566,4.538,4.552,144989.653847
1700809200000,4.554,4.59,4.538,4.588,187188.859406
1700812800000,4.59,4.654,4.583,4.617,352228.85044
1700816400000,4.618,4.673,4.608,4.669,257117.645045
1700820000000,4.669,4.672,4.625,4.629,193462.040829
1700823600000,4.628,4.684,4.615,4.645,315441.333807
1700827200000,4.646,4.656,4.616,4.616,198323.235774
1700830800000,4.618,4.637,4.603,4.62,185409.873274
1700834400000,4.621,4.629,4.59,4.622,104389.574955
1700838000000,4.624,4.681,4.616,4.654,242461.401941
1700841600000,4.653,4.711,4.619,4.639,436954.15792
1700845200000,4.64,4.698,4.634,4.653,200569.535476
1700848800000,4.65,4.661,4.608,4.616,104253.931592
1700852400000,4.616,4.618,4.591,4.611,82427.775975
1700856000000,4.611,4.638,4.596,4.629,37554.314667
1700859600000,4.632,4.648,4.624,4.625,46107.165121
1700863200000,4.625,4.646,4.59,4.62,90564.892365
1700866800000,4.617,4.653,4.592,4.642,57482.997843
1700870400000,4.644,4.688,4.608,4.659,125328.305513
1700874000000,4.658,4.703,4.641,4.691,147979.649474
1700877600000,4.692,4.76,4.678,4.733,375487.494583
1700881200000,4.734,4.739,4.703,4.716,101518.743088
1700884800000,4.716,4.729,4.696,4.717,101880.834516
1700888400000,4.717,4.724,4.696,4.71,62868.929336
1700892000000,4.711,4.719,4.685,4.694,88178.71552
1700895600000,4.695,4.722,4.681,4.716,100285.340927
1700899200000,4.716,4.737,4.7,4.703,128869.371534
1700902800000,4.701,4.705,4.682,4.694,97134.792668
1700906400000,4.694,4.696,4.647,4.675,165816.393588
1700910000000,4.678,4.689,4.623,4.655,176549.732392
1700913600000,4.652,4.674,4.649,4.668,50186.76137
1700917200000,4.67,4.703,4.661,4.703,96969.761212
1700920800000,4.703,4.707,4.667,4.704,95705.835737
1700924400000,4.704,4.704,4.658,4.686,180068.559053
1700928000000,4.687,4.726,4.687,4.698,187627.626152
1700931600000,4.698,4.733,4.695,4.724,131577.732364
1700935200000,4.724,4.751,4.711,4.748,106775.191082
1700938800000,4.748,4.752,4.723,4.726,32898.325713
1700942400000,4.727,4.741,4.721,4.737,30673.361245
1700946000000,4.735,4.744,4.73,4.738,41277.504566
1700949600000,4.738,4.755,4.738,4.745,72453.293221
1700953200000,4.744,4.786,4.741,4.781,150381.091223
1700956800000,4.781,4.815,4.758,4.807,338925.217267
1700960400000,4.805,4.805,4.707,4.712,229663.587507
1700964000000,4.712,4.757,4.703,4.732,152676.231445
1700967600000,4.732,4.754,4.722,4.732,63311.467529
1700971200000,4.733,4.751,4.716,4.748,85680.125215
1700974800000,4.745,4.77,4.736,4.749,117897.951209
1700978400000,4.749,4.753,4.718,4.735,108518.369176
1700982000000,4.736,4.736,4.717,4.73,79223.412112
1700985600000,4.729,4.737,4.714,4.715,99086.253709
1700989200000,4.714,4.714,4.684,4.71,218634.991333
1700992800000,4.71,4.712,4.675,4.68,73498.383937
1700996400000,4.68,4.697,4.659,4.668,115010.75924
1701000000000,4.669,4.681,4.613,4.681,241919.868361
1701003600000,4.681,4.682,4.633,4.663,185547.011093
1701007200000,4.663,4.663,4.575,4.591,377650.420864
1701010800000,4.591,4.618,4.557,4.566,231437.688177
1701014400000,4.565,4.584,4.447,4.512,703179.660056
1701018000000,4.51,4.546,4.502,4.522,81962.37871
1701021600000,4.523,4.542,4.51,4.518,51440.663368
1701025200000,4.518,4.552,4.509,4.55,28487.891492
1701028800000,4.549,4.589,4.535,4.579,66371.719755
1701032400000,4.58,4.582,4.552,4.577,46537.085082
1701036000000,4.579,4.63,4.577,4.603,88235.860506
1701039600000,4.602,4.608,4.58,4.596,87606.846235
1701043200000,4.599,4.647,4.59,4.619,228749.80019
1701046800000,4.619,4.638,4.581,4.582,184913.757925
1701050400000,4.582,4.589,4.541,4.559,161492.570418
1701054000000,4.56,4.564,4.496,4.538,248555.959894
1701057600000,4.537,4.569,4.526,4.566,117703.380977
1701061200000,4.565,4.576,4.537,4.545,89874.31916
1701064800000,4.544,4.572,4.513,4.516,156218.94257
1701068400000,4.516,4.538,4.458,4.516,250747.796917
1701072000000,4.516,4.545,4.507,4.522,197443.087423
1701075600000,4.521,4.559,4.521,4.53,94494.427253
1701079200000,4.527,4.536,4.456,4.481,222202.40839
1701082800000,4.481,4.499,4.45,4.482,274336.176015
1701086400000,4.483,4.502,4.474,4.476,140081.671401
1701090000000,4.474,4.508,4.448,4.499,213168.718244
1701093600000,4.498,4.506,4.42,4.435,203187.300846
1701097200000,4.436,4.506,4.43,4.485,332136.905358
1701100800000,4.486,4.53,4.473,4.53,225148.15215
1701104400000,4.53,4.596,4.518,4.531,299204.522526
1701108000000,4.528,4.55,4.498,4.5,91495.884422
1701111600000,4.502,4.513,4.426,4.474,121453.756557
1701115200000,4.474,4.489,4.446,4.461,56601.03368
1701118800000,4.461,4.538,4.461,4.516,111988.506069
1701122400000,4.516,4.519,4.47,4.494,113139.926281
1701126000000,4.498,4.544,4.498,4.541,147190.938138
1701129600000,4.542,4.583,4.532,4.568,246096.914148
1701133200000,4.569,4.571,4.532,4.533,141082.526959
1701136800000,4.535,4.537,4.501,4.528,91438.904088
1701140400000,4.528,4.538,4.497,4.514,119990.423251
1701144000000,4.514,4.531,4.468,4.469,89421.548248
1701147600000,4.473,4.473,4.411,4.42,254099.651194
1701151200000,4.421,4.466,4.408,4.463,131984.140353
1701154800000,4.461,4.466,4.37,4.399,480051.970395
1701158400000,4.4,4.408,4.373,4.377,150313.559163
1701162000000,4.379,4.44,4.374,4.434,129633.347087
1701165600000,4.435,4.439,4.411,4.438,197124.898645
1701169200000,4.439,4.472,4.43,4.455,184597.91557
1701172800000,4.455,4.462,4.43,4.45,153347.96025
1701176400000,4.45,4.499,4.431,4.495,123579.143397
1701180000000,4.495,4.498,4.471,4.477,132337.966964
1701183600000,4.476,4.502,4.454,4.5,136984.923084
1701187200000,4.501,4.555,4.471,4.542,190718.33326
1701190800000,4.542,4.584,4.522,4.572,239128.853333
1701194400000,4.573,4.579,4.53,4.551,126402.079039
1701198000000,4.551,4.589,4.546,4.562,207400.909987
1701201600000,4.563,4.573,4.55,4.566,47807.734968
1701205200000,4.567,4.57,4.533,4.54,74030.046052
1701208800000,4.542,4.553,4.501,4.516,90051.959829
1701212400000,4.519,4.543,4.517,4.534,72750.096953
1701216000000,4.534,4.552,4.5,4.539,102869.878342
1701219600000,4.539,4.55,4.522,4.523,101470.866522
1701223200000,4.524,4.535,4.508,4.522,60290.267657
1701226800000,4.523,4.53,4.511,4.528,78353.972863
1701230400000,4.528,4.534,4.517,4.527,65867.219582
1701234000000,4.526,4.544,4.513,4.533,83748.295833
1701237600000,4.535,4.598,4.53,4.584,128954.579878
1701241200000,4.584,4.588,4.55,4.559,139530.953826
1701244800000,4.562,4.588,4.535,4.584,233353.244117
1701248400000,4.582,4.596,4.55,4.569,165671.314009
1701252000000,4.569,4.571,4.489,4.508,210358.508625
1701255600000,4.509,4.533,4.5,4.516,110582.683885
1701259200000,4.516,4.532,4.493,4.493,193404.132585
1701262800000,4.493,4.505,4.471,4.491,204786.076489
1701266400000,4.491,4.507,4.44,4.452,195177.842695
1701270000000,4.449,4.461,4.41,4.444,240685.445487
1701273600000,4.445,4.454,4.41,4.428,99441.27536
1701277200000,4.426,4.453,4.415,4.444,45016.560712
1701280800000,4.443,4.459,4.433,4.456,49403.61181
1701284400000,4.456,4.474,4.437,4.45,51685.93196
1701288000000,4.45,4.452,4.417,4.426,32992.984623
1701291600000,4.425,4.435,4.411,4.429,50145.792948
1701295200000,4.43,4.441,4.429,4.434,33417.070316
1701298800000,4.435,4.442,4.421,4.434,52439.533151
1701302400000,4.433,4.441,4.416,4.422,88410.716726
1701306000000,4.421,4.422,4.385,4.389,158422.628864
1701309600000,4.389,4.423,4.374,4.409,149681.542646
1701313200000,4.409,4.44,4.401,4.44,70328.434393
1701316800000,4.44,4.452,4.412,4.413,83845.227825
1701320400000,4.413,4.424,4.394,4.412,78500.850707
1701324000000,4.413,4.428,4.395,4.418,97972.113103
1701327600000,4.417,4.424,4.397,4.404,53044.451418
1701331200000,4.403,4.409,4.366,4.384,149965.177621
1701334800000,4.384,4.387,4.357,4.375,95188.450531
1701338400000,4.376,4.391,4.366,4.374,87269.810204
1701342000000,4.373,4.403,4.368,4.399,104947.270214
1701345600000,4.401,4.408,4.393,4.403,115138.226606
1701349200000,4.403,4.421,4.378,4.396,122289.722823
1701352800000,4.393,4.397,4.33,4.357,221903.084712
1701356400000,4.359,4.389,4.345,4.377,167853.842872
1701360000000,4.376,4.389,4.36,4.376,92850.738829
1701363600000,4.375,4.389,4.37,4.383,102216.21149
1701367200000,4.386,4.401,4.38,4.383,41181.662497
1701370800000,4.385,4.394,4.376,4.378,30908.362069
1701374400000,4.378,4.381,4.36,4.376,24942.634301
1701378000000,4.376,4.393,4.366,4.384,22688.694497
1701381600000,4.383,4.394,4.37,4.37,55997.99879
1701385200000,4.371,4.391,4.364,4.384,56486.390239
1701388800000,4.384,4.387,4.348,4.36,108683.525961
1701392400000,4.36,4.439,4.35,4.43,250316.861833
1701396000000,4.432,4.45,4.416,4.44,216806.606283
1701399600000,4.438,4.45,4.429,4.437,120814.312342
1701403200000,4.438,4.449,4.431,4.443,122643.002853
1701406800000,4.443,4.448,4.429,4.429,70470.500369
1701410400000,4.429,4.443,4.42,4.44,87998.249417
1701414000000,4.441,4.458,4.426,4.442,174725.837849
1701417600000,4.443,4.466,4.438,4.454,134244.705064
1701421200000,4.454,4.5,4.454,4.495,291389.407589
1701424800000,4.495,4.506,4.475,4.488,244851.666258
1701428400000,4.488,4.507,4.483,4.504,100577.598438
1701432000000,4.505,4.554,4.502,4.519,410176.152842
1701435600000,4.517,4.527,4.491,4.496,169029.615008
1701439200000,4.497,4.508,4.479,4.491,110887.797981
1701442800000,4.494,4.509,4.48,4.49,115177.05086
1701446400000,4.49,4.538,4.482,4.512,161579.648222
1701450000000,4.511,4.524,4.468,4.481,126678.767799
1701453600000,4.479,4.506,4.474,4.501,64826.569389
1701457200000,4.502,4.517,4.498,4.51,45158.594025
1701460800000,4.51,4.514,4.501,4.505,48017.056782
1701464400000,4.507,4.516,4.501,4.505,44127.390649
1701468000000,4.504,4.513,4.494,4.498,71830.964472
1701471600000,4.498,4.507,4.491,4.506,63458.706756
1701475200000,4.506,4.533,4.493,4.531,75514.061611
1701478800000,4.528,4.554,4.52,4.54,187510.421208
1701482400000,4.54,4.545,4.507,4.522,146592.424154
1701486000000,4.523,4.529,4.509,4.529,54390.032331
1701489600000,4.529,4.534,4.518,4.525,59060.622915
1701493200000,4.525,4.533,4.518,4.53,36229.831283
1701496800000,4.53,4.548,4.525,4.545,99180.715457
1701500400000,4.545,4.555,4.531,4.545,150048.710622
1701504000000,4.545,4.565,4.54,4.545,90256.013472
1701507600000,4.543,4.573,4.541,4.564,93952.314243
1701511200000,4.565,4.565,4.542,4.55,122117.440884
1701514800000,4.55,4.55,4.528,4.54,64371.569305
1701518400000,4.539,4.58,4.532,4.577,135701.352633
1701522000000,4.575,4.596,4.569,4.594,128342.086579
1701525600000,4.595,4.619,4.527,4.563,347173.502273
1701529200000,4.563,4.588,4.548,4.585,129582.781652
1701532800000,4.584,4.604,4.556,4.57,180636.064166
1701536400000,4.57,4.59,4.56,4.587,173193.346818
1701540000000,4.587,4.634,4.585,4.607,178575.44142
1701543600000,4.606,4.666,4.6,4.651,275661.06472
1701547200000,4.655,4.695,4.651,4.678,156560.654071
1701550800000,4.677,4.728,4.656,4.7,216531.0024
1701554400000,4.701,4.705,4.655,4.657,116208.718281
1701558000000,4.656,4.674,4.656,4.662,101446.128095
1701561600000,4.661,4.703,4.655,4.7,153694.614383
1701565200000,4.699,4.722,4.682,4.685,192160.846457
1701568800000,4.685,4.703,4.65,4.656,123392.609064
1701572400000,4.657,4.659,4.618,4.627,168278.123432
1701576000000,4.631,4.643,4.616,4.624,90926.284904
1701579600000,4.625,4.639,4.613,4.63,80117.708447
1701583200000,4.632,4.635,4.592,4.606,153891.441836
1701586800000,4.607,4.627,4.596,4.626,85078.69884
1701590400000,4.626,4.643,4.618,4.618,86037.724918
1701594000000,4.619,4.648,4.617,4.643,86097.437281
1701597600000,4.642,4.643,4.606,4.627,89349.808393
1701601200000,4.625,4.625,4.572,4.606,135063.3567
1701604800000,4.606,4.635,4.559,4.589,166664.06027
1701608400000,4.587,4.624,4.57,4.584,185587.114421
1701612000000,4.582,4.595,4.562,4.567,140926.007697
1701615600000,4.568,4.59,4.556,4.58,103806.403882
1701619200000,4.583,4.608,4.576,4.597,138081.59735
1701622800000,4.596,4.602,4.56,4.572,91256.173939
1701626400000,4.568,4.582,4.495,4.5,334082.513776
1701630000000,4.5,4.512,4.432,4.499,347219.272409
1701633600000,4.499,4.53,4.498,4.529,78053.037592
1701637200000,4.529,4.546,4.524,4.542,47556.0419
1701640800000,4.542,4.618,4.542,4.613,140838.125386
1701644400000,4.614,4.618,4.533,4.574,182300.919772
1701648000000,4.574,4.619,4.568,4.619,205398.206512
1701651600000,4.62,4.683,4.597,4.656,418035.360754
1701655200000,4.658,4.694,4.644,4.681,261806.623937
1701658800000,4.683,4.695,4.655,4.657,219413.170435
1701662400000,4.657,4.7,4.657,4.685,263662.559946
1701666000000,4.687,4.797,4.67,4.79,688222.062751
1701669600000,4.79,4.793,4.733,4.746,529563.774955
1701673200000,4.748,4.779,4.728,4.743,209040.816109
1701676800000,4.745,4.795,4.745,4.786,286876.294846
1701680400000,4.786,4.853,4.771,4.779,477925.275967
1701684000000,4.78,4.84,4.778,4.81,521901.091646
1701687600000,4.809,4.818,4.433,4.64,2538717.450681
1701691200000,4.64,4.73,4.597,4.718,477686.037141
1701694800000,4.716,4.779,4.681,4.691,587076.618547
1701698400000,4.693,4.74,4.606,4.644,493518.152466
1701702000000,4.645,4.648,4.57,4.614,411550.406104
1701705600000,4.615,4.653,4.595,4.649,183350.050764
1701709200000,4.649,4.656,4.597,4.604,172568.603289
1701712800000,4.604,4.632,4.604,4.613,42856.184098
1701716400000,4.613,4.654,4.602,4.652,83229.400955
1701720000000,4.652,4.709,4.649,4.685,205637.593167
1701723600000,4.687,4.694,4.659,4.669,171956.505773
1701727200000,4.669,4.709,4.629,4.658,146810.74044
1701730800000,4.657,4.734,4.647,4.732,403954.090042
1701734400000,4.731,4.82,4.696,4.814,688810.812592
1701738000000,4.816,4.823,4.72,4.743,647646.87261
1701741600000,4.747,4.751,4.652,4.687,430795.189375
1701745200000,4.688,4.736,4.682,4.7,139498.041033
1701748800000,4.701,4.716,4.675,4.704,172487.510883
1701752400000,4.705,4.73,4.682,4.728,197944.713234
1701756000000,4.729,4.739,4.662,4.683,248305.108773
1701759600000,4.683,4.685,4.578,4.618,446565.382249
1701763200000,4.618,4.638,4.582,4.621,275525.94784
1701766800000,4.62,4.647,4.612,4.635,156033.260452
1701770400000,4.634,4.636,4.561,4.567,261015.868753
1701774000000,4.567,4.604,4.55,4.594,253296.078419
1701777600000,4.594,4.617,4.587,4.607,174076.98627
1701781200000,4.606,4.635,4.563,4.57,233004.712264
1701784800000,4.568,4.618,4.551,4.614,203670.94537
1701788400000,4.615,4.671,4.61,4.667,410744.466566
1701792000000,4.666,4.81,4.646,4.717,1285957.949473
1701795600000,4.717,4.775,4.697,4.748,685127.014818
1701799200000,4.749,4.8,4.741,4.766,348804.124203
1701802800000,4.767,4.825,4.767,4.783,610436.407314
1701806400000,4.782,4.804,4.749,4.774,206079.580402
1701810000000,4.774,4.783,4.741,4.763,243897.470797
1701813600000,4.763,4.786,4.731,4.736,179821.106919
1701817200000,4.736,4.855,4.736,4.78,890877.311625
1701820800000,4.782,4.839,4.759,4.826,511050.449352
1701824400000,4.826,4.845,4.75,4.785,345895.795219
1701828000000,4.786,4.799,4.716,4.759,299445.594025
1701831600000,4.76,4.763,4.713,4.731,263877.016798
1701835200000,4.733,4.757,4.727,4.755,317655.09746
1701838800000,4.755,4.765,4.617,4.687,657497.389532
1701842400000,4.685,4.726,4.633,4.723,396629.988251
1701846000000,4.725,4.768,4.702,4.752,428064.952837
1701849600000,4.753,4.808,4.733,4.806,345501.985892
1701853200000,4.805,4.838,4.741,4.759,495372.869777
1701856800000,4.76,4.786,4.733,4.759,332128.206355
1701860400000,4.762,4.768,4.625,4.7,658868.334979
1701864000000,4.699,4.758,4.684,4.753,285228.575612
1701867600000,4.753,4.797,4.735,4.758,386153.122469
1701871200000,4.758,4.773,4.695,4.704,354383.294435
1701874800000,4.702,4.785,4.695,4.772,279463.106952
1701878400000,4.77,4.809,4.759,4.8,444048.235745
1701882000000,4.799,4.839,4.79,4.806,326056.402864
1701885600000,4.809,4.827,4.788,4.804,99585.794279
1701889200000,4.806,4.832,4.791,4.83,127543.845331
1701892800000,4.829,4.831,4.755,4.755,103118.776586
1701896400000,4.756,4.813,4.729,4.803,238117.506816
1701900000000,4.803,4.849,4.72,4.766,304193.549064
1701903600000,4.766,4.77,4.722,4.74,248836.161548
1701907200000,4.74,4.832,4.729,4.806,327906.54766
1701910800000,4.806,4.816,4.743,4.784,282786.420938
1701914400000,4.786,4.808,4.771,4.786,134411.783638
1701918000000,4.789,4.827,4.755,4.807,138844.04804
1701921600000,4.807,5,4.804,4.996,1420501.036051
1701925200000,4.997,5.08,4.995,5.057,1294392.969363
1701928800000,5.056,5.058,4.952,4.963,678284.620701
1701932400000,4.962,5.026,4.953,4.99,377218.731766
1701936000000,4.987,5.013,4.868,4.877,593217.5672
1701939600000,4.879,4.987,4.768,4.883,1377895.841859
1701943200000,4.883,4.954,4.845,4.912,415315.400497
1701946800000,4.913,4.937,4.86,4.892,365404.562232
1701950400000,4.891,4.946,4.866,4.944,323613.722084
1701954000000,4.943,4.953,4.891,4.914,381805.055136
1701957600000,4.91,4.959,4.895,4.947,245640.156333
1701961200000,4.947,4.999,4.94,4.965,438072.327436
1701964800000,4.969,5.052,4.944,5.042,476812.515041
1701968400000,5.041,5.051,4.997,5.032,349141.887839
1701972000000,5.032,5.038,4.976,5.001,181517.964744
1701975600000,5.003,5.037,4.98,5.016,224748.141317
1701979200000,5.016,5.028,4.927,4.953,201583.535478
1701982800000,4.955,5.018,4.952,5.012,154539.812489
1701986400000,5.013,5.035,4.963,4.994,190030.019913
1701990000000,4.997,5.048,4.984,5.03,178818.057666
1701993600000,5.029,5.063,5.006,5.021,236234.628897
1701997200000,5.019,5.023,4.98,4.995,268035.013029
1702000800000,4.995,5.008,4.954,4.987,246569.954762
1702004400000,4.988,5.029,4.966,5.001,231673.74176
1702008000000,5.004,5.035,4.992,5,193556.487896
1702011600000,5.001,5.03,4.995,5.022,199248.433313
1702015200000,5.021,5.045,5.011,5.02,289771.337997
1702018800000,5.021,5.024,4.935,4.952,347689.85393
1702022400000,4.952,4.999,4.938,4.97,287086.655194
1702026000000,4.97,5.021,4.968,4.995,248283.428566
1702029600000,4.995,5.047,4.993,5.046,260516.941993
1702033200000,5.047,5.125,5.03,5.111,474468.518953
1702036800000,5.111,5.145,5.092,5.107,553905.351292
1702040400000,5.112,5.137,5.061,5.071,537567.398166
1702044000000,5.073,5.199,5.068,5.166,1061066.64076
1702047600000,5.167,5.258,5.166,5.199,839526.328915
1702051200000,5.199,5.231,5.186,5.188,439333.025031
1702054800000,5.188,5.195,5.15,5.162,371585.162498
1702058400000,5.163,5.179,5.154,5.166,120462.531379
1702062000000,5.166,5.202,5.153,5.192,128883.149451
1702065600000,5.195,5.235,5.187,5.233,132137.420488
1702069200000,5.234,5.242,5.201,5.238,153393.309083
1702072800000,5.237,5.238,5.189,5.197,142386.199265
1702076400000,5.195,5.235,5.195,5.219,137690.069499
1702080000000,5.223,5.349,5.223,5.341,562568.072543
1702083600000,5.341,5.413,5.255,5.377,919694.526759
1702087200000,5.376,5.415,5.357,5.39,541069.017669
1702090800000,5.391,5.474,5.375,5.43,615050.513745
1702094400000,5.431,5.445,5.404,5.435,261747.734283
1702098000000,5.436,5.437,5.384,5.423,359463.202633
1702101600000,5.421,5.451,5.406,5.41,257879.781171
1702105200000,5.412,5.44,5.374,5.428,345949.161452
1702108800000,5.427,5.48,5.217,5.312,1673078.728836
1702112400000,5.314,5.388,5.264,5.295,678647.335784
1702116000000,5.3,5.346,5.275,5.339,245042.827281
1702119600000,5.341,5.357,5.303,5.345,338185.518256
1702123200000,5.345,5.426,5.335,5.417,403048.472516
1702126800000,5.415,5.437,5.365,5.418,367807.708357
1702130400000,5.418,5.442,5.289,5.342,634735.038087
1702134000000,5.342,5.368,5.279,5.355,330503.385073
1702137600000,5.358,5.397,5.265,5.303,375201.931627
1702141200000,5.301,5.312,5.22,5.234,517736.489994
1702144800000,5.234,5.264,5.229,5.25,181543.010913
1702148400000,5.251,5.28,5.224,5.238,142964.210463
1702152000000,5.241,5.251,5.168,5.225,282981.808852
1702155600000,5.225,5.251,5.179,5.245,91035.841542
1702159200000,5.245,5.263,5.181,5.191,88179.532927
1702162800000,5.191,5.204,5.056,5.128,721723.363589
1702166400000,5.128,5.206,5.128,5.198,225417.680212
1702170000000,5.2,5.205,5.163,5.189,214667.447911
1702173600000,5.19,5.2,5.161,5.166,215765.825935
1702177200000,5.165,5.201,5.156,5.199,136985.390403
1702180800000,5.199,5.232,5.18,5.225,167818.891474
1702184400000,5.227,5.23,5.207,5.223,90243.481027
1702188000000,5.226,5.23,5.036,5.149,1680122.817851
1702191600000,5.149,5.156,5.105,5.139,210101.442894
1702195200000,5.139,5.153,5.065,5.084,402976.013675
1702198800000,5.085,5.11,4.98,4.981,599158.25239
1702202400000,4.982,5.054,4.971,5.045,271909.733089
1702206000000,5.045,5.063,5.035,5.044,147175.030044
1702209600000,5.044,5.1,5.041,5.085,175715.279586
1702213200000,5.085,5.094,5.058,5.076,249346.09237
1702216800000,5.076,5.104,5.05,5.069,239409.429631
1702220400000,5.068,5.104,5.068,5.088,145333.818831
1702224000000,5.086,5.097,5.045,5.061,201292.54733
1702227600000,5.059,5.064,5.003,5.023,137549.284031
1702231200000,5.022,5.067,5.022,5.049,74185.491718
1702234800000,5.05,5.063,5.033,5.063,76391.069925
1702238400000,5.064,5.127,5.059,5.124,91095.841885
1702242000000,5.125,5.127,5.07,5.089,89084.131199
1702245600000,5.089,5.156,5.081,5.154,107088.674923
1702249200000,5.156,5.18,5.106,5.148,181711.280931
1702252800000,5.149,5.2,5.118,5.121,426209.856656
1702256400000,5.123,5.19,5.041,5.161,434645.932811
1702260000000,5.16,5.175,4.435,4.781,4079161.582766
1702263600000,4.781,4.863,4.77,4.817,602114.475634
1702267200000,4.817,4.855,4.785,4.81,293452.772659
1702270800000,4.809,4.831,4.759,4.809,424890.667174
1702274400000,4.809,4.811,4.703,4.769,408324.131215
1702278000000,4.771,4.797,4.6,4.686,983261.44634
1702281600000,4.688,4.728,4.655,4.72,465103.409106
1702285200000,4.72,4.746,4.705,4.712,308846.768494
1702288800000,4.711,4.732,4.7,4.722,319187.011242
1702292400000,4.721,4.739,4.688,4.721,742661.059733
1702296000000,4.721,4.734,4.672,4.689,628297.002389
1702299600000,4.687,4.723,4.636,4.681,420290.864121
1702303200000,4.681,4.702,4.619,4.633,514338.716673
1702306800000,4.633,4.697,4.623,4.689,282136.952506
1702310400000,4.687,4.702,4.625,4.66,1460269.391632
1702314000000,4.661,4.661,4.572,4.581,480498.594016
1702317600000,4.58,4.59,4.455,4.549,1101189.739827
1702321200000,4.55,4.567,4.501,4.565,178357.625619
1702324800000,4.558,4.582,4.535,4.581,99403.266331
1702328400000,4.582,4.608,4.578,4.608,78448.452958
1702332000000,4.607,4.624,4.596,4.615,109097.426927
1702335600000,4.616,4.624,4.6,4.613,163749.366368
1702339200000,4.612,4.682,4.607,4.66,322390.050339
1702342800000,4.66,4.704,4.648,4.685,258109.475998
1702346400000,4.681,4.738,4.68,4.719,618870.693729
1702350000000,4.718,4.729,4.666,4.69,333075.038313
1702353600000,4.69,4.695,4.655,4.658,267318.91958
1702357200000,4.66,4.686,4.654,4.674,1111128.959677
1702360800000,4.673,4.683,4.634,4.68,554093.618657
1702364400000,4.68,4.747,4.678,4.742,576801.792304
1702368000000,4.743,4.762,4.695,4.749,530281.468134
1702371600000,4.747,4.757,4.704,4.717,1521984.401417
1702375200000,4.717,4.743,4.71,4.739,163321.500052
1702378800000,4.742,4.755,4.703,4.726,263045.860628
1702382400000,4.725,4.755,4.666,4.698,445194.674695
1702386000000,4.701,4.725,4.655,4.696,392290.75406
1702389600000,4.695,4.717,4.65,4.682,407335.670844
1702393200000,4.681,4.693,4.569,4.627,422194.205354
1702396800000,4.626,4.639,4.582,4.598,193317.737229
1702400400000,4.596,4.596,4.501,4.519,414702.036764
1702404000000,4.519,4.63,4.516,4.615,217290.026882
1702407600000,4.615,4.627,4.58,4.626,126554.830041
1702411200000,4.627,4.637,4.582,4.613,80785.309548
1702414800000,4.612,4.632,4.552,4.556,104040.956511
1702418400000,4.553,4.611,4.548,4.6,87479.119179
1702422000000,4.6,4.656,4.597,4.647,203720.192698
1702425600000,4.65,4.671,4.63,4.645,191345.021755
1702429200000,4.645,4.647,4.526,4.528,343300.31929
1702432800000,4.528,4.575,4.455,4.552,773519.578951
1702436400000,4.554,4.568,4.502,4.512,196166.720965
1702440000000,4.511,4.545,4.467,4.545,326726.963909
1702443600000,4.544,4.56,4.52,4.554,138842.239409
1702447200000,4.558,4.56,4.452,4.455,281298.528669
1702450800000,4.455,4.527,4.41,4.495,425903.962653
1702454400000,4.496,4.542,4.492,4.539,114838.947482
1702458000000,4.538,4.544,4.51,4.536,86320.537154
1702461600000,4.537,4.539,4.48,4.505,154428.024909
1702465200000,4.509,4.529,4.462,4.47,158404.321137
1702468800000,4.47,4.525,4.465,4.523,176893.14184
1702472400000,4.522,4.569,4.509,4.548,264981.654941
1702476000000,4.549,4.575,4.523,4.558,223539.23713
1702479600000,4.556,4.636,4.556,4.614,327517.718545
1702483200000,4.616,4.631,4.552,4.572,216353.249861
1702486800000,4.571,4.603,4.567,4.603,85483.076354
1702490400000,4.599,4.619,4.587,4.611,100966.079883
1702494000000,4.611,4.707,4.611,4.698,212625.548993
1702497600000,4.699,4.718,4.674,4.715,136098.07933
1702501200000,4.714,4.746,4.693,4.738,180217.505653
1702504800000,4.738,4.768,4.727,4.73,189539.415304
1702508400000,4.737,4.754,4.699,4.721,256772.089319
1702512000000,4.722,4.734,4.685,4.717,204234.284632
1702515600000,4.717,4.729,4.694,4.713,190871.644719
1702519200000,4.714,4.716,4.682,4.712,319359.096868
1702522800000,4.712,4.722,4.666,4.69,234543.905454
1702526400000,4.689,4.699,4.671,4.678,123347.634576
1702530000000,4.678,4.75,4.676,4.742,351466.40588
1702533600000,4.743,4.802,4.742,4.794,432443.383995
1702537200000,4.793,4.795,4.749,4.782,214699.826589
1702540800000,4.782,4.797,4.745,4.752,203466.172293
1702544400000,4.751,4.788,4.743,4.781,120166.186199
1702548000000,4.781,4.817,4.769,4.813,354618.210886
1702551600000,4.811,4.848,4.779,4.842,376257.505436
1702555200000,4.842,4.848,4.793,4.81,263933.482826
1702558800000,4.811,4.811,4.56,4.756,1438989.962099
1702562400000,4.755,4.758,4.702,4.726,684033.303665
1702566000000,4.726,4.747,4.706,4.737,201264.204562
1702569600000,4.737,4.772,4.719,4.74,341224.055544
1702573200000,4.74,4.8,4.739,4.773,315628.154034
1702576800000,4.774,4.779,4.74,4.755,144707.609495
1702580400000,4.754,4.784,4.751,4.769,73897.712586
1702584000000,4.77,4.818,4.736,4.818,142648.902343
1702587600000,4.818,4.844,4.789,4.841,133423.272162
1702591200000,4.841,4.883,4.84,4.863,247832.02603
1702594800000,4.861,4.888,4.854,4.859,139906.031182
1702598400000,4.859,4.861,4.808,4.812,209548.272648
1702602000000,4.812,4.829,4.783,4.799,234697.689853
1702605600000,4.798,4.812,4.778,4.79,228982.517216
1702609200000,4.793,4.794,4.756,4.778,400346.607592
1702612800000,4.777,4.781,4.743,4.76,198845.43139
1702616400000,4.76,4.772,4.71,4.711,310461.437739
1702620000000,4.711,4.748,4.706,4.714,251666.734297
1702623600000,4.715,4.734,4.685,4.698,322347.267079
1702627200000,4.697,4.734,4.671,4.731,273720.51188
1702630800000,4.731,4.817,4.723,4.75,320257.161571
1702634400000,4.75,4.794,4.744,4.777,180803.468635
1702638000000,4.776,4.781,4.748,4.757,157365.492332
1702641600000,4.757,4.762,4.701,4.705,322729.777308
1702645200000,4.704,4.75,4.68,4.742,302406.066231
1702648800000,4.739,4.9,4.734,4.877,1047263.367697
1702652400000,4.878,4.909,4.755,4.851,1015726.802283
1702656000000,4.852,4.981,4.841,4.861,1273638.610972
1702659600000,4.861,4.897,4.812,4.812,265790.679591
1702663200000,4.811,4.907,4.811,4.899,181819.938339
1702666800000,4.898,4.923,4.88,4.896,185474.731765
1702670400000,4.891,4.943,4.878,4.94,220760.67432
1702674000000,4.941,4.974,4.911,4.97,190275.138916
1702677600000,4.969,4.974,4.88,4.884,347105.416127
1702681200000,4.89,4.895,4.761,4.805,471479.428277
1702684800000,4.805,4.849,4.701,4.816,457928.668876
1702688400000,4.817,4.851,4.799,4.804,211286.933346
1702692000000,4.808,4.924,4.789,4.916,343525.831706
1702695600000,4.917,4.917,4.869,4.907,254797.183797
1702699200000,4.907,5.091,4.884,5.081,1082465.313151
1702702800000,5.08,5.295,5.078,5.193,2492174.077653
1702706400000,5.195,5.252,5.12,5.176,1100010.32662
1702710000000,5.175,5.247,5.136,5.242,762351.076693
1702713600000,5.241,5.25,5.157,5.203,669716.600254
1702717200000,5.203,5.294,5.171,5.177,844249.426237
1702720800000,5.18,5.273,5.179,5.24,573414.823997
1702724400000,5.243,5.254,5.194,5.236,406879.183428
1702728000000,5.238,5.432,5.225,5.34,1811573.226229
1702731600000,5.339,5.357,5.232,5.296,765998.039771
1702735200000,5.294,5.353,5.28,5.331,393111.100999
1702738800000,5.331,5.374,5.254,5.344,758631.713461
1702742400000,5.341,5.668,5.328,5.575,2076155.693912
1702746000000,5.573,6,5.57,5.834,3434954.703748
1702749600000,5.834,6.16,5.782,6.16,2827054.621042
1702753200000,6.16,6.183,5.813,5.856,1545887.461871
1702756800000,5.856,5.946,5.773,5.923,1180561.20921
1702760400000,5.924,5.935,5.767,5.84,542422.755179
1702764000000,5.84,5.874,5.705,5.749,651502.251359
1702767600000,5.749,5.796,5.616,5.694,1092691.111928
1702771200000,5.693,5.74,5.603,5.637,962980.05116
1702774800000,5.635,5.716,5.425,5.582,1508443.753409
1702778400000,5.587,5.647,5.542,5.591,711109.440236
1702782000000,5.589,5.702,5.527,5.665,950744.455518
1702785600000,5.663,5.779,5.628,5.67,896539.992251
1702789200000,5.67,5.738,5.476,5.526,1137807.731354
1702792800000,5.522,5.608,5.486,5.593,616265.642356
1702796400000,5.59,5.665,5.57,5.642,397718.789717
1702800000000,5.638,5.74,5.577,5.629,1195293.792623
1702803600000,5.63,5.69,5.513,5.567,561250.651253
1702807200000,5.567,5.665,5.517,5.664,511755.301646
1702810800000,5.662,5.753,5.598,5.691,586061.413846
1702814400000,5.692,5.79,5.604,5.659,815399.238247
1702818000000,5.66,5.666,5.539,5.585,606108.525758
1702821600000,5.584,5.679,5.49,5.5,792220.647398
1702825200000,5.5,5.563,5.45,5.56,537546.086512
1702828800000,5.559,5.713,5.515,5.686,767246.145567
1702832400000,5.686,5.78,5.65,5.676,528906.97618
1702836000000,5.673,5.676,5.608,5.638,213299.555293
1702839600000,5.64,5.674,5.601,5.618,148531.016071
1702843200000,5.626,5.676,5.619,5.646,94223.068262
1702846800000,5.645,5.651,5.555,5.568,139793.874007
1702850400000,5.566,5.572,5.441,5.448,474599.776268
1702854000000,5.447,5.449,5.243,5.281,1524293.428031
1702857600000,5.283,5.312,5.22,5.251,768158.863174
1702861200000,5.253,5.276,5.105,5.128,1147007.56024
1702864800000,5.127,5.169,5.06,5.091,672075.412633
1702868400000,5.092,5.179,5.07,5.158,460617.744862
1702872000000,5.158,5.194,5.138,5.183,246253.3099
1702875600000,5.184,5.185,5.104,5.117,250908.516001
1702879200000,5.117,5.184,5.111,5.154,293970.979633
1702882800000,5.151,5.153,5.034,5.062,538857.159439
1702886400000,5.064,5.13,5.017,5.117,938549.483168
1702890000000,5.114,5.117,4.99,5.049,784267.41934
1702893600000,5.051,5.052,4.861,4.978,1524542.101022
1702897200000,4.978,5.035,4.973,5.023,394007.280988
1702900800000,5.024,5.05,4.986,4.991,239304.210574
1702904400000,4.99,5.09,4.984,5.08,542637.183162
1702908000000,5.078,5.148,5.068,5.112,550371.422947
1702911600000,5.112,5.125,5.066,5.08,332679.560943
1702915200000,5.083,5.165,5.043,5.134,424898.558078
1702918800000,5.135,5.255,5.103,5.197,589861.077944
1702922400000,5.196,5.405,5.18,5.326,760477.706443
1702926000000,5.324,5.34,5.279,5.315,224942.136332
1702929600000,5.313,5.328,5.248,5.312,234788.218104
1702933200000,5.312,5.392,5.311,5.337,185865.837439
1702936800000,5.339,5.395,5.302,5.39,410123.172899
1702940400000,5.39,5.398,5.27,5.302,596238.493457
1702944000000,5.303,5.376,5.264,5.325,455196.148959
1702947600000,5.327,5.448,5.299,5.43,755663.82357
1702951200000,5.429,5.436,5.362,5.371,335227.582566
1702954800000,5.37,5.4,5.352,5.394,227452.878017
1702958400000,5.394,5.437,5.332,5.385,328426.740007
1702962000000,5.387,5.392,5.333,5.36,190447.522441
1702965600000,5.36,5.37,5.307,5.32,268766.303682
1702969200000,5.323,5.39,5.314,5.366,206314.736469
1702972800000,5.368,5.404,5.302,5.317,331489.389129
1702976400000,5.316,5.337,5.262,5.297,347191.141302
1702980000000,5.297,5.303,5.262,5.269,303407.940499
1702983600000,5.27,5.278,5.226,5.247,347052.293907
1702987200000,5.249,5.287,5.187,5.216,289927.756562
1702990800000,5.215,5.257,5.212,5.216,312116.967453
1702994400000,5.216,5.23,5.128,5.142,659888.781745
1702998000000,5.144,5.192,5.103,5.157,258204.214426
1703001600000,5.158,5.207,5.146,5.152,248242.560595
1703005200000,5.157,5.164,5.047,5.056,497310.817785
1703008800000,5.058,5.123,5.038,5.116,227038.811632
1703012400000,5.115,5.144,5.097,5.111,106717.749155
1703016000000,5.109,5.133,5.072,5.08,72476.036916
1703019600000,5.08,5.129,5.079,5.128,101250.265417
1703023200000,5.128,5.131,5.066,5.076,106889.644604
1703026800000,5.082,5.112,5.05,5.11,123109.372053
1703030400000,5.11,5.17,5.103,5.161,155207.263432
1703034000000,5.161,5.18,5.092,5.118,210451.032666
1703037600000,5.117,5.151,5.068,5.141,150317.439153
1703041200000,5.141,5.147,5.117,5.141,175486.829295
1703044800000,5.141,5.219,5.123,5.208,235826.554539
1703048400000,5.207,5.212,5.172,5.203,206965.472002
1703052000000,5.203,5.233,5.177,5.185,163336.15233
1703055600000,5.187,5.237,5.167,5.233,167851.093973
1703059200000,5.233,5.236,5.19,5.222,217579.842775
1703062800000,5.222,5.259,5.207,5.238,139609.193174
1703066400000,5.239,5.255,5.202,5.217,155529.159355
1703070000000,5.217,5.231,5.156,5.204,178710.208368
1703073600000,5.202,5.25,5.176,5.248,157010.966557
1703077200000,5.247,5.322,5.241,5.317,411036.885965
1703080800000,5.315,5.366,5.285,5.315,764643.282718
1703084400000,5.312,5.37,5.301,5.326,480096.128215
1703088000000,5.325,5.333,5.255,5.287,420304.484518
1703091600000,5.29,5.375,5.29,5.361,254726.986785
1703095200000,5.361,5.39,5.334,5.352,152480.369023
1703098800000,5.359,5.371,5.28,5.281,246834.014939
1703102400000,5.284,5.299,5.169,5.226,554037.514636
1703106000000,5.229,5.289,5.226,5.255,91456.089674
1703109600000,5.253,5.316,5.245,5.308,48156.696532
1703113200000,5.303,5.35,5.297,5.327,300249.203323
1703116800000,5.326,5.362,5.303,5.354,162038.025067
1703120400000,5.354,5.365,5.275,5.332,348209.712421
1703124000000,5.33,5.37,5.289,5.325,525969.350935
1703127600000,5.323,5.352,5.304,5.314,154675.665842
1703131200000,5.315,5.36,5.3,5.338,173925.491499
1703134800000,5.338,5.339,5.27,5.283,234035.207015
1703138400000,5.288,5.384,5.263,5.375,293378.804307
1703142000000,5.372,5.457,5.356,5.426,526693.435559
1703145600000,5.427,5.451,5.394,5.404,309997.09563
1703149200000,5.403,5.418,5.354,5.416,225740.609456
1703152800000,5.415,5.452,5.413,5.432,283661.810161
1703156400000,5.43,5.444,5.369,5.377,285625.170061
1703160000000,5.378,5.415,5.36,5.372,334414.139357
1703163600000,5.374,5.453,5.363,5.446,203338.522478
1703167200000,5.445,5.445,5.3,5.313,646124.548328
1703170800000,5.317,5.372,5.294,5.322,327578.150576
1703174400000,5.322,5.378,5.305,5.376,486722.984549
1703178000000,5.375,5.44,5.35,5.437,379578.541671
1703181600000,5.44,5.52,5.44,5.465,406115.633267
1703185200000,5.467,5.511,5.43,5.489,196877.749486
1703188800000,5.489,5.538,5.469,5.535,183414.394776
1703192400000,5.535,5.543,5.486,5.528,168541.362957
1703196000000,5.53,5.531,5.466,5.505,132789.828159
1703199600000,5.506,5.526,5.485,5.498,122427.565624
1703203200000,5.497,5.555,5.485,5.518,502774.213524
1703206800000,5.516,5.704,5.516,5.64,1747789.85643
1703210400000,5.64,5.671,5.56,5.586,659537.235004
1703214000000,5.588,5.655,5.559,5.642,405367.913598
1703217600000,5.644,5.753,5.625,5.732,719402.224615
1703221200000,5.733,5.793,5.711,5.791,845952.416082
1703224800000,5.788,5.79,5.581,5.605,724005.542984
1703228400000,5.607,5.62,5.483,5.553,673378.84364
1703232000000,5.55,5.599,5.511,5.534,282498.357488
1703235600000,5.54,5.563,5.431,5.552,605110.205645
1703239200000,5.551,5.635,5.506,5.57,505120.041225
1703242800000,5.568,5.588,5.539,5.554,384238.933055
1703246400000,5.556,5.569,5.501,5.515,233867.920861
1703250000000,5.515,5.558,5.475,5.528,356287.811069
1703253600000,5.529,5.542,5.444,5.494,297118.930225
1703257200000,5.496,5.512,5.44,5.505,264607.338892
1703260800000,5.505,5.521,5.421,5.458,468797.718237
1703264400000,5.458,5.509,5.455,5.483,187572.352656
1703268000000,5.487,5.528,5.479,5.501,99084.057729
1703271600000,5.503,5.503,5.442,5.454,71402.837383
1703275200000,5.453,5.483,5.453,5.465,59184.163249
1703278800000,5.463,5.51,5.463,5.502,88671.467645
1703282400000,5.501,5.507,5.47,5.475,92185.327979
1703286000000,5.475,5.53,5.469,5.526,200325.152982
1703289600000,5.525,5.55,5.479,5.491,347285.401431
1703293200000,5.49,5.503,5.355,5.361,545384.477071
1703296800000,5.361,5.408,5.34,5.347,551503.300839
1703300400000,5.346,5.366,5.295,5.324,901944.376346
1703304000000,5.323,5.331,5.249,5.324,647729.516896
1703307600000,5.326,5.367,5.316,5.366,139641.699502
1703311200000,5.367,5.378,5.344,5.371,101923.418986
1703314800000,5.37,5.379,5.333,5.345,94691.615109
1703318400000,5.345,5.378,5.342,5.374,52478.876402
1703322000000,5.377,5.38,5.35,5.362,77713.244892
1703325600000,5.363,5.369,5.347,5.349,94058.635667
1703329200000,5.351,5.375,5.328,5.362,122370.627933
1703332800000,5.362,5.414,5.347,5.406,310544.859265
1703336400000,5.405,5.429,5.387,5.413,205004.737142
1703340000000,5.409,5.448,5.403,5.445,156132.246986
1703343600000,5.445,5.446,5.41,5.422,122263.244876
1703347200000,5.422,5.473,5.4,5.466,231026.897554
1703350800000,5.465,5.491,5.415,5.421,182162.229454
1703354400000,5.421,5.544,5.403,5.485,223908.032412
1703358000000,5.485,5.502,5.434,5.46,99128.687243
1703361600000,5.461,5.494,5.447,5.477,111510.290257
1703365200000,5.475,5.545,5.443,5.543,132377.637801
1703368800000,5.543,5.611,5.503,5.607,286100.081238
1703372400000,5.608,5.644,5.584,5.641,383474.459711
1703376000000,5.641,5.66,5.572,5.641,590653.759655
1703379600000,5.639,5.646,5.589,5.631,291633.096066
1703383200000,5.63,5.655,5.593,5.607,268044.2728
1703386800000,5.608,5.615,5.57,5.58,254927.359409
1703390400000,5.581,5.625,5.533,5.565,305220.610758
1703394000000,5.565,5.572,5.419,5.483,500556.259249
1703397600000,5.484,5.51,5.425,5.491,398481.775472
1703401200000,5.493,5.555,5.482,5.541,242959.704118
1703404800000,5.54,5.593,5.507,5.56,242569.909005
1703408400000,5.556,5.646,5.541,5.645,274394.542404
1703412000000,5.644,5.729,5.526,5.608,1091723.732463
1703415600000,5.606,5.683,5.59,5.642,396962.447416
1703419200000,5.642,5.661,5.572,5.647,374215.392397
1703422800000,5.646,5.709,5.639,5.678,327664.8759
1703426400000,5.677,5.765,5.65,5.662,600017.760938
1703430000000,5.663,5.75,5.662,5.721,276929.487159
1703433600000,5.723,5.734,5.657,5.718,391116.318805
1703437200000,5.719,5.722,5.655,5.696,164355.971113
1703440800000,5.699,5.749,5.69,5.739,132944.152074
1703444400000,5.739,5.753,5.689,5.715,136367.508917
1703448000000,5.719,5.746,5.614,5.653,232218.119752
1703451600000,5.655,5.684,5.61,5.617,146727.243747
1703455200000,5.619,5.63,5.45,5.571,874363.391096
1703458800000,5.573,5.66,5.551,5.635,268035.552847
1703462400000,5.634,5.754,5.633,5.719,804430.41604
1703466000000,5.719,5.894,5.704,5.779,1204057.880096
1703469600000,5.778,5.818,5.666,5.701,590515.084638
1703473200000,5.703,5.765,5.661,5.739,311874.462509
1703476800000,5.74,5.844,5.729,5.787,489637.376276
1703480400000,5.784,5.827,5.76,5.79,308863.303457
1703484000000,5.789,5.801,5.716,5.731,307199.570355
1703487600000,5.731,5.736,5.688,5.734,272276.669826
1703491200000,5.733,5.755,5.605,5.616,574017.784376
1703494800000,5.617,5.651,5.574,5.618,505024.198886
1703498400000,5.617,5.674,5.616,5.645,210850.507079
1703502000000,5.646,5.659,5.617,5.631,240654.669564
1703505600000,5.63,5.694,5.578,5.688,443874.629729
1703509200000,5.69,5.72,5.666,5.71,309083.88047
1703512800000,5.712,5.778,5.689,5.762,291137.598326
1703516400000,5.757,5.836,5.708,5.795,620955.908012
1703520000000,5.795,5.818,5.699,5.746,380540.118895
1703523600000,5.744,5.792,5.713,5.792,158811.152692
1703527200000,5.793,5.804,5.718,5.732,182305.382293
1703530800000,5.734,5.745,5.713,5.727,76816.074499
1703534400000,5.729,5.752,5.651,5.697,238224.083732
1703538000000,5.696,5.788,5.658,5.779,195699.547394
1703541600000,5.78,5.84,5.761,5.775,258096.64342
1703545200000,5.776,5.816,5.761,5.787,179912.675173
1703548800000,5.787,5.798,5.71,5.727,291334.469853
1703552400000,5.728,5.77,5.685,5.705,308421.460687
1703556000000,5.704,5.755,5.703,5.724,152343.245429
1703559600000,5.722,5.754,5.698,5.719,172943.191261
1703563200000,5.723,5.745,5.701,5.734,177946.548969
1703566800000,5.737,5.75,5.548,5.576,1095686.016605
1703570400000,5.574,5.604,5.531,5.541,708346.307866
1703574000000,5.541,5.596,5.51,5.586,509611.10628
1703577600000,5.586,5.607,5.53,5.57,364265.295174
1703581200000,5.569,5.587,5.5,5.522,468715.222617
1703584800000,5.522,5.597,5.505,5.588,320989.686417
1703588400000,5.587,5.624,5.565,5.606,231481.969521
1703592000000,5.605,5.665,5.601,5.665,332431.015041
1703595600000,5.664,5.728,5.623,5.711,371253.792581
1703599200000,5.709,5.733,5.663,5.678,505172.149818
1703602800000,5.677,5.791,5.641,5.715,721414.621454
1703606400000,5.716,5.816,5.657,5.744,1030174.828718
1703610000000,5.744,5.749,5.23,5.469,2178498.469032
1703613600000,5.471,5.518,5.416,5.513,573406.124827
1703617200000,5.515,5.521,5.474,5.493,174832.94988
1703620800000,5.494,5.618,5.483,5.573,336297.372209
1703624400000,5.574,5.737,5.553,5.729,518623.866601
1703628000000,5.73,5.738,5.666,5.684,274101.909917
1703631600000,5.684,5.791,5.661,5.757,651460.380097
1703635200000,5.759,5.779,5.653,5.659,518215.626306
1703638800000,5.66,5.719,5.644,5.687,329770.983063
1703642400000,5.687,5.689,5.513,5.528,602813.839904
1703646000000,5.528,5.577,5.501,5.537,339003.453364
1703649600000,5.537,5.619,5.534,5.601,363183.801205
1703653200000,5.601,5.636,5.572,5.627,230623.671341
1703656800000,5.625,5.701,5.625,5.663,385925.959293
1703660400000,5.663,5.701,5.633,5.664,267549.155956
1703664000000,5.667,5.725,5.645,5.696,472789.291264
1703667600000,5.698,5.7,5.659,5.688,278463.941549
1703671200000,5.686,5.752,5.668,5.746,509728.573276
1703674800000,5.746,5.752,5.681,5.708,352414.183685
1703678400000,5.708,5.733,5.685,5.714,380112.145437
1703682000000,5.714,5.8,5.691,5.737,728716.076295
1703685600000,5.739,5.831,5.703,5.77,1217679.814593
1703689200000,5.77,5.849,5.757,5.792,941757.14312
1703692800000,5.794,5.883,5.788,5.852,1058429.981824
1703696400000,5.851,5.977,5.844,5.918,1713418.166585
1703700000000,5.919,5.998,5.882,5.995,615098.344329
1703703600000,5.996,6.091,5.97,6.087,746392.906003
1703707200000,6.086,6.091,6.006,6.052,430412.688237
1703710800000,6.049,6.049,5.999,6.02,298255.534438
1703714400000,6.02,6.027,5.907,5.939,314351.476228
1703718000000,5.94,5.979,5.923,5.926,278706.150577
1703721600000,5.928,6.062,5.91,6.019,732751.935123
1703725200000,6.02,6.066,5.973,6.027,532751.449305
1703728800000,6.026,6.034,5.946,5.957,385255.160388
1703732400000,5.957,5.972,5.919,5.97,440627.051272
1703736000000,5.97,6.048,5.945,5.949,587246.832322
1703739600000,5.95,5.973,5.853,5.909,579428.171162
1703743200000,5.908,5.917,5.819,5.835,480590.705411
1703746800000,5.835,5.868,5.803,5.868,391909.095978
1703750400000,5.869,5.904,5.838,5.858,198092.112462
1703754000000,5.858,5.946,5.854,5.929,244825.760479
1703757600000,5.93,6.009,5.913,5.992,389733.175362
1703761200000,5.992,6.141,5.956,6.084,1375900.582034
1703764800000,6.084,6.161,5.993,6.052,1335026.302446
1703768400000,6.053,6.09,5.945,6.046,1355939.374279
1703772000000,6.046,6.061,5.809,5.914,1698783.466636
1703775600000,5.914,5.974,5.836,5.942,835680.680616
1703779200000,5.942,6.084,5.9,6.073,1192554.997033
1703782800000,6.074,6.147,6.038,6.062,804090.006474
1703786400000,6.062,6.136,6.012,6.114,726379.184734
1703790000000,6.114,6.187,6.102,6.111,615189.681909
1703793600000,6.111,6.127,5.969,6.032,480519.648503
1703797200000,6.029,6.097,6.004,6.023,413570.87006
1703800800000,6.024,6.175,6.003,6.149,319819.852885
1703804400000,6.15,6.293,6.104,6.248,1099786.614749
1703808000000,6.248,6.3,6.064,6.093,1276245.120434
1703811600000,6.089,6.117,5.881,5.936,1327849.431109
1703815200000,5.939,6.081,5.905,6.077,454939.566683
1703818800000,6.077,6.132,6.04,6.118,405356.310844
1703822400000,6.121,6.199,6.112,6.151,684524.91583
1703826000000,6.151,6.154,6.062,6.138,507170.132194
1703829600000,6.136,6.18,6.071,6.082,357611.949079
1703833200000,6.082,6.108,5.988,6.006,531655.114312
1703836800000,6.005,6.102,6.002,6.032,370666.783093
1703840400000,6.033,6.119,6.014,6.071,390544.557763
1703844000000,6.071,6.111,6.035,6.039,321430.802853
1703847600000,6.038,6.107,6.025,6.025,322768.358169
1703851200000,6.024,6.062,5.993,6.02,354838.749776
1703854800000,6.02,6.046,5.953,6.023,460015.527881
1703858400000,6.024,6.23,6.007,6.195,1250522.548344
1703862000000,6.198,6.2,5.881,5.93,1557316.091842
1703865600000,5.931,5.968,5.802,5.818,1344984.715365
1703869200000,5.817,5.865,5.717,5.78,1257335.31084
1703872800000,5.781,5.886,5.771,5.873,342359.362668
1703876400000,5.87,5.894,5.833,5.872,200290.289753
1703880000000,5.872,5.876,5.818,5.84,179596.714801
1703883600000,5.84,5.876,5.762,5.794,559005.065023
1703887200000,5.792,5.795,5.672,5.738,488808.571698
1703890800000,5.739,5.813,5.731,5.812,327374.17807
1703894400000,5.811,5.9,5.808,5.876,312556.000476
1703898000000,5.876,5.978,5.865,5.938,329173.960793
1703901600000,5.935,5.94,5.851,5.87,212562.732722
1703905200000,5.87,5.907,5.826,5.872,241857.700687
1703908800000,5.874,5.91,5.867,5.892,156886.896408
1703912400000,5.894,5.926,5.874,5.92,148596.086471
1703916000000,5.921,5.946,5.89,5.893,162275.380161
1703919600000,5.895,5.926,5.851,5.873,157111.0804
1703923200000,5.874,5.88,5.76,5.772,349786.455994
1703926800000,5.784,5.83,5.73,5.789,329283.046048
1703930400000,5.79,5.816,5.768,5.796,165610.616064
1703934000000,5.799,5.844,5.799,5.818,199926.277954
1703937600000,5.818,5.851,5.798,5.823,182126.991362
1703941200000,5.825,5.844,5.758,5.776,202893.056468
1703944800000,5.78,5.889,5.776,5.883,248389.653817
1703948400000,5.881,5.947,5.85,5.936,335505.3129
1703952000000,5.935,5.98,5.897,5.91,514547.470083
1703955600000,5.907,5.953,5.887,5.913,219181.020786
1703959200000,5.913,5.917,5.862,5.884,131561.424461
1703962800000,5.885,5.907,5.866,5.876,89932.954258
1703966400000,5.876,5.893,5.842,5.867,86110.130864
1703970000000,5.867,5.889,5.843,5.881,169547.609842
1703973600000,5.882,5.97,5.867,5.933,165130.944942
1703977200000,5.934,6.096,5.929,6.005,729176.80376
1703980800000,6.005,6.092,5.928,6.077,510280.138144
1703984400000,6.075,6.085,6.02,6.075,400353.440208
1703988000000,6.075,6.176,6.03,6.078,783808.964691
1703991600000,6.075,6.091,5.999,6.036,407804.230265
1703995200000,6.035,6.066,6.003,6.039,166539.547714
1703998800000,6.035,6.12,6.03,6.098,349731.673949
1704002400000,6.099,6.173,6.08,6.135,756273.544338
1704006000000,6.137,6.192,6.112,6.146,506441.333417
1704009600000,6.148,6.194,6.088,6.186,447241.063602
1704013200000,6.186,6.208,6.15,6.199,510681.044933
1704016800000,6.199,6.289,6.18,6.261,560848.813091
1704020400000,6.261,6.29,6.203,6.274,458811.560966
1704024000000,6.274,6.648,6.259,6.456,2231867.127634
1704027600000,6.455,6.745,6.453,6.674,1828491.070801
1704031200000,6.676,6.725,6.584,6.637,1055652.325463
1704034800000,6.636,6.75,6.53,6.666,1052378.643547
1704038400000,6.665,6.85,6.575,6.693,1307369.889857
1704042000000,6.691,6.938,6.675,6.919,1081547.407254
1704045600000,6.918,7,6.83,6.909,925382.544148
1704049200000,6.908,7.19,6.905,7.143,1424231.86544
1704052800000,7.145,7.19,7.018,7.127,1041933.119897
1704056400000,7.126,7.45,7.075,7.11,1521254.847289
1704060000000,7.11,7.165,6.6,6.792,1452137.707136
1704063600000,6.795,6.965,6.731,6.917,1066259.59291
1704067200000,6.918,6.949,6.733,6.851,755309.865623
1704070800000,6.851,6.92,6.758,6.914,557399.264331
1704074400000,6.914,7.16,6.864,7.081,1080593.383845
1704078000000,7.08,7.08,6.832,6.876,1026956.767895
1704081600000,6.875,6.982,6.733,6.807,787298.019526
1704085200000,6.808,6.891,6.779,6.818,408650.313692
1704088800000,6.819,7.089,6.815,6.991,805405.757888
1704092400000,6.99,7.044,6.867,6.98,472024.094967
1704096000000,6.979,7.16,6.96,7.134,981253.782184
1704099600000,7.137,7.289,7.061,7.131,1218341.54532
1704103200000,7.128,7.233,7.078,7.202,636660.589882
1704106800000,7.202,7.439,7.179,7.404,1300372.568048
1704110400000,7.404,7.41,7.212,7.236,931081.210783
1704114000000,7.236,7.547,7.2,7.493,1318619.873454
1704117600000,7.493,7.893,7.448,7.846,2060785.686101
1704121200000,7.843,8.114,7.681,7.841,3066938.600346
1704124800000,7.844,7.971,7.56,7.742,1750507.899139
1704128400000,7.743,7.816,7.621,7.733,708229.843951
1704132000000,7.732,7.76,7.52,7.563,709434.649902
1704135600000,7.562,7.7,7.47,7.689,696207.103227
1704139200000,7.688,7.706,7.505,7.53,427884.818425
1704142800000,7.528,7.736,7.503,7.679,337801.600815
1704146400000,7.682,7.723,7.608,7.658,248570.745878
1704150000000,7.663,7.692,7.549,7.573,489686.432908
1704153600000,7.573,7.685,7.39,7.671,1089360.850337
1704157200000,7.673,7.822,7.501,7.798,1052122.433623
1704160800000,7.796,7.796,7.63,7.689,518456.011272
1704164400000,7.689,7.705,7.54,7.55,488808.822919
1704168000000,7.554,7.588,7.488,7.5,563899.774325
1704171600000,7.499,7.559,7.46,7.533,425328.178268
1704175200000,7.535,7.649,7.463,7.616,559812.621644
1704178800000,7.612,7.688,7.587,7.624,488794.628067
1704182400000,7.623,7.795,7.622,7.746,785848.849842
1704186000000,7.746,7.769,7.633,7.682,422030.3032
1704189600000,7.681,7.718,7.52,7.661,945063.895101
1704193200000,7.663,7.878,7.62,7.79,1387189.244651
1704196800000,7.787,7.819,7.626,7.66,755254.324493
1704200400000,7.657,7.759,7.556,7.598,776885.5639
1704204000000,7.594,7.678,7.204,7.371,1523166.915376
1704207600000,7.37,7.464,7.331,7.385,757286.969542
1704211200000,7.388,7.447,7.26,7.396,682850.679881
1704214800000,7.394,7.394,7.255,7.295,382792.594551
1704218400000,7.296,7.363,7.264,7.266,218136.625918
1704222000000,7.266,7.322,7.179,7.238,443103.424258
1704225600000,7.237,7.288,7.105,7.135,340496.643681
1704229200000,7.133,7.196,7.106,7.189,250070.578185
1704232800000,7.189,7.249,7.17,7.203,200883.983819
1704236400000,7.204,7.21,7.123,7.175,219972.764371
1704240000000,7.177,7.266,7.146,7.236,327015.035156
1704243600000,7.238,7.319,7.22,7.254,331530.303818
1704247200000,7.25,7.301,7.185,7.21,294311.849169
1704250800000,7.21,7.296,7.21,7.262,246331.542341
1704254400000,7.262,7.547,7.251,7.523,856235.143551
1704258000000,7.522,7.738,7.503,7.59,1313958.870431
1704261600000,7.59,7.657,7.532,7.572,558720.523995
1704265200000,7.571,7.63,7.372,7.432,687028.100817
1704268800000,7.434,7.534,7.428,7.518,380107.396147
1704272400000,7.519,7.584,7.454,7.457,539629.088547
1704276000000,7.457,7.504,7.38,7.442,339267.522996
1704279600000,7.443,7.458,6.934,7.062,1860540.928379
1704283200000,7.063,7.066,5.5,6.718,9278728.398946
1704286800000,6.715,6.747,6.402,6.53,2328112.753856
1704290400000,6.532,6.538,6.202,6.345,1445548.425612
1704294000000,6.344,6.55,6.328,6.535,1287085.06382
1704297600000,6.537,6.592,6.352,6.426,1173945.24641
1704301200000,6.424,6.445,6.226,6.263,519544.982455
1704304800000,6.261,6.316,6.003,6.112,625143.887358
1704308400000,6.114,6.294,6.102,6.225,237534.614368
1704312000000,6.225,6.389,6.216,6.382,261632.639908
1704315600000,6.384,6.441,6.343,6.381,290481.918351
1704319200000,6.384,6.39,6.268,6.312,187736.43449
1704322800000,6.31,6.31,6.235,6.289,191920.461184
1704326400000,6.29,6.379,6.233,6.342,373885.414547
1704330000000,6.346,6.374,6.16,6.246,461349.340036
1704333600000,6.246,6.447,6.242,6.426,385214.91784
1704337200000,6.427,6.437,6.356,6.378,279108.800966
1704340800000,6.381,6.441,6.337,6.426,236526.334504
1704344400000,6.426,6.444,6.342,6.385,235677.089003
1704348000000,6.384,6.435,6.353,6.385,276507.166666
1704351600000,6.385,6.416,6.307,6.311,319033.51099
1704355200000,6.313,6.361,6.256,6.326,441336.541431
1704358800000,6.326,6.418,6.306,6.385,378173.373335
1704362400000,6.385,6.417,6.256,6.365,394952.567086
1704366000000,6.363,6.48,6.358,6.391,392036.34722
1704369600000,6.392,6.482,6.376,6.435,256460.198239
1704373200000,6.435,6.456,6.35,6.415,252301.618096
1704376800000,6.415,6.507,6.373,6.505,278291.258107
1704380400000,6.505,6.65,6.435,6.624,973700.549991
1704384000000,6.624,6.633,6.489,6.525,671530.818871
1704387600000,6.527,6.578,6.474,6.517,335941.079688
1704391200000,6.52,6.59,6.52,6.548,132873.769459
1704394800000,6.551,6.62,6.506,6.513,152453.10836
1704398400000,6.516,6.63,6.515,6.554,380735.030257
1704402000000,6.549,6.606,6.495,6.533,192750.926763
1704405600000,6.535,6.581,6.435,6.501,271987.518129
1704409200000,6.504,6.528,6.472,6.498,183109.152457
1704412800000,6.499,6.548,6.442,6.472,399305.479321
1704416400000,6.471,6.494,6.025,6.247,1580479.871643
1704420000000,6.247,6.326,6.199,6.278,779024.147802
1704423600000,6.277,6.333,6.272,6.296,218517.756457
1704427200000,6.298,6.324,6.262,6.28,298662.9128
1704430800000,6.282,6.331,6.243,6.273,203209.235933
1704434400000,6.271,6.29,6.206,6.263,358260.528646
1704438000000,6.266,6.289,6.203,6.207,314498.822596
1704441600000,6.209,6.259,6.152,6.178,409466.878897
1704445200000,6.178,6.283,6.178,6.241,632766.852736
1704448800000,6.239,6.252,6.025,6.093,820460.669016
1704452400000,6.093,6.146,5.98,6.03,915079.901579
1704456000000,6.031,6.104,5.941,6.042,1209254.927411
1704459600000,6.042,6.143,6.038,6.125,765662.173497
1704463200000,6.122,6.157,5.899,5.923,1020258.737762
1704466800000,5.93,5.998,5.819,5.927,1220967.482659
1704470400000,5.927,5.973,5.836,5.856,617265.797767
1704474000000,5.858,5.984,5.752,5.962,1178828.273137
1704477600000,5.967,5.98,5.93,5.956,210183.176206
1704481200000,5.958,5.991,5.923,5.933,187064.935283
1704484800000,5.933,6.053,5.932,6.009,274337.315179
1704488400000,6.01,6.015,5.931,6.008,345508.314902
1704492000000,6.008,6.041,5.986,6.038,145553.242568
1704495600000,6.039,6.154,6.039,6.154,464320.418059
1704499200000,6.153,6.154,6.071,6.133,311048.464239
1704502800000,6.131,6.147,6.062,6.131,332671.513387
1704506400000,6.133,6.291,6.117,6.206,572882.436042
1704510000000,6.204,6.209,6.133,6.184,337371.698283
1704513600000,6.185,6.239,6.115,6.144,257013.928439
1704517200000,6.144,6.153,5.9,5.964,986553.341029
1704520800000,5.969,5.985,5.722,5.778,840981.448972
1704524400000,5.786,5.873,5.741,5.863,541163.815887
1704528000000,5.862,5.899,5.808,5.894,450968.253439
1704531600000,5.894,5.987,5.867,5.915,420293.715346
1704535200000,5.915,5.97,5.878,5.931,245133.543981
1704538800000,5.93,6.059,5.904,6.052,361924.267518
1704542400000,6.051,6.059,5.935,5.967,392729.953562
1704546000000,5.964,6.048,5.924,6.028,229016.497109
1704549600000,6.026,6.151,6.024,6.059,483869.573568
1704553200000,6.062,6.067,5.951,5.99,412392.855983
1704556800000,5.991,6.036,5.964,5.98,301067.960664
1704560400000,5.98,6.018,5.929,5.989,258684.25809
1704564000000,5.993,5.996,5.888,5.904,170551.189531
1704567600000,5.905,5.921,5.812,5.86,376940.100006
1704571200000,5.861,5.893,5.826,5.851,149568.864165
1704574800000,5.851,5.867,5.804,5.845,135840.632328
1704578400000,5.846,5.868,5.782,5.857,137984.718888
1704582000000,5.853,5.929,5.746,5.893,307395.413353
1704585600000,5.891,5.985,5.882,5.956,467443.747638
1704589200000,5.958,5.999,5.919,5.951,317045.319832
1704592800000,5.951,5.993,5.891,5.925,246686.157538
1704596400000,5.925,5.96,5.894,5.918,138076.529857
1704600000000,5.917,5.984,5.912,5.982,155429.434796
1704603600000,5.983,6.008,5.932,5.962,348517.113072
1704607200000,5.962,6.052,5.942,6.02,318842.843557
1704610800000,6.017,6.024,5.975,6.009,232199.147932
1704614400000,6.01,6.078,5.93,5.943,315037.02421
1704618000000,5.941,5.967,5.86,5.883,371513.376212
1704621600000,5.884,5.969,5.879,5.956,190477.108991
1704625200000,5.958,6.035,5.92,5.97,233192.003882
1704628800000,5.969,5.972,5.909,5.942,147365.014065
1704632400000,5.945,6.084,5.942,6.031,487189.092963
1704636000000,6.03,6.146,5.981,6.13,557570.064947
1704639600000,6.13,6.131,5.918,5.945,451659.819079
1704643200000,5.943,5.96,5.72,5.756,859421.827259
1704646800000,5.756,5.855,5.733,5.842,378939.519244
1704650400000,5.845,5.938,5.844,5.919,226926.636463
1704654000000,5.92,5.938,5.868,5.906,163936.458409
1704657600000,5.91,5.935,5.818,5.821,143219.979957
1704661200000,5.821,5.853,5.75,5.764,189236.762108
1704664800000,5.766,5.767,5.502,5.571,1194429.479992
1704668400000,5.571,5.666,5.52,5.622,651171.201395
1704672000000,5.623,5.658,5.415,5.429,763054.339576
1704675600000,5.435,5.529,5.34,5.395,919685.432762
1704679200000,5.397,5.412,5.154,5.268,1467575.031592
1704682800000,5.268,5.29,5.059,5.24,1362701.761941
1704686400000,5.242,5.322,5.208,5.302,368401.795767
1704690000000,5.305,5.345,5.242,5.337,329240.806424
1704693600000,5.34,5.444,5.314,5.355,823952.624787
1704697200000,5.353,5.423,5.35,5.385,214187.929358
1704700800000,5.383,5.447,5.359,5.367,350049.601935
1704704400000,5.37,5.416,5.346,5.364,279901.00349
1704708000000,5.364,5.44,5.336,5.432,235209.699273
1704711600000,5.434,5.543,5.43,5.537,686026.942755
1704715200000,5.537,5.62,5.505,5.594,918824.293573
1704718800000,5.593,5.64,5.519,5.548,708628.076019
1704722400000,5.547,5.588,5.522,5.532,377523.586507
1704726000000,5.532,5.602,5.51,5.557,430353.250245
1704729600000,5.559,5.59,5.469,5.496,452826.776626
1704733200000,5.495,5.604,5.482,5.602,378835.998605
1704736800000,5.603,5.757,5.603,5.737,839385.147669
1704740400000,5.736,5.8,5.663,5.788,692487.847172
1704744000000,5.788,5.795,5.712,5.736,258051.661106
1704747600000,5.738,5.801,5.722,5.771,178604.831561
1704751200000,5.776,5.886,5.77,5.876,353582.653971
1704754800000,5.876,5.893,5.822,5.855,359914.465267
1704758400000,5.854,5.897,5.719,5.812,600445.608495
1704762000000,5.811,5.841,5.714,5.752,335267.520886
1704765600000,5.752,5.829,5.739,5.782,230659.008851
1704769200000,5.781,5.781,5.725,5.756,275642.495783
1704772800000,5.758,5.839,5.703,5.833,262303.149554
1704776400000,5.831,5.874,5.782,5.842,239164.693279
1704780000000,5.841,5.846,5.773,5.788,162037.525083
1704783600000,5.788,5.837,5.772,5.823,241631.723418
1704787200000,5.823,5.833,5.65,5.667,429365.063423
1704790800000,5.668,5.706,5.58,5.613,715661.062252
1704794400000,5.611,5.672,5.605,5.622,249840.625704
1704798000000,5.621,5.668,5.583,5.62,214251.973926
1704801600000,5.62,5.643,5.32,5.44,1395302.665771
1704805200000,5.442,5.552,5.43,5.522,518100.677817
1704808800000,5.521,5.554,5.36,5.363,529197.592656
1704812400000,5.362,5.429,5.323,5.398,529893.832397
1704816000000,5.398,5.425,5.301,5.377,322230.412215
1704819600000,5.378,5.391,5.316,5.34,264735.17097
1704823200000,5.342,5.404,5.318,5.382,137192.719547
1704826800000,5.383,5.397,5.259,5.331,242612.625794
1704830400000,5.335,5.343,5.217,5.234,269454.779345
1704834000000,5.235,5.473,5.231,5.286,1927999.791232
1704837600000,5.284,5.449,5.27,5.434,265613.412472
1704841200000,5.435,5.498,5.389,5.491,337955.162858
1704844800000,5.492,5.616,5.469,5.581,621835.823655
1704848400000,5.582,5.643,5.563,5.603,354993.018228
1704852000000,5.601,5.606,5.504,5.512,328128.962283
1704855600000,5.515,5.559,5.497,5.517,213560.440964
1704859200000,5.518,5.569,5.503,5.518,154750.407975
1704862800000,5.518,5.578,5.518,5.567,160563.07032
1704866400000,5.568,5.571,5.51,5.546,198769.284902
1704870000000,5.546,5.551,5.491,5.527,230034.944264
1704873600000,5.527,5.538,5.426,5.446,425682.769885
1704877200000,5.446,5.65,5.444,5.595,489877.151646
1704880800000,5.593,5.628,5.519,5.524,287187.179322
1704884400000,5.522,5.55,5.455,5.528,330637.20746
1704888000000,5.522,5.547,5.261,5.333,986201.720832
1704891600000,5.336,5.412,5.294,5.379,349695.133203
1704895200000,5.381,5.422,5.321,5.326,224973.723698
1704898800000,5.326,5.492,5.303,5.472,521570.845579
1704902400000,5.47,5.57,5.414,5.423,332759.21939
1704906000000,5.424,5.557,5.413,5.537,200623.379014
1704909600000,5.544,5.624,5.527,5.585,273957.01213
1704913200000,5.585,5.645,5.557,5.622,279997.1853
1704916800000,5.624,5.624,5.446,5.619,1057168.992143
1704920400000,5.619,5.94,5.604,5.927,1210805.412722
1704924000000,5.929,6.069,5.886,6.005,694032.77201
1704927600000,6.004,6.09,5.892,5.942,1034161.935955
1704931200000,5.942,5.996,5.876,5.995,775117.873207
1704934800000,5.995,6.058,5.922,6.015,502128.64319
1704938400000,6.015,6.18,5.999,6.147,992364.182536
1704942000000,6.146,6.217,6.083,6.152,671580.624047
1704945600000,6.15,6.24,6.133,6.197,452506.368533
1704949200000,6.197,6.209,6.074,6.09,534799.081482
1704952800000,6.089,6.096,5.97,6.017,719504.171094
1704956400000,6.017,6.072,6.007,6.05,201900.703365
1704960000000,6.05,6.172,6.037,6.16,328126.987015
1704963600000,6.159,6.235,6.135,6.161,509508.064048
1704967200000,6.16,6.324,6.151,6.309,671103.782318
1704970800000,6.309,6.321,6.251,6.264,401805.593774
1704974400000,6.264,6.419,6.257,6.378,652523.06872
1704978000000,6.377,6.392,6.159,6.225,940008.632184
1704981600000,6.223,6.354,6.129,6.285,898345.279298
1704985200000,6.283,6.291,6.063,6.14,854288.56802
1704988800000,6.141,6.203,6.026,6.188,836311.175395
1704992400000,6.189,6.347,6.189,6.325,552130.446105
1704996000000,6.319,6.415,6.31,6.371,320788.690303
1704999600000,6.371,6.499,6.339,6.483,358922.960667
1705003200000,6.482,6.5,6.319,6.363,380467.816725
1705006800000,6.364,6.412,6.296,6.309,279125.061758
1705010400000,6.312,6.355,6.275,6.347,136145.608043
1705014000000,6.347,6.491,6.329,6.46,515788.926541
1705017600000,6.46,6.486,6.294,6.315,616970.259917
1705021200000,6.316,6.34,6.205,6.239,399898.509466
1705024800000,6.24,6.294,6.226,6.259,185736.969452
1705028400000,6.259,6.275,6.183,6.185,316516.598265
1705032000000,6.184,6.272,6.173,6.205,205417.071682
1705035600000,6.206,6.313,6.186,6.306,205032.494984
1705039200000,6.303,6.32,6.269,6.276,198491.565902
1705042800000,6.274,6.3,6.188,6.238,235038.681025
1705046400000,6.237,6.352,6.218,6.266,340022.758878
1705050000000,6.267,6.294,6.165,6.259,325361.09004
1705053600000,6.26,6.278,6.192,6.231,157036.354425
1705057200000,6.235,6.292,6.206,6.274,238947.565387
1705060800000,6.272,6.35,6.166,6.215,551643.966247
1705064400000,6.216,6.279,6.192,6.25,279528.357573
1705068000000,6.249,6.299,6.183,6.255,401562.726059
1705071600000,6.253,6.278,6.037,6.067,923139.055562
1705075200000,6.067,6.144,5.951,6.029,1200364.84507
1705078800000,6.029,6.075,5.817,6.018,933250.917385
1705082400000,6.017,6.101,5.991,6.064,386477.894733
1705086000000,6.067,6.098,6.009,6.094,158637.447747
1705089600000,6.094,6.25,6.075,6.195,376255.25497
1705093200000,6.198,6.22,6,6.092,291728.203492
1705096800000,6.094,6.1,5.8,5.959,821869.236351
1705100400000,5.953,5.995,5.937,5.974,271611.55751
1705104000000,5.976,6.036,5.874,5.877,312612.041189
1705107600000,5.877,5.889,5.71,5.874,626378.689029
1705111200000,5.875,5.908,5.848,5.871,149553.711574
1705114800000,5.87,5.895,5.844,5.871,190095.721255
1705118400000,5.87,5.95,5.84,5.942,267846.520871
1705122000000,5.942,6.007,5.924,5.975,238250.495004
1705125600000,5.974,6.009,5.95,6.006,117997.440805
1705129200000,6.01,6.054,5.985,5.997,175781.178851
1705132800000,5.996,6.046,5.973,6.004,164629.445085
1705136400000,6.003,6.025,5.898,5.908,289634.167286
1705140000000,5.906,5.954,5.871,5.916,214210.476005
1705143600000,5.916,5.964,5.902,5.951,141539.215508
1705147200000,5.95,5.994,5.914,5.976,148904.303557
1705150800000,5.979,6.107,5.961,6.089,590872.185632
1705154400000,6.089,6.094,6.019,6.055,337220.620642
1705158000000,6.057,6.148,6.052,6.119,394538.346232
1705161600000,6.12,6.159,6.052,6.065,286271.865636
1705165200000,6.064,6.083,5.989,6.019,196087.172582
1705168800000,6.017,6.019,5.978,6.006,113388.83803
1705172400000,6.007,6.06,6.004,6.049,79099.344875
1705176000000,6.047,6.05,5.979,6.029,111912.047376
1705179600000,6.027,6.054,6.008,6.045,52775.0237
1705183200000,6.048,6.091,6.045,6.081,66040.564045
1705186800000,6.081,6.084,6.009,6.028,155773.719193
1705190400000,6.028,6.044,5.913,5.933,273229.700845
1705194000000,5.934,6.028,5.93,6.023,264524.951315
1705197600000,6.022,6.026,5.956,6.001,122455.465836
1705201200000,5.999,6.022,5.972,5.992,111255.89855
1705204800000,5.99,5.997,5.937,5.945,248923.788056
1705208400000,5.946,5.994,5.946,5.987,108951.614237
1705212000000,5.988,6.034,5.977,6.034,299101.754601
1705215600000,6.035,6.06,6.019,6.036,160852.310306
1705219200000,6.038,6.163,6.026,6.136,328419.008103
1705222800000,6.133,6.195,6.102,6.174,397467.694057
1705226400000,6.173,6.257,6.163,6.176,451513.154169
1705230000000,6.173,6.173,6.056,6.081,332038.277223
1705233600000,6.08,6.142,6.057,6.069,250347.796388
1705237200000,6.069,6.236,6.069,6.199,286827.390759
1705240800000,6.194,6.236,6.155,6.17,271754.525274
1705244400000,6.173,6.221,6.147,6.185,231418.886894
1705248000000,6.186,6.265,6.1,6.143,300095.742126
1705251600000,6.144,6.173,6.128,6.16,95270.757321
1705255200000,6.16,6.196,6.076,6.113,155296.047328
1705258800000,6.112,6.114,5.924,5.944,478269.778484
1705262400000,5.944,5.978,5.867,5.932,381945.53419
1705266000000,5.935,5.974,5.878,5.961,216492.839575
1705269600000,5.962,6.01,5.89,5.902,133381.517353
1705273200000,5.902,5.924,5.8,5.815,484034.051734
1705276800000,5.813,5.903,5.811,5.901,214484.540815
1705280400000,5.902,5.935,5.873,5.919,173716.066609
1705284000000,5.918,5.94,5.896,5.939,79341.788692
1705287600000,5.94,5.968,5.907,5.916,148112.261486
1705291200000,5.918,5.935,5.885,5.927,113313.977396
1705294800000,5.924,5.954,5.903,5.925,104207.351816
1705298400000,5.924,5.937,5.891,5.898,130419.222332
1705302000000,5.897,5.915,5.863,5.901,170993.066385
1705305600000,5.905,5.92,5.869,5.903,115483.224406
1705309200000,5.903,5.929,5.863,5.92,113202.834474
1705312800000,5.92,5.948,5.9,5.937,166855.475487
1705316400000,5.937,5.991,5.928,5.96,152823.078151
1705320000000,5.965,6.011,5.929,5.955,182990.897279
1705323600000,5.955,6.009,5.917,5.984,189882.324529
1705327200000,5.986,6.003,5.854,5.873,328319.043293
1705330800000,5.876,5.913,5.82,5.85,181128.989626
1705334400000,5.849,6.035,5.844,6.017,416524.053244
1705338000000,6.017,6.094,6,6.076,471325.526831
1705341600000,6.078,6.138,6.058,6.081,291222.710351
1705345200000,6.082,6.135,6.06,6.069,135943.545496
1705348800000,6.069,6.094,6.004,6.016,209862.916137
1705352400000,6.018,6.021,5.966,5.983,98100.505959
1705356000000,5.982,5.995,5.874,5.891,409980.786856
1705359600000,5.889,5.941,5.882,5.927,133808.239395
1705363200000,5.928,5.967,5.914,5.941,153554.817092
1705366800000,5.941,5.994,5.927,5.949,122804.165431
1705370400000,5.948,5.985,5.937,5.956,87262.661205
1705374000000,5.955,5.969,5.921,5.955,113618.93331
1705377600000,5.957,5.959,5.903,5.907,192242.639183
1705381200000,5.908,5.953,5.883,5.884,151714.887029
1705384800000,5.885,5.92,5.868,5.92,173457.828308
1705388400000,5.92,5.931,5.891,5.92,109173.781663
1705392000000,5.922,5.937,5.893,5.937,173907.020952
1705395600000,5.936,5.962,5.92,5.926,159235.603192
1705399200000,5.926,5.93,5.877,5.9,192135.568755
1705402800000,5.901,5.948,5.843,5.876,300715.531502
1705406400000,5.877,5.948,5.855,5.926,396461.731546
1705410000000,5.929,5.937,5.836,5.847,191846.679025
1705413600000,5.845,5.883,5.732,5.819,583205.328116
1705417200000,5.818,5.894,5.77,5.866,323125.589998
1705420800000,5.868,5.89,5.802,5.83,234471.037098
1705424400000,5.829,5.842,5.809,5.812,95738.847712
1705428000000,5.813,5.842,5.761,5.797,151405.109977
1705431600000,5.803,5.847,5.783,5.844,60591.246137
1705435200000,5.843,5.864,5.827,5.862,50219.885096
1705438800000,5.861,5.941,5.861,5.916,181774.799453
1705442400000,5.917,5.935,5.874,5.875,173252.383105
1705446000000,5.875,5.905,5.851,5.856,109264.185128
1705449600000,5.857,5.865,5.816,5.836,110121.763042
1705453200000,5.839,5.906,5.832,5.842,165521.977055
1705456800000,5.84,5.87,5.832,5.847,92519.451655
1705460400000,5.849,5.852,5.811,5.814,140996.507709
1705464000000,5.815,5.828,5.782,5.806,167759.869896
1705467600000,5.803,5.825,5.753,5.756,181028.992888
1705471200000,5.757,5.79,5.75,5.769,122571.714441
1705474800000,5.77,5.779,5.676,5.703,441954.369613
1705478400000,5.704,5.74,5.66,5.735,196803.556568
1705482000000,5.736,5.77,5.716,5.722,227967.688585
1705485600000,5.724,5.752,5.708,5.749,151477.733721
1705489200000,5.749,5.761,5.715,5.736,110559.290246
1705492800000,5.736,5.745,5.677,5.745,364070.767239
1705496400000,5.744,5.744,5.678,5.704,203500.696134
1705500000000,5.703,5.745,5.628,5.695,342321.934212
1705503600000,5.697,5.712,5.634,5.654,223149.309462
1705507200000,5.655,5.748,5.648,5.712,188545.522085
1705510800000,5.713,5.72,5.61,5.706,253529.211948
1705514400000,5.703,5.771,5.693,5.763,145308.192288
1705518000000,5.765,5.806,5.749,5.794,153202.488296
1705521600000,5.795,5.816,5.771,5.793,115676.270233
1705525200000,5.79,5.818,5.761,5.792,183201.304674
1705528800000,5.791,5.812,5.714,5.787,126674.252425
1705532400000,5.788,5.804,5.754,5.79,77718.136994
1705536000000,5.793,5.834,5.788,5.806,204971.201874
1705539600000,5.807,5.809,5.69,5.734,230292.010681
1705543200000,5.733,5.76,5.716,5.729,94913.945459
1705546800000,5.729,5.756,5.704,5.736,107513.862703
1705550400000,5.735,5.783,5.727,5.758,149952.47114
1705554000000,5.76,5.784,5.731,5.775,71390.868417
1705557600000,5.774,5.826,5.772,5.824,202613.186438
1705561200000,5.825,5.869,5.824,5.86,277209.056756
1705564800000,5.86,5.898,5.842,5.855,291057.898119
1705568400000,5.854,5.922,5.842,5.885,234438.557454
1705572000000,5.885,5.913,5.78,5.786,341677.516703
1705575600000,5.781,5.873,5.78,5.845,213391.98551
1705579200000,5.842,5.855,5.754,5.803,251249.735949
1705582800000,5.805,5.864,5.74,5.83,251313.80986
1705586400000,5.83,5.974,5.822,5.951,546515.624136
1705590000000,5.952,5.965,5.862,5.899,340300.375696
1705593600000,5.897,5.897,5.627,5.686,1011305.109079
1705597200000,5.687,5.707,5.561,5.623,541023.57108
1705600800000,5.623,5.7,5.551,5.646,511295.342904
1705604400000,5.646,5.678,5.481,5.544,470260.795989
1705608000000,5.542,5.615,5.502,5.566,273809.480089
1705611600000,5.573,5.607,5.525,5.579,155712.938641
1705615200000,5.578,5.616,5.527,5.61,109292.184975
1705618800000,5.609,5.616,5.56,5.616,137255.910812
1705622400000,5.616,5.635,5.522,5.53,260627.997194
1705626000000,5.529,5.532,5.39,5.499,557511.825962
1705629600000,5.501,5.536,5.405,5.425,300242.068454
1705633200000,5.425,5.463,5.341,5.455,541841.923147
1705636800000,5.458,5.479,5.443,5.467,204210.289127
1705640400000,5.47,5.499,5.454,5.489,150496.929612
1705644000000,5.489,5.525,5.475,5.513,180527.979402
1705647600000,5.511,5.524,5.485,5.496,126714.660009
1705651200000,5.497,5.499,5.462,5.476,174905.638161
1705654800000,5.48,5.512,5.45,5.467,126703.71612
1705658400000,5.467,5.513,5.461,5.512,116076.702618
1705662000000,5.512,5.529,5.494,5.512,84386.248955
1705665600000,5.515,5.516,5.477,5.499,138564.402731
1705669200000,5.5,5.529,5.49,5.523,172850.198788
1705672800000,5.521,5.525,5.42,5.431,441911.461393
1705676400000,5.43,5.443,5.352,5.388,430955.92074
1705680000000,5.387,5.404,5.13,5.188,1113348.284401
1705683600000,5.189,5.333,5.169,5.325,344351.148919
1705687200000,5.323,5.421,5.279,5.406,192126.149845
1705690800000,5.407,5.44,5.372,5.422,128133.770706
1705694400000,5.424,5.462,5.382,5.39,103306.368214
1705698000000,5.392,5.44,5.387,5.434,118312.885582
1705701600000,5.432,5.461,5.411,5.452,79234.349308
1705705200000,5.454,5.48,5.431,5.479,125261.564503
1705708800000,5.48,5.48,5.394,5.407,123652.203204
1705712400000,5.406,5.51,5.405,5.49,308601.52486
1705716000000,5.491,5.51,5.456,5.496,147903.103032
1705719600000,5.495,5.507,5.461,5.489,140339.595768
1705723200000,5.491,5.494,5.448,5.45,77823.535022
1705726800000,5.449,5.458,5.418,5.423,69251.330478
1705730400000,5.423,5.468,5.417,5.456,102740.848829
1705734000000,5.459,5.496,5.441,5.453,119602.179242
1705737600000,5.453,5.483,5.423,5.456,115641.588549
1705741200000,5.455,5.481,5.396,5.415,90971.991131
1705744800000,5.415,5.461,5.413,5.435,54815.120644
1705748400000,5.434,5.459,5.408,5.445,76088.660521
1705752000000,5.449,5.467,5.429,5.448,61612.054088
1705755600000,5.449,5.464,5.434,5.46,56415.28023
1705759200000,5.46,5.46,5.399,5.424,61658.008132
1705762800000,5.425,5.456,5.391,5.424,156776.108816
1705766400000,5.423,5.451,5.402,5.418,77724.639323
1705770000000,5.416,5.454,5.41,5.442,75456.015778
1705773600000,5.443,5.466,5.423,5.44,46562.378788
1705777200000,5.44,5.467,5.439,5.465,41736.611062
1705780800000,5.466,5.543,5.456,5.535,184573.40455
1705784400000,5.533,5.55,5.503,5.508,140599.140254
1705788000000,5.508,5.524,5.495,5.514,66990.174709
1705791600000,5.516,5.535,5.492,5.514,105241.829257
1705795200000,5.511,5.513,5.459,5.468,128977.430011
1705798800000,5.467,5.505,5.46,5.485,60211.084391
1705802400000,5.482,5.535,5.48,5.531,91464.311305
1705806000000,5.533,5.549,5.518,5.528,145028.461368
1705809600000,5.528,5.562,5.519,5.538,88505.599696
1705813200000,5.54,5.544,5.496,5.5,127042.086271
1705816800000,5.501,5.521,5.48,5.502,69147.610878
1705820400000,5.502,5.523,5.485,5.511,57291.335381
1705824000000,5.51,5.54,5.503,5.505,61453.605941
1705827600000,5.507,5.543,5.505,5.542,52834.591204
1705831200000,5.542,5.55,5.528,5.536,93155.508567
1705834800000,5.538,5.541,5.502,5.511,101723.187362
1705838400000,5.51,5.517,5.486,5.49,86555.408887
1705842000000,5.489,5.53,5.488,5.524,70146.274992
1705845600000,5.523,5.546,5.504,5.544,107223.508194
1705849200000,5.544,5.553,5.46,5.48,221746.599512
1705852800000,5.48,5.487,5.413,5.449,287259.575407
1705856400000,5.447,5.481,5.446,5.464,31288.03518
1705860000000,5.464,5.473,5.426,5.44,125848.387881
1705863600000,5.442,5.448,5.412,5.447,36082.537755
1705867200000,5.447,5.466,5.394,5.416,87549.564973
1705870800000,5.414,5.445,5.407,5.443,52259.625632
1705874400000,5.444,5.445,5.388,5.404,54148.062966
1705878000000,5.404,5.423,5.354,5.363,108856.54663
1705881600000,5.364,5.406,5.331,5.379,112225.556774
1705885200000,5.38,5.398,5.268,5.286,287839.044352
1705888800000,5.285,5.318,5.237,5.264,177632.779733
1705892400000,5.264,5.283,5.226,5.265,128066.763008
1705896000000,5.266,5.273,5.216,5.218,161908.001897
1705899600000,5.219,5.297,5.192,5.297,181782.121428
1705903200000,5.296,5.307,5.265,5.287,107945.833968
1705906800000,5.288,5.288,5.244,5.258,65636.027894
1705910400000,5.256,5.271,5.185,5.247,428067.030374
1705914000000,5.248,5.278,5.208,5.243,240588.316455
1705917600000,5.242,5.258,5.171,5.233,327397.765124
1705921200000,5.232,5.256,5.207,5.208,153590.985046
1705924800000,5.21,5.224,5.173,5.217,149965.839494
1705928400000,5.216,5.288,5.216,5.284,286537.203823
1705932000000,5.287,5.303,5.171,5.215,259356.19655
1705935600000,5.216,5.246,5.111,5.231,501549.839101
1705939200000,5.234,5.259,5.172,5.172,238768.708799
1705942800000,5.173,5.21,5.146,5.191,120546.761241
1705946400000,5.191,5.249,5.137,5.207,231615.26336
1705950000000,5.212,5.246,5.011,5.092,876927.236252
1705953600000,5.093,5.189,5.088,5.138,174309.288765
1705957200000,5.141,5.149,5.078,5.099,135298.223532
1705960800000,5.098,5.123,5.018,5.062,223643.81064
1705964400000,5.063,5.082,5.026,5.047,169220.094562
1705968000000,5.046,5.096,5.024,5.072,189720.201511
1705971600000,5.071,5.102,5.037,5.067,139287.269994
1705975200000,5.065,5.127,5.057,5.126,156054.457183
1705978800000,5.126,5.139,5.093,5.095,94024.533562
1705982400000,5.1,5.137,5.1,5.103,81058.763547
1705986000000,5.104,5.13,5.099,5.116,89996.509934
1705989600000,5.12,5.127,5.077,5.089,135685.229265
1705993200000,5.091,5.096,4.983,5.011,559219.164652
1705996800000,5.012,5.039,4.855,4.898,828134.492904
1706000400000,4.894,4.908,4.66,4.734,1920141.164094
1706004000000,4.733,4.82,4.73,4.748,398910.345295
1706007600000,4.747,4.784,4.724,4.753,221826.517674
1706011200000,4.751,4.792,4.711,4.761,225574.37105
1706014800000,4.762,4.763,4.683,4.695,266801.27298
1706018400000,4.694,4.864,4.62,4.78,2036535.205477
1706022000000,4.778,4.881,4.778,4.837,310611.758808
1706025600000,4.836,4.855,4.8,4.849,252330.942274
1706029200000,4.851,4.888,4.827,4.839,158657.955589
1706032800000,4.837,4.886,4.789,4.794,166123.234552
1706036400000,4.794,4.815,4.766,4.774,170492.675627
1706040000000,4.775,4.818,4.757,4.786,270800.572014
1706043600000,4.777,4.804,4.747,4.782,80013.849372
1706047200000,4.785,4.858,4.778,4.844,135045.76859
1706050800000,4.849,4.9,4.847,4.893,166971.144177
1706054400000,4.894,4.918,4.85,4.902,233435.698638
1706058000000,4.901,4.901,4.815,4.818,281122.275742
1706061600000,4.819,4.859,4.811,4.839,91154.312819
1706065200000,4.841,4.861,4.823,4.835,71755.8263
1706068800000,4.838,4.844,4.805,4.806,79506.794085
1706072400000,4.806,4.848,4.799,4.825,276523.320373
1706076000000,4.826,4.846,4.795,4.841,129184.968117
1706079600000,4.843,4.887,4.826,4.859,127735.830601
1706083200000,4.86,4.888,4.846,4.881,200566.074844
1706086800000,4.879,4.909,4.871,4.897,111775.704238
1706090400000,4.897,4.973,4.884,4.951,193399.468759
1706094000000,4.954,4.954,4.9,4.917,129225.383772
1706097600000,4.918,4.941,4.883,4.886,204168.969676
1706101200000,4.888,4.905,4.839,4.859,156508.407039
1706104800000,4.856,4.899,4.84,4.886,156321.544776
1706108400000,4.885,4.96,4.875,4.941,375150.139177
1706112000000,4.941,4.964,4.91,4.963,157929.885523
1706115600000,4.963,5.029,4.924,4.99,263903.388448
1706119200000,4.986,4.992,4.901,4.936,135458.85339
1706122800000,4.933,4.951,4.908,4.938,64614.936445
1706126400000,4.936,4.972,4.888,4.892,94725.92494
1706130000000,4.895,4.938,4.894,4.937,35045.65985
1706133600000,4.937,4.969,4.93,4.944,80016.999288
1706137200000,4.944,5.013,4.944,5.01,128567.800098
1706140800000,5.009,5.034,4.984,5.016,117610.476844
1706144400000,5.017,5.018,4.949,4.96,115732.866416
1706148000000,4.962,4.982,4.934,4.941,138803.28666
1706151600000,4.942,4.986,4.939,4.963,96527.305322
1706155200000,4.965,4.987,4.944,4.957,73821.624147
1706158800000,4.955,4.956,4.906,4.912,176073.701537
1706162400000,4.915,4.96,4.898,4.955,132415.986745
1706166000000,4.954,4.975,4.936,4.973,86195.738748
1706169600000,4.971,4.977,4.945,4.953,82954.191472
1706173200000,4.951,4.977,4.926,4.928,82999.464358
1706176800000,4.927,4.952,4.894,4.95,129288.015601
1706180400000,4.951,4.978,4.929,4.944,125096.234197
1706184000000,4.946,4.966,4.849,4.87,227588.841883
1706187600000,4.868,4.902,4.848,4.877,146503.346919
1706191200000,4.879,4.91,4.859,4.889,97682.934651
1706194800000,4.884,4.889,4.823,4.853,150480.404663
1706198400000,4.854,4.905,4.829,4.863,139327.252544
1706202000000,4.86,4.93,4.833,4.924,99450.256186
1706205600000,4.925,4.969,4.921,4.931,163515.748519
1706209200000,4.932,4.983,4.919,4.975,77621.005075
1706212800000,4.975,4.975,4.933,4.967,75135.247895
1706216400000,4.968,4.993,4.956,4.976,94226.208947
1706220000000,4.975,4.977,4.942,4.969,51743.107191
1706223600000,4.972,4.98,4.948,4.966,86539.129418
1706227200000,4.965,4.966,4.909,4.94,125821.488065
1706230800000,4.938,4.955,4.911,4.945,64555.309759
1706234400000,4.944,5.009,4.94,4.98,197557.054439
1706238000000,4.979,4.991,4.967,4.975,60196.326892
1706241600000,4.979,4.993,4.965,4.969,65539.60003
1706245200000,4.97,4.977,4.954,4.962,72324.725192
1706248800000,4.963,4.978,4.931,4.935,61420.39053
1706252400000,4.935,4.949,4.93,4.936,76691.35842
1706256000000,4.934,4.971,4.934,4.963,94923.767492
1706259600000,4.963,5.015,4.959,4.962,153433.364665
1706263200000,4.962,5.064,4.962,5.058,311106.996457
1706266800000,5.057,5.137,5.057,5.122,321398.561285
1706270400000,5.124,5.198,5.1,5.147,488954.390002
1706274000000,5.148,5.183,5.11,5.131,170180.097116
1706277600000,5.132,5.208,5.127,5.207,170022.581649
1706281200000,5.207,5.22,5.162,5.183,160578.25163
1706284800000,5.185,5.228,5.185,5.216,195767.017133
1706288400000,5.224,5.233,5.178,5.185,136811.734924
1706292000000,5.188,5.198,5.172,5.185,76233.431702
1706295600000,5.186,5.188,5.145,5.164,84362.035692
1706299200000,5.161,5.185,5.132,5.14,125334.046373
1706302800000,5.141,5.162,5.126,5.159,97005.022424
1706306400000,5.163,5.174,5.137,5.171,44258.699683
1706310000000,5.171,5.183,5.154,5.174,107258.629862
1706313600000,5.174,5.208,5.165,5.197,141200.469831
1706317200000,5.197,5.212,5.175,5.193,83565.628488
1706320800000,5.193,5.207,5.184,5.189,54519.447207
1706324400000,5.19,5.195,5.175,5.193,50619.941455
1706328000000,5.194,5.199,5.181,5.191,42720.397564
1706331600000,5.19,5.19,5.128,5.137,109602.737611
1706335200000,5.139,5.169,5.135,5.139,65808.187269
1706338800000,5.139,5.149,5.111,5.145,94069.835782
1706342400000,5.145,5.145,5.117,5.128,67918.032806
1706346000000,5.129,5.247,5.119,5.227,243899.158359
1706349600000,5.227,5.284,5.217,5.257,190568.27368
1706353200000,5.257,5.288,5.244,5.254,150740.852211
1706356800000,5.252,5.293,5.243,5.256,141602.674557
1706360400000,5.256,5.259,5.236,5.244,142589.954225
1706364000000,5.24,5.259,5.225,5.234,90394.042482
1706367600000,5.237,5.264,5.222,5.258,92636.657447
1706371200000,5.257,5.275,5.231,5.245,85764.577439
1706374800000,5.245,5.305,5.238,5.3,161944.466659
1706378400000,5.299,5.375,5.29,5.365,251061.2833
1706382000000,5.36,5.397,5.34,5.378,122473.521288
1706385600000,5.378,5.39,5.337,5.348,98504.662094
1706389200000,5.35,5.356,5.322,5.332,31960.563756
1706392800000,5.33,5.357,5.319,5.342,41839.009981
1706396400000,5.346,5.359,5.311,5.331,64570.94393
1706400000000,5.331,5.362,5.31,5.343,117377.655039
1706403600000,5.343,5.384,5.337,5.341,141979.232355
1706407200000,5.343,5.359,5.33,5.338,84912.982425
1706410800000,5.338,5.391,5.33,5.391,76040.195473
1706414400000,5.39,5.407,5.364,5.404,178086.410926
1706418000000,5.404,5.413,5.353,5.374,149187.479766
1706421600000,5.371,5.375,5.319,5.335,107969.634141
1706425200000,5.336,5.348,5.296,5.303,80138.021587
1706428800000,5.304,5.341,5.278,5.332,102733.474066
1706432400000,5.332,5.345,5.321,5.329,42511.59228
1706436000000,5.328,5.339,5.308,5.318,68702.602308
1706439600000,5.318,5.325,5.235,5.27,176557.355188
1706443200000,5.271,5.277,5.189,5.231,246418.69965
1706446800000,5.233,5.275,5.202,5.27,180979.09297
1706450400000,5.269,5.286,5.223,5.23,69909.818551
1706454000000,5.232,5.271,5.226,5.263,107556.799637
1706457600000,5.263,5.297,5.249,5.287,87726.457684
1706461200000,5.285,5.295,5.247,5.252,92044.972754
1706464800000,5.252,5.257,5.184,5.209,107547.251298
1706468400000,5.208,5.221,5.146,5.195,113773.650354
1706472000000,5.197,5.228,5.147,5.22,78504.938191
1706475600000,5.218,5.223,5.183,5.207,42452.946808
1706479200000,5.206,5.206,5.129,5.16,62778.395888
1706482800000,5.155,5.205,5.139,5.198,82379.389811
1706486400000,5.198,5.212,5.167,5.189,95557.949343
1706490000000,5.19,5.25,5.189,5.213,85562.775911
1706493600000,5.213,5.253,5.208,5.235,59329.346594
1706497200000,5.235,5.283,5.235,5.249,159423.775476
1706500800000,5.249,5.255,5.227,5.244,62249.326312
1706504400000,5.247,5.262,5.223,5.232,60632.835828
1706508000000,5.231,5.26,5.231,5.245,54102.623363
1706511600000,5.246,5.273,5.207,5.215,112133.121263
1706515200000,5.215,5.229,5.186,5.216,76454.028352
1706518800000,5.22,5.27,5.189,5.264,86587.079343
1706522400000,5.263,5.272,5.236,5.249,97725.081783
1706526000000,5.251,5.258,5.217,5.228,89546.921253
1706529600000,5.229,5.247,5.176,5.204,103448.110257
1706533200000,5.201,5.205,5.117,5.138,178282.792082
1706536800000,5.14,5.163,5.113,5.14,157545.949843
1706540400000,5.141,5.246,5.133,5.246,159209.927483
1706544000000,5.246,5.34,5.216,5.332,346892.263772
1706547600000,5.334,5.356,5.304,5.314,208250.501371
1706551200000,5.315,5.369,5.312,5.33,127433.244629
1706554800000,5.329,5.349,5.298,5.307,110599.449992
1706558400000,5.307,5.334,5.293,5.331,82327.735092
1706562000000,5.328,5.337,5.31,5.324,89970.552638
1706565600000,5.324,5.361,5.324,5.34,62837.35697
1706569200000,5.34,5.349,5.325,5.337,71328.734115
1706572800000,5.339,5.34,5.281,5.298,135303.987427
1706576400000,5.299,5.358,5.282,5.323,171984.494923
1706580000000,5.324,5.38,5.321,5.329,166922.000336
1706583600000,5.33,5.335,5.277,5.291,147144.343351
1706587200000,5.289,5.307,5.275,5.289,60131.723072
1706590800000,5.291,5.3,5.266,5.285,103437.471994
1706594400000,5.284,5.295,5.245,5.271,143481.27047
1706598000000,5.27,5.291,5.26,5.272,43845.137148
1706601600000,5.275,5.303,5.254,5.281,66402.521363
1706605200000,5.283,5.297,5.264,5.266,43704.632723
1706608800000,5.267,5.307,5.263,5.304,78650.510571
1706612400000,5.306,5.328,5.283,5.319,108044.69357
1706616000000,5.319,5.33,5.212,5.232,308699.668086
1706619600000,5.235,5.256,5.183,5.236,194990.72114
1706623200000,5.236,5.252,5.204,5.236,205199.595332
1706626800000,5.237,5.286,5.214,5.26,129004.9391
1706630400000,5.258,5.318,5.234,5.292,292401.727745
1706634000000,5.293,5.326,5.275,5.296,183682.401912
1706637600000,5.295,5.307,5.267,5.276,166939.279149
1706641200000,5.277,5.289,5.265,5.289,41651.91734
1706644800000,5.289,5.296,5.267,5.273,41055.553063
1706648400000,5.276,5.276,5.243,5.249,86140.130404
1706652000000,5.249,5.257,5.194,5.194,102212.781008
1706655600000,5.194,5.216,5.132,5.157,240287.004949
1706659200000,5.159,5.18,5.075,5.134,353806.749981
1706662800000,5.136,5.166,5.065,5.108,201481.324203
1706666400000,5.11,5.137,5.08,5.134,133167.764049
1706670000000,5.132,5.143,5.116,5.135,55088.125339
1706673600000,5.134,5.147,5.119,5.139,60423.075354
1706677200000,5.14,5.154,5.117,5.135,78283.763853
1706680800000,5.134,5.14,5.091,5.097,86755.214847
1706684400000,5.096,5.133,5.091,5.127,81653.415818
1706688000000,5.129,5.135,5.091,5.098,104506.596921
1706691600000,5.097,5.1,5.025,5.037,296622.013314
1706695200000,5.036,5.061,4.976,4.989,405402.503339
1706698800000,4.989,5.02,4.98,5.011,137281.638332
1706702400000,5.007,5.031,4.997,5.016,100769.822164
1706706000000,5.016,5.041,4.988,5.016,124086.547411
1706709600000,5.015,5.031,4.961,5.01,158003.890674
1706713200000,5.011,5.066,4.944,5.063,183589.94541
1706716800000,5.063,5.085,5.037,5.068,134794.225608
1706720400000,5.068,5.094,5.035,5.093,136371.001864
1706724000000,5.093,5.093,5.056,5.071,70229.648321
1706727600000,5.077,5.1,5.023,5.066,108999.841423
1706731200000,5.07,5.073,4.972,4.98,160215.559531
1706734800000,4.981,5.002,4.894,4.956,237631.846137
1706738400000,4.955,4.986,4.892,4.975,88257.014682
1706742000000,4.972,4.986,4.955,4.96,58528.093812
1706745600000,4.96,5.004,4.959,4.984,104755.106359
1706749200000,4.984,4.984,4.864,4.882,270740.817521
1706752800000,4.881,4.939,4.88,4.938,131880.035899
1706756400000,4.937,4.95,4.914,4.926,112246.539197
1706760000000,4.922,4.951,4.903,4.936,81459.432087
1706763600000,4.936,4.941,4.902,4.916,132341.786694
1706767200000,4.915,4.927,4.891,4.909,178758.559251
1706770800000,4.911,4.931,4.895,4.906,117389.720892
1706774400000,4.904,4.917,4.877,4.91,86377.073874
1706778000000,4.911,4.924,4.881,4.892,85384.371231
1706781600000,4.894,4.921,4.875,4.894,69918.51531
1706785200000,4.899,4.902,4.854,4.871,202987.710861
1706788800000,4.872,4.904,4.869,4.895,88968.246868
1706792400000,4.894,4.915,4.863,4.904,150624.591114
1706796000000,4.902,4.968,4.893,4.963,156608.148899
1706799600000,4.961,4.999,4.95,4.952,184025.758311
1706803200000,4.953,4.957,4.892,4.948,169995.885998
1706806800000,4.95,4.989,4.941,4.959,168561.392529
1706810400000,4.962,4.963,4.896,4.914,149562.795972
1706814000000,4.918,4.963,4.906,4.953,72443.464129
1706817600000,4.961,4.963,4.936,4.945,51924.189816
1706821200000,4.951,4.987,4.944,4.977,60553.619162
1706824800000,4.982,4.982,4.95,4.961,60063.545007
1706828400000,4.965,4.977,4.95,4.975,77747.335897
1706832000000,4.974,4.996,4.953,4.984,87877.81496
1706835600000,4.985,5.023,4.983,5.01,209474.188383
1706839200000,5.011,5.04,4.986,5.025,152160.444582
1706842800000,5.028,5.041,5.006,5.007,130646.631088
1706846400000,5.007,5.051,5.004,5.04,75692.898298
1706850000000,5.039,5.057,5.029,5.054,113841.122117
1706853600000,5.054,5.06,5.033,5.042,79106.644424
1706857200000,5.043,5.06,5.033,5.051,121791.466521
1706860800000,5.049,5.053,5,5.02,140488.908695
1706864400000,5.02,5.028,5,5.012,91434.955035
1706868000000,5.014,5.051,5.002,5.045,111456.581686
1706871600000,5.046,5.056,5.033,5.036,123020.81261
1706875200000,5.037,5.054,5.016,5.017,129768.157356
1706878800000,5.017,5.024,4.936,4.959,258793.97546
1706882400000,4.959,4.984,4.945,4.97,115413.224698
1706886000000,4.97,5.073,4.97,5.068,515166.801118
1706889600000,5.068,5.082,5.034,5.051,209763.486282
1706893200000,5.05,5.064,5.015,5.021,87996.229769
1706896800000,5.021,5.026,4.984,5.003,96074.641171
1706900400000,5.003,5.034,4.996,5.028,53641.799002
1706904000000,5.031,5.041,5.009,5.023,59880.934649
1706907600000,5.028,5.054,5.025,5.052,40454.070747
1706911200000,5.053,5.076,5.045,5.073,53204.515705
1706914800000,5.074,5.075,5.039,5.046,62737.847336
1706918400000,5.046,5.307,5.029,5.261,913928.617225
1706922000000,5.258,5.315,5.193,5.203,386019.147704
1706925600000,5.204,5.228,5.169,5.191,231888.496793
1706929200000,5.191,5.21,5.168,5.207,138153.72185
1706932800000,5.207,5.209,5.167,5.179,135035.340039
1706936400000,5.178,5.18,5.15,5.169,92101.113484
1706940000000,5.17,5.188,5.157,5.178,77726.252307
1706943600000,5.18,5.199,5.155,5.172,152201.563051
1706947200000,5.172,5.211,5.17,5.209,161705.529472
1706950800000,5.208,5.265,5.187,5.26,189786.744798
1706954400000,5.261,5.262,5.213,5.225,142558.132766
1706958000000,5.225,5.25,5.183,5.236,167404.099614
1706961600000,5.242,5.258,5.222,5.239,227590.533572
1706965200000,5.239,5.257,5.162,5.179,336500.713283
1706968800000,5.181,5.201,5.153,5.169,220064.844692
1706972400000,5.167,5.173,5.106,5.167,282878.786477
1706976000000,5.168,5.177,5.119,5.124,77691.047422
1706979600000,5.125,5.173,5.114,5.163,99695.335976
1706983200000,5.161,5.178,5.111,5.118,83848.958224
1706986800000,5.12,5.135,5.114,5.132,68148.581709
1706990400000,5.134,5.135,5.104,5.11,49199.240742
1706994000000,5.118,5.119,5.083,5.098,69613.902183
1706997600000,5.098,5.098,5.064,5.066,50541.169544
1707001200000,5.067,5.086,5.054,5.065,66041.159487
1707004800000,5.065,5.068,4.984,5.013,307542.776345
1707008400000,5.016,5.043,5.001,5.038,118565.159538
1707012000000,5.039,5.042,5.015,5.017,91358.442549
1707015600000,5.018,5.041,5.017,5.031,50079.232767
1707019200000,5.033,5.034,4.99,5.003,100016.152069
1707022800000,5.006,5.019,4.992,4.992,68001.802865
1707026400000,4.992,5.011,4.967,4.988,284994.308907
1707030000000,4.987,5.01,4.971,4.995,101776.811557
1707033600000,4.996,5.016,4.989,4.999,76513.014898
1707037200000,4.998,5.041,4.981,5.03,131648.7756
1707040800000,5.031,5.036,5.019,5.033,58758.479671
1707044400000,5.032,5.058,5.029,5.04,63454.679199
1707048000000,5.042,5.052,5.023,5.026,67985.871873
1707051600000,5.027,5.037,5.021,5.026,34862.977686
1707055200000,5.025,5.043,5.007,5.013,72148.737175
1707058800000,5.015,5.023,4.993,5.016,69777.536671
1707062400000,5.016,5.037,4.992,5.016,93819.153936
1707066000000,5.017,5.023,4.987,5.011,80586.13644
1707069600000,5.011,5.018,4.97,4.991,50408.913816
1707073200000,4.989,4.996,4.94,4.967,117003.828048
1707076800000,4.961,4.998,4.932,4.988,110091.942106
1707080400000,4.989,5.005,4.98,4.99,52382.777549
1707084000000,4.993,5,4.9,4.933,87130.574362
1707087600000,4.933,4.945,4.913,4.929,123339.724724
1707091200000,4.929,4.954,4.905,4.915,174923.727372
1707094800000,4.914,4.93,4.862,4.928,268212.711701
1707098400000,4.928,4.93,4.911,4.923,66383.174059
1707102000000,4.922,4.967,4.922,4.965,95882.108183
1707105600000,4.963,4.981,4.951,4.956,135149.069477
1707109200000,4.955,4.958,4.94,4.957,70176.244079
1707112800000,4.956,4.977,4.953,4.974,81327.542588
1707116400000,4.975,5.01,4.965,5.001,112699.650508
1707120000000,4.999,5.02,4.988,4.999,121787.48394
1707123600000,5,5.001,4.976,4.992,105678.164707
1707127200000,4.994,5.016,4.993,5.005,171123.963406
1707130800000,5.007,5.015,5.001,5.01,133385.600078
1707134400000,5.011,5.013,4.991,5.007,136143.627226
1707138000000,5.008,5.045,5.007,5.025,222316.412968
1707141600000,5.025,5.032,5,5.004,78397.267453
1707145200000,5.003,5.003,4.942,4.955,224070.894556
1707148800000,4.955,4.976,4.936,4.966,111610.24589
1707152400000,4.968,4.986,4.961,4.965,53606.289374
1707156000000,4.965,4.98,4.958,4.98,52443.037281
1707159600000,4.981,5,4.977,4.987,49316.198333
1707163200000,4.987,5.011,4.942,5.009,114375.916567
1707166800000,5.009,5.009,4.952,4.97,37913.593252
1707170400000,4.963,4.982,4.93,4.97,31025.158692
1707174000000,4.971,4.999,4.964,4.998,38672.309943
1707177600000,4.998,5.015,4.988,5.014,53384.150078
1707181200000,5.01,5.026,4.992,4.996,64975.258065
1707184800000,4.993,5.037,4.989,5.024,87512.676487
1707188400000,5.026,5.034,4.995,5.01,71555.628781
1707192000000,5.009,5.018,4.994,5.007,74829.033216
1707195600000,5.008,5.009,4.988,5.005,90864.894819
1707199200000,5.004,5.008,4.984,5.003,105435.38502
1707202800000,5.002,5.014,4.987,5.009,97732.54223
1707206400000,5.009,5.038,5.006,5.033,107448.502359
1707210000000,5.035,5.038,5.005,5.008,74868.837967
1707213600000,5.009,5.023,4.953,4.988,191011.952463
1707217200000,4.988,4.996,4.966,4.984,68475.161252
1707220800000,4.983,4.999,4.939,4.974,136596.90698
1707224400000,4.973,4.994,4.953,4.98,88988.137112
1707228000000,4.978,5.014,4.972,4.989,131636.32632
1707231600000,4.986,5.03,4.981,5.023,90050.091222
1707235200000,5.023,5.032,4.998,4.998,82726.30041
1707238800000,4.998,5.032,4.994,5.024,33232.93084
1707242400000,5.026,5.087,5.017,5.086,151324.578944
1707246000000,5.088,5.139,5.08,5.125,202912.223453
1707249600000,5.126,5.146,5.097,5.112,109017.892682
1707253200000,5.115,5.119,5.091,5.1,51915.602356
1707256800000,5.099,5.107,5.087,5.097,47955.630181
1707260400000,5.097,5.101,5.059,5.07,52881.61891
1707264000000,5.071,5.083,5.044,5.054,92943.172922
1707267600000,5.052,5.086,5.051,5.073,64911.302208
1707271200000,5.073,5.081,5.063,5.065,53299.805616
1707274800000,5.066,5.076,5.026,5.031,98971.635921
1707278400000,5.032,5.047,5.01,5.025,96048.569093
1707282000000,5.025,5.039,4.981,5.023,93705.142351
1707285600000,5.02,5.021,4.998,5.018,110184.260242
1707289200000,5.019,5.035,4.978,5.006,97638.84873
1707292800000,5.007,5.011,4.99,4.997,55288.758305
1707296400000,4.996,5.026,4.978,5.022,74989.465938
1707300000000,5.021,5.036,4.993,5.001,59600.646964
1707303600000,5.002,5.011,4.995,5.003,69129.65545
1707307200000,5.002,5.025,4.996,5.025,38933.987309
1707310800000,5.024,5.029,5.009,5.02,43152.980094
1707314400000,5.021,5.058,5.016,5.025,99152.104665
1707318000000,5.027,5.068,5.009,5.053,112927.451553
1707321600000,5.053,5.125,5.047,5.125,124867.562817
1707325200000,5.125,5.159,5.104,5.126,247950.445279
1707328800000,5.126,5.145,5.116,5.132,89224.316579
1707332400000,5.137,5.152,5.122,5.132,29537.337637
1707336000000,5.133,5.17,5.133,5.162,148247.623156
1707339600000,5.163,5.192,5.159,5.187,135917.405482
1707343200000,5.188,5.19,5.161,5.179,63690.40913
1707346800000,5.179,5.196,5.172,5.185,124682.883746
1707350400000,5.185,5.232,5.173,5.215,193566.11596
1707354000000,5.218,5.223,5.179,5.208,101386.452402
1707357600000,5.206,5.219,5.186,5.203,99246.142453
1707361200000,5.205,5.221,5.186,5.196,85235.590139
1707364800000,5.197,5.218,5.197,5.202,92789.753307
1707368400000,5.2,5.201,5.166,5.176,110970.280687
1707372000000,5.178,5.183,5.151,5.158,109122.267097
1707375600000,5.158,5.174,5.143,5.169,104839.658561
1707379200000,5.169,5.187,5.167,5.181,57774.198843
1707382800000,5.183,5.186,5.166,5.174,41570.485838
1707386400000,5.173,5.186,5.162,5.172,105338.938996
1707390000000,5.171,5.175,5.147,5.159,70076.461654
1707393600000,5.159,5.177,5.143,5.156,64492.252367
1707397200000,5.156,5.227,5.156,5.227,134506.890892
1707400800000,5.227,5.249,5.206,5.234,190455.649585
1707404400000,5.235,5.267,5.224,5.265,133537.886047
1707408000000,5.265,5.273,5.163,5.189,247720.497234
1707411600000,5.192,5.229,5.184,5.212,110298.538522
1707415200000,5.213,5.223,5.203,5.209,47535.216769
1707418800000,5.209,5.219,5.194,5.198,60471.340246
1707422400000,5.199,5.229,5.198,5.206,47217.392082
1707426000000,5.204,5.224,5.191,5.218,56204.446005
1707429600000,5.218,5.222,5.207,5.214,39521.61116
1707433200000,5.215,5.229,5.213,5.224,54540.155836
1707436800000,5.224,5.239,5.218,5.225,59656.436572
1707440400000,5.227,5.254,5.216,5.252,99311.541415
1707444000000,5.25,5.3,5.243,5.292,237222.411817
1707447600000,5.292,5.336,5.28,5.329,389738.021695
1707451200000,5.33,5.355,5.32,5.347,217778.863079
1707454800000,5.348,5.353,5.333,5.345,112147.80285
1707458400000,5.346,5.354,5.33,5.342,91870.854062
1707462000000,5.343,5.353,5.332,5.341,105351.385645
1707465600000,5.342,5.359,5.335,5.354,109619.458358
1707469200000,5.355,5.356,5.303,5.329,150480.839965
1707472800000,5.329,5.342,5.318,5.324,86067.632877
1707476400000,5.325,5.34,5.3,5.339,163904.614607
1707480000000,5.341,5.363,5.308,5.326,347280.429949
1707483600000,5.326,5.349,5.317,5.341,204540.252156
1707487200000,5.341,5.341,5.26,5.319,391022.613116
1707490800000,5.318,5.39,5.27,5.387,380048.037115
1707494400000,5.389,5.393,5.357,5.376,158893.90688
1707498000000,5.375,5.39,5.362,5.374,74439.251095
1707501600000,5.374,5.397,5.352,5.359,178460.096067
1707505200000,5.359,5.361,5.31,5.345,67974.129479
1707508800000,5.346,5.371,5.346,5.362,41479.833416
1707512400000,5.367,5.439,5.363,5.436,114475.334176
1707516000000,5.432,5.55,5.405,5.493,330547.461046
1707519600000,5.494,5.502,5.455,5.47,176778.532049
1707523200000,5.47,5.5,5.411,5.417,187947.130597
1707526800000,5.419,5.456,5.402,5.441,123594.476923
1707530400000,5.441,5.473,5.44,5.468,66459.291475
1707534000000,5.468,5.478,5.45,5.454,51958.610194
1707537600000,5.455,5.469,5.44,5.44,63424.086297
1707541200000,5.441,5.458,5.427,5.454,40089.048836
1707544800000,5.455,5.467,5.43,5.44,70009.653143
1707548400000,5.443,5.444,5.414,5.418,50558.327184
1707552000000,5.417,5.43,5.363,5.37,115731.27386
1707555600000,5.371,5.419,5.371,5.386,105460.741534
1707559200000,5.386,5.396,5.279,5.299,382794.88313
1707562800000,5.302,5.344,5.29,5.339,61960.651635
1707566400000,5.34,5.356,5.313,5.313,75534.069987
1707570000000,5.314,5.329,5.297,5.321,111841.202782
1707573600000,5.322,5.353,5.318,5.35,71188.901131
1707577200000,5.35,5.365,5.344,5.351,72127.418793
1707580800000,5.352,5.352,5.322,5.332,54938.509918
1707584400000,5.333,5.34,5.307,5.309,49718.399985
1707588000000,5.31,5.322,5.298,5.304,109415.181061
1707591600000,5.305,5.335,5.3,5.335,52703.755997
1707595200000,5.335,5.371,5.325,5.347,51705.944152
1707598800000,5.349,5.399,5.348,5.379,154919.877808
1707602400000,5.377,5.385,5.346,5.369,53992.102009
1707606000000,5.37,5.386,5.343,5.352,55937.76346
1707609600000,5.355,5.391,5.347,5.385,97325.826196
1707613200000,5.387,5.423,5.379,5.384,94523.146284
1707616800000,5.384,5.398,5.367,5.373,30381.105674
1707620400000,5.37,5.417,5.37,5.413,86242.71328
1707624000000,5.414,5.445,5.4,5.411,106039.007741
1707627600000,5.413,5.417,5.382,5.395,101127.948021
1707631200000,5.395,5.418,5.393,5.417,73305.477934
1707634800000,5.418,5.422,5.399,5.417,59568.83211
1707638400000,5.415,5.434,5.406,5.409,89898.091878
1707642000000,5.409,5.415,5.371,5.399,153506.732305
1707645600000,5.398,5.415,5.384,5.412,44988.19489
1707649200000,5.412,5.42,5.389,5.408,71351.473942
1707652800000,5.405,5.417,5.386,5.388,96220.723917
1707656400000,5.389,5.397,5.348,5.365,112719.079654
1707660000000,5.365,5.371,5.321,5.368,103453.510577
1707663600000,5.367,5.368,5.334,5.355,63544.504197
1707667200000,5.354,5.363,5.321,5.349,67118.464971
1707670800000,5.349,5.384,5.347,5.373,41799.486766
1707674400000,5.372,5.377,5.322,5.367,52891.648719
1707678000000,5.365,5.372,5.341,5.343,38003.619808
1707681600000,5.344,5.36,5.263,5.279,127595.548005
1707685200000,5.282,5.317,5.278,5.297,39738.293908
1707688800000,5.301,5.309,5.289,5.295,35400.587247
1707692400000,5.295,5.311,5.276,5.307,65688.082099
1707696000000,5.309,5.366,5.303,5.351,108127.014045
1707699600000,5.349,5.378,5.325,5.341,67959.079193
1707703200000,5.342,5.346,5.225,5.266,257070.620647
1707706800000,5.264,5.301,5.247,5.285,69080.635927
1707710400000,5.286,5.297,5.271,5.283,42081.258034
1707714000000,5.284,5.297,5.264,5.273,50436.940443
1707717600000,5.274,5.288,5.24,5.279,86795.204224
1707721200000,5.28,5.306,5.273,5.29,84635.192024
1707724800000,5.291,5.306,5.269,5.271,44526.208183
1707728400000,5.271,5.278,5.211,5.237,133981.074126
1707732000000,5.24,5.259,5.224,5.237,92285.608137
1707735600000,5.237,5.246,5.209,5.244,130794.693952
1707739200000,5.245,5.253,5.224,5.245,61098.274886
1707742800000,5.242,5.242,5.222,5.232,36968.039133
1707746400000,5.232,5.295,5.229,5.291,86330.192049
1707750000000,5.294,5.39,5.278,5.378,325163.335123
1707753600000,5.379,5.385,5.329,5.385,271861.827322
1707757200000,5.385,5.46,5.383,5.444,296906.046875
1707760800000,5.444,5.496,5.444,5.448,174189.465525
1707764400000,5.45,5.475,5.396,5.402,108171.843042
1707768000000,5.404,5.455,5.404,5.444,67454.971065
1707771600000,5.444,5.465,5.42,5.423,65349.203457
1707775200000,5.424,5.461,5.423,5.46,37063.948854
1707778800000,5.46,5.465,5.433,5.451,82331.350853
1707782400000,5.452,5.49,5.452,5.474,115170.562389
1707786000000,5.477,5.485,5.445,5.457,180226.178674
1707789600000,5.458,5.458,5.409,5.416,181104.674375
1707793200000,5.416,5.422,5.363,5.386,182532.770636
1707796800000,5.387,5.435,5.387,5.429,68732.669066
1707800400000,5.429,5.465,5.425,5.463,81774.616921
1707804000000,5.463,5.48,5.449,5.473,116879.040923
1707807600000,5.475,5.481,5.451,5.476,130534.332998
1707811200000,5.476,5.53,5.475,5.507,400635.547254
1707814800000,5.509,5.539,5.495,5.534,184490.451799
1707818400000,5.533,5.533,5.465,5.471,239066.105135
1707822000000,5.473,5.5,5.46,5.493,139297.886699
1707825600000,5.491,5.492,5.467,5.487,58946.844335
1707829200000,5.488,5.499,5.365,5.46,391198.498975
1707832800000,5.46,5.48,5.34,5.394,600907.338378
1707836400000,5.394,5.445,5.356,5.441,270254.730603
1707840000000,5.441,5.483,5.427,5.441,229069.476045
1707843600000,5.441,5.494,5.418,5.476,124088.945358
1707847200000,5.476,5.499,5.459,5.472,70661.724458
1707850800000,5.471,5.471,5.434,5.437,70855.183045
1707854400000,5.439,5.492,5.432,5.489,52759.729303
1707858000000,5.488,5.509,5.475,5.493,97969.654325
1707861600000,5.495,5.506,5.47,5.485,65555.221646
1707865200000,5.482,5.5,5.47,5.488,43961.207765
1707868800000,5.489,5.503,5.467,5.47,115465.987512
1707872400000,5.471,5.496,5.444,5.468,92407.95673
1707876000000,5.468,5.476,5.448,5.462,56587.275775
1707879600000,5.46,5.504,5.455,5.486,109459.71821
1707883200000,5.484,5.495,5.457,5.46,66040.211132
1707886800000,5.459,5.487,5.459,5.482,50058.265636
1707890400000,5.48,5.487,5.461,5.487,52014.892031
1707894000000,5.488,5.531,5.466,5.528,192137.036716
1707897600000,5.529,5.58,5.496,5.576,209978.362992
1707901200000,5.577,5.615,5.565,5.61,472630.381849
1707904800000,5.612,5.662,5.601,5.635,490766.878225
1707908400000,5.636,5.64,5.594,5.64,166185.649862
1707912000000,5.64,5.646,5.587,5.599,161842.95417
1707915600000,5.601,5.64,5.593,5.633,196817.789536
1707919200000,5.631,5.635,5.587,5.595,198946.433242
1707922800000,5.595,5.599,5.534,5.571,223608.59768
1707926400000,5.571,5.573,5.519,5.522,201493.55891
1707930000000,5.522,5.552,5.513,5.534,95297.552245
1707933600000,5.53,5.539,5.508,5.531,72829.369708
1707937200000,5.531,5.574,5.521,5.574,93130.432483
1707940800000,5.573,5.58,5.555,5.573,70706.432252
1707944400000,5.577,5.608,5.561,5.597,74203.348165
1707948000000,5.6,5.608,5.571,5.608,73449.98677
1707951600000,5.608,5.617,5.582,5.592,65602.046997
1707955200000,5.593,5.709,5.593,5.701,317685.542553
1707958800000,5.7,5.707,5.613,5.645,216105.926298
1707962400000,5.643,5.721,5.64,5.668,262512.7775
1707966000000,5.667,5.772,5.667,5.759,191695.399636
1707969600000,5.758,5.777,5.728,5.75,218100.990524
1707973200000,5.749,5.758,5.644,5.682,167400.042155
1707976800000,5.681,5.717,5.664,5.706,154008.647314
1707980400000,5.706,5.73,5.658,5.701,94318.482617
1707984000000,5.7,5.731,5.681,5.712,98351.907945
1707987600000,5.711,5.746,5.705,5.739,116964.979782
1707991200000,5.736,5.756,5.717,5.718,129843.296713
1707994800000,5.719,5.732,5.69,5.71,107809.509293
1707998400000,5.71,5.775,5.681,5.772,207668.513921
1708002000000,5.773,5.833,5.733,5.819,301525.078533
1708005600000,5.819,5.878,5.789,5.855,477748.388405
1708009200000,5.856,5.9,5.747,5.8,544849.799013
1708012800000,5.803,5.93,5.739,5.9,535582.193754
1708016400000,5.903,5.937,5.83,5.84,469789.978086
1708020000000,5.84,5.873,5.825,5.85,89867.718779
1708023600000,5.847,5.852,5.811,5.84,108619.346394
1708027200000,5.839,5.849,5.788,5.801,88393.852975
1708030800000,5.8,5.841,5.758,5.772,116452.652174
1708034400000,5.775,5.842,5.762,5.791,302513.004576
1708038000000,5.789,5.877,5.783,5.869,150305.079137
1708041600000,5.869,5.9,5.843,5.858,199304.488979
1708045200000,5.85,5.92,5.83,5.902,307552.18468
1708048800000,5.901,5.916,5.873,5.903,120964.564396
1708052400000,5.902,5.911,5.885,5.888,216858.497473
1708056000000,5.888,5.924,5.87,5.878,151872.2187
1708059600000,5.876,5.901,5.852,5.894,247209.200078
1708063200000,5.892,5.993,5.884,5.905,373337.377721
1708066800000,5.904,5.915,5.863,5.867,317686.318435
1708070400000,5.868,5.912,5.85,5.891,145746.130364
1708074000000,5.891,5.91,5.819,5.901,188841.523559
1708077600000,5.905,5.975,5.886,5.963,177141.990186
1708081200000,5.962,5.964,5.927,5.931,188244.249169
1708084800000,5.93,5.945,5.913,5.94,205139.880855
1708088400000,5.942,5.942,5.866,5.89,189101.909577
1708092000000,5.89,5.899,5.71,5.747,556395.7689
1708095600000,5.747,5.753,5.64,5.738,535720.509645
1708099200000,5.737,5.796,5.72,5.729,305550.981897
1708102800000,5.725,5.734,5.676,5.691,164785.161098
1708106400000,5.693,5.705,5.654,5.701,55567.755786
1708110000000,5.698,5.712,5.646,5.667,93158.696193
1708113600000,5.662,5.698,5.658,5.698,52301.030783
1708117200000,5.696,5.742,5.675,5.732,155708.889938
1708120800000,5.733,5.733,5.712,5.721,67753.925483
1708124400000,5.72,5.824,5.719,5.79,172625.933567
1708128000000,5.789,5.825,5.772,5.775,117023.223192
1708131600000,5.775,5.784,5.719,5.745,203076.855453
1708135200000,5.746,5.75,5.701,5.731,89252.021917
1708138800000,5.729,5.755,5.725,5.755,49888.417574
1708142400000,5.756,5.761,5.737,5.741,39991.455311
1708146000000,5.74,5.749,5.71,5.749,98575.816921
1708149600000,5.749,5.771,5.734,5.762,82714.107536
1708153200000,5.76,6.306,5.759,6.272,2635342.99421
1708156800000,6.28,6.389,6.199,6.204,1855109.10485
1708160400000,6.205,6.302,6.141,6.219,903703.005602
1708164000000,6.217,6.228,6.07,6.152,844410.06492
1708167600000,6.152,6.196,6.103,6.189,423801.09353
1708171200000,6.194,6.224,6.163,6.178,401740.321817
1708174800000,6.178,6.181,6.009,6.091,813912.996089
1708178400000,6.086,6.1,5.88,5.941,982548.880301
1708182000000,5.942,6.013,5.898,6.007,451361.015338
1708185600000,6.007,6.075,5.963,6.055,328992.344858
1708189200000,6.055,6.091,6.018,6.09,146592.759377
1708192800000,6.088,6.127,6.05,6.12,203493.072563
1708196400000,6.116,6.197,6.106,6.174,397959.953628
1708200000000,6.171,6.262,6.148,6.215,519029.707316
1708203600000,6.215,6.278,6.205,6.228,312919.612915
1708207200000,6.232,6.255,6.179,6.186,184042.865738
1708210800000,6.185,6.221,6.154,6.212,217600.902622
1708214400000,6.21,6.222,6.147,6.209,321635.648573
1708218000000,6.209,6.28,6.158,6.172,318353.13426
1708221600000,6.174,6.222,6.131,6.218,295858.045126
1708225200000,6.216,6.282,6.208,6.238,398923.119955
1708228800000,6.239,6.308,6.214,6.225,431279.959292
1708232400000,6.225,6.435,6.212,6.362,851727.028892
1708236000000,6.361,6.366,6.133,6.176,744251.56476
1708239600000,6.174,6.22,6.112,6.21,515469.942864
1708243200000,6.209,6.246,6.168,6.198,282708.762917
1708246800000,6.199,6.234,6.157,6.217,288590.621976
1708250400000,6.215,6.215,6.05,6.146,1860935.099447
1708254000000,6.146,6.164,6.128,6.15,167563.471477
1708257600000,6.149,6.177,6.06,6.084,349498.208252
1708261200000,6.082,6.12,6.077,6.087,244129.696148
1708264800000,6.086,6.157,6.083,6.137,194674.18011
1708268400000,6.137,6.137,6.099,6.12,143482.53904
1708272000000,6.117,6.166,6.083,6.152,172282.984255
1708275600000,6.146,6.204,6.141,6.181,208531.927574
1708279200000,6.181,6.256,6.156,6.209,282068.883246
1708282800000,6.208,6.347,6.166,6.301,610431.903032
1708286400000,6.298,6.365,6.249,6.357,328380.303124
1708290000000,6.356,6.371,6.28,6.316,173561.880126
1708293600000,6.315,6.371,6.294,6.314,172985.694017
1708297200000,6.315,6.35,6.225,6.277,238225.7314
1708300800000,6.278,6.331,6.243,6.309,264798.110866
1708304400000,6.308,6.31,6.219,6.255,267823.896749
1708308000000,6.254,6.368,6.248,6.36,448485.872124
1708311600000,6.36,6.445,6.344,6.422,641590.520218
1708315200000,6.42,6.5,6.392,6.497,815038.303621
1708318800000,6.496,6.5,6.4,6.471,587222.951518
1708322400000,6.469,6.508,6.426,6.446,681667.70899
1708326000000,6.445,6.564,6.445,6.523,811471.544042
1708329600000,6.523,6.576,6.392,6.425,645994.283414
1708333200000,6.426,6.595,6.426,6.574,535105.590649
1708336800000,6.574,6.659,6.519,6.636,879561.064093
1708340400000,6.637,6.786,6.61,6.619,1037030.437827
1708344000000,6.618,6.644,6.527,6.579,769456.445472
1708347600000,6.585,6.692,6.555,6.657,701763.156528
1708351200000,6.656,6.693,6.568,6.691,527718.056519
1708354800000,6.692,6.875,6.686,6.799,1212106.830607
1708358400000,6.8,7.1,6.753,6.941,2063763.979458
1708362000000,6.939,7.052,6.803,6.967,964254.327877
1708365600000,6.973,7.357,6.95,7.201,1482591.987301
1708369200000,7.201,7.327,7.199,7.284,1132891.359572
1708372800000,7.28,7.499,7.223,7.375,1235434.510184
1708376400000,7.376,7.5,7.331,7.485,1085645.532385
1708380000000,7.485,7.8,7.442,7.543,1507606.50724
1708383600000,7.546,7.615,7.376,7.4,855432.023305
1708387200000,7.4,7.697,7.397,7.667,1258132.502082
1708390800000,7.672,7.805,7.333,7.475,2465874.562761
1708394400000,7.475,7.6,7.402,7.599,871071.649836
1708398000000,7.599,7.637,7.211,7.229,1323474.902524
1708401600000,7.229,7.342,7.206,7.33,719982.777903
1708405200000,7.33,7.468,7.288,7.443,689562.468463
1708408800000,7.442,7.584,7.436,7.54,717947.092173
1708412400000,7.54,7.709,7.487,7.621,980558.621003
1708416000000,7.622,7.758,7.469,7.684,1503918.704633
1708419600000,7.68,7.835,7.401,7.508,2015991.967676
1708423200000,7.508,7.725,7.475,7.711,1209384.277151
1708426800000,7.711,7.89,7.663,7.859,1887420.339256
1708430400000,7.859,7.996,7.787,7.825,1977781.484352
1708434000000,7.822,7.98,7.6,7.678,1628534.571424
1708437600000,7.675,7.73,7.5,7.63,1591736.043224
1708441200000,7.629,7.67,7,7.368,2416606.864975
1708444800000,7.368,7.786,7.306,7.503,1917457.443812
1708448400000,7.501,7.62,7.174,7.335,1363655.93789
1708452000000,7.333,7.403,7.3,7.34,487075.663998
1708455600000,7.338,7.539,7.214,7.534,444422.611806
1708459200000,7.533,7.68,7.45,7.576,570310.237683
1708462800000,7.575,7.664,7.529,7.559,387578.751551
1708466400000,7.559,7.745,7.474,7.66,387460.822206
1708470000000,7.661,7.764,7.573,7.712,662328.2382
1708473600000,7.712,7.747,7.524,7.534,724977.069055
1708477200000,7.534,7.57,7.447,7.456,492857.907908
1708480800000,7.458,7.491,7.358,7.369,479469.090957
1708484400000,7.366,7.512,7.33,7.505,509775.387375
1708488000000,7.507,7.522,7.361,7.367,369245.596866
1708491600000,7.368,7.423,7.311,7.311,345287.110173
1708495200000,7.31,7.336,7.203,7.224,545357.002098
1708498800000,7.225,7.228,7.123,7.145,742932.507609
1708502400000,7.146,7.446,7.134,7.385,1039257.808477
1708506000000,7.387,7.39,7.133,7.155,737334.087699
1708509600000,7.157,7.282,7.053,7.265,792705.49203
1708513200000,7.271,7.346,7.25,7.315,572101.064014
1708516800000,7.316,7.523,7.186,7.427,1028002.456275
1708520400000,7.427,7.479,7.11,7.151,895758.30042
1708524000000,7.151,7.151,6.853,6.932,1604533.230508
1708527600000,6.933,7.061,6.906,6.955,534916.309226
1708531200000,6.955,7.035,6.906,7.024,453346.789057
1708534800000,7.02,7.102,6.872,6.909,583755.130883
1708538400000,6.91,7.035,6.808,7.03,384485.537592
1708542000000,7.03,7.118,6.982,7.082,279987.357198
1708545600000,7.081,7.081,7.002,7.023,234481.622616
1708549200000,7.024,7.195,6.996,7.176,438410.993619
1708552800000,7.176,7.225,7.155,7.202,256436.211286
1708556400000,7.192,7.258,7.169,7.24,314536.224365
1708560000000,7.24,7.393,7.193,7.27,773301.282133
1708563600000,7.277,7.348,7.078,7.112,713502.387
1708567200000,7.112,7.294,7.108,7.208,541192.825605
1708570800000,7.208,7.392,7.167,7.368,616095.633785
1708574400000,7.368,7.432,7.307,7.409,459792.514098
1708578000000,7.412,7.412,7.3,7.361,368184.399622
1708581600000,7.362,7.492,7.328,7.446,966638.415972
1708585200000,7.447,7.559,7.38,7.518,1258205.375999
1708588800000,7.519,7.6,7.428,7.499,1027718.226998
1708592400000,7.493,7.626,7.448,7.573,764701.120953
1708596000000,7.573,7.575,7.452,7.489,528669.534714
1708599600000,7.493,7.56,7.405,7.517,665531.275053
1708603200000,7.517,7.542,7.4,7.514,539996.247866
1708606800000,7.514,7.552,7.314,7.454,810544.054422
1708610400000,7.452,7.73,7.427,7.708,1518551.768714
1708614000000,7.708,7.814,7.611,7.741,1041503.759145
1708617600000,7.742,8.345,7.721,8.148,3269552.196311
1708621200000,8.149,8.278,8.096,8.241,1407475.216923
1708624800000,8.239,8.44,8.19,8.362,1128886.755999
1708628400000,8.361,8.38,8.18,8.356,962226.667945
1708632000000,8.353,8.48,8.306,8.421,852061.759872
1708635600000,8.424,8.448,8.106,8.275,852933.243001
1708639200000,8.275,8.312,8.05,8.2,554358.803783
1708642800000,8.199,8.228,8.025,8.063,575893.924614
1708646400000,8.063,8.25,8.056,8.229,805907.814774
1708650000000,8.23,8.317,8.12,8.144,550639.50909
1708653600000,8.142,8.262,8.02,8.052,624876.511205
1708657200000,8.052,8.266,8.001,8.246,731345.417207
1708660800000,8.247,8.455,8.088,8.374,920205.922222
1708664400000,8.372,8.454,8.315,8.359,756397.817406
1708668000000,8.355,8.438,8.296,8.345,537434.641625
1708671600000,8.345,8.399,8.143,8.167,625409.836766
1708675200000,8.172,8.259,8.057,8.057,817504.638266
1708678800000,8.059,8.222,8.045,8.211,552789.420386
1708682400000,8.212,8.226,8.065,8.156,433746.575259
1708686000000,8.156,8.209,8.094,8.127,366670.773987
1708689600000,8.133,8.176,7.851,7.971,1249559.257444
1708693200000,7.975,8.376,7.94,8.298,1023913.21773
1708696800000,8.307,8.567,8.159,8.284,2217795.29119
1708700400000,8.28,8.282,7.818,7.913,2110226.825456
1708704000000,7.916,8.153,7.807,8.07,1622689.250364
1708707600000,8.07,8.227,8.018,8.125,420199.353346
1708711200000,8.128,8.211,8.041,8.186,331037.901205
1708714800000,8.189,8.266,8.107,8.17,274412.137307
1708718400000,8.17,8.212,8.106,8.191,151436.540419
1708722000000,8.188,8.219,8.114,8.12,197263.639491
1708725600000,8.123,8.199,7.974,8.002,221372.622375
1708729200000,8.004,8.037,7.89,8.01,383208.832055
1708732800000,8.008,8.099,7.92,7.92,309601.279397
1708736400000,7.921,7.965,7.7,7.716,822234.121536
1708740000000,7.716,7.867,7.701,7.859,381326.507009
1708743600000,7.858,7.932,7.795,7.898,342193.964312
1708747200000,7.9,8.236,7.897,8.199,905886.209234
1708750800000,8.199,8.241,8.125,8.148,480416.739732
1708754400000,8.148,8.166,8.064,8.096,302168.817537
1708758000000,8.095,8.14,8.068,8.113,223613.423952
1708761600000,8.113,8.113,7.975,7.994,334708.193876
1708765200000,7.992,8.033,7.95,7.967,275631.696076
1708768800000,7.967,8.059,7.903,7.926,315660.85431
1708772400000,7.926,7.986,7.905,7.949,268727.28511
1708776000000,7.951,7.967,7.816,7.871,424313.790711
1708779600000,7.873,7.96,7.856,7.904,294376.400401
1708783200000,7.905,7.931,7.784,7.832,433094.43092
1708786800000,7.832,7.858,7.763,7.776,325015.08717
1708790400000,7.775,7.83,7.748,7.812,374062.847127
1708794000000,7.81,7.92,7.769,7.846,417893.491513
1708797600000,7.847,7.946,7.818,7.83,312806.622927
1708801200000,7.831,7.92,7.824,7.904,165422.226164
1708804800000,7.906,7.907,7.803,7.831,103653.245764
1708808400000,7.834,7.915,7.807,7.911,136028.326072
1708812000000,7.91,7.988,7.878,7.959,184401.780297
1708815600000,7.967,8.113,7.943,8.094,451764.611356
1708819200000,8.091,8.157,7.967,8.052,418122.867013
1708822800000,8.048,8.339,8.043,8.304,1163353.674038
1708826400000,8.298,8.38,8.254,8.321,738694.076176
1708830000000,8.32,8.335,8.13,8.186,640675.04297
1708833600000,8.188,8.25,8.147,8.249,278057.77666
1708837200000,8.244,8.314,8.189,8.216,440865.608036
1708840800000,8.216,8.32,8.163,8.291,248277.563319
1708844400000,8.291,8.324,8.231,8.298,270965.535501
1708848000000,8.3,8.359,8.182,8.187,381620.59184
1708851600000,8.188,8.327,8.182,8.293,353471.770565
1708855200000,8.294,8.499,8.292,8.489,1105161.788175
1708858800000,8.486,8.52,8.401,8.43,493576.801685
1708862400000,8.433,8.433,8.301,8.31,504711.096965
1708866000000,8.309,8.429,8.3,8.402,412044.83342
1708869600000,8.4,8.613,8.353,8.605,945815.586909
1708873200000,8.604,8.609,8.315,8.329,1047007.011361
1708876800000,8.335,8.36,8.136,8.156,819394.608602
1708880400000,8.158,8.268,8.154,8.244,361550.647681
1708884000000,8.245,8.246,8.165,8.205,180852.89738
1708887600000,8.21,8.245,8.158,8.217,192397.150192
1708891200000,8.212,8.25,8.178,8.179,156863.593128
1708894800000,8.179,8.214,8.079,8.083,243271.193902
1708898400000,8.081,8.173,8.037,8.14,247914.905377
1708902000000,8.139,8.175,8.107,8.118,167760.807169
1708905600000,8.119,8.327,8.091,8.263,472238.582744
1708909200000,8.263,8.263,8.122,8.135,276854.616541
1708912800000,8.135,8.145,8.051,8.082,364515.469962
1708916400000,8.085,8.156,8.058,8.148,208600.453992
1708920000000,8.149,8.156,8.079,8.095,190686.984368
1708923600000,8.098,8.145,8.05,8.077,207959.590245
1708927200000,8.074,8.132,8.06,8.129,189565.217501
1708930800000,8.129,8.132,7.947,7.987,441232.071895
1708934400000,7.987,8.03,7.953,7.954,299374.072713
1708938000000,7.958,7.985,7.811,7.856,695071.935398
1708941600000,7.852,7.926,7.836,7.868,289010.483265
1708945200000,7.865,7.905,7.816,7.864,314977.909303
1708948800000,7.864,7.903,7.824,7.87,215053.353151
1708952400000,7.87,7.941,7.821,7.83,384873.603759
1708956000000,7.83,7.989,7.825,7.978,283844.371729
1708959600000,7.98,8.106,7.965,8.077,725032.473736
1708963200000,8.076,8.132,8.032,8.057,466813.774765
1708966800000,8.056,8.213,8.007,8.174,331380.046705
1708970400000,8.179,8.185,7.872,7.899,458969.187989
1708974000000,7.899,8.05,7.869,8.028,286477.300543
1708977600000,8.026,8.036,7.963,8,148524.27945
1708981200000,8,8.084,7.987,8.032,190030.977872
1708984800000,8.033,8.049,7.945,8.042,113326.483324
1708988400000,8.043,8.158,8.034,8.143,233958.635155
1708992000000,8.145,8.167,8.021,8.06,377596.010691
1708995600000,8.059,8.25,8.052,8.191,519793.002562
1708999200000,8.192,8.251,8.124,8.204,751518.593651
1709002800000,8.206,8.311,8.086,8.115,630749.634517
1709006400000,8.116,8.286,8.093,8.232,520891.991248
1709010000000,8.234,8.305,8.2,8.257,338160.786004
1709013600000,8.258,8.272,8.167,8.181,173251.369441
1709017200000,8.181,8.229,8.1,8.124,304326.67745
1709020800000,8.125,8.196,8.124,8.16,196575.024272
1709024400000,8.159,8.232,8.132,8.212,219167.295811
1709028000000,8.213,8.222,8.105,8.156,260465.974795
1709031600000,8.154,8.154,8.045,8.098,275108.49246
1709035200000,8.096,8.151,8.048,8.056,215710.300676
1709038800000,8.059,8.08,7.9,7.924,684462.062603
1709042400000,7.924,7.933,7.829,7.861,546879.184058
1709046000000,7.86,7.94,7.45,7.663,1100469.334928
1709049600000,7.663,7.78,7.591,7.704,728276.863311
1709053200000,7.703,7.725,7.583,7.618,318838.872953
1709056800000,7.62,7.727,7.614,7.659,240296.894555
1709060400000,7.659,7.716,7.543,7.588,248126.356385
1709064000000,7.587,7.627,7.543,7.622,134360.579646
1709067600000,7.619,7.683,7.587,7.683,169815.811921
1709071200000,7.68,7.7,7.644,7.663,133696.553153
1709074800000,7.665,7.685,7.622,7.67,196438.958441
1709078400000,7.67,7.818,7.647,7.792,369446.979261
1709082000000,7.794,7.796,7.69,7.792,214567.778392
1709085600000,7.793,8.077,7.752,8.076,538905.136897
1709089200000,8.072,8.146,7.932,8.031,822829.432949
1709092800000,8.031,8.043,7.923,7.958,329079.591478
1709096400000,7.958,7.986,7.891,7.904,253259.212897
1709100000000,7.905,7.915,7.834,7.873,276275.595739
1709103600000,7.877,7.975,7.839,7.965,371725.838989
1709107200000,7.964,8.024,7.841,7.899,599567.343109
1709110800000,7.897,8.035,7.742,8.012,594925.35397
1709114400000,8.011,8.039,7.853,7.981,521613.692935
1709118000000,7.978,7.987,7.682,7.766,723786.55001
1709121600000,7.767,7.834,7.723,7.793,329520.671826
1709125200000,7.792,8.045,7.783,7.988,764581.466984
1709128800000,7.988,8.17,7.907,8.03,1297794.471343
1709132400000,8.032,8.061,7.923,7.961,657289.371047
1709136000000,7.961,8.043,7.9,7.985,736604.729365
1709139600000,7.983,8.105,6.71,7.577,4767442.317585
1709143200000,7.576,7.618,7.213,7.443,1366329.005861
1709146800000,7.454,7.468,7.355,7.436,496240.620719
1709150400000,7.443,7.528,7.37,7.472,514034.805964
1709154000000,7.472,7.518,7.409,7.479,338870.779001
1709157600000,7.481,7.616,7.464,7.615,307942.451963
1709161200000,7.61,7.731,7.59,7.718,387454.607357
1709164800000,7.713,7.734,7.608,7.679,665396.115768
1709168400000,7.68,7.814,7.65,7.73,431898.529923
1709172000000,7.732,7.749,7.63,7.639,362679.88636
1709175600000,7.638,7.694,7.554,7.625,371064.767694
1709179200000,7.625,7.776,7.576,7.762,430141.500159
1709182800000,7.76,7.969,7.752,7.872,952403.376814
1709186400000,7.869,7.951,7.844,7.924,530786.830329
1709190000000,7.922,8.033,7.779,8.013,640134.633722
1709193600000,8.013,8.235,7.995,8.155,1228547.321676
1709197200000,8.151,8.2,8.06,8.099,671582.983221
1709200800000,8.098,8.25,8.038,8.179,684280.234831
1709204400000,8.178,8.25,8.158,8.233,567823.529426
1709208000000,8.232,8.25,8.093,8.208,552557.149524
1709211600000,8.207,8.37,8.2,8.332,804291.565571
1709215200000,8.329,8.384,8.141,8.239,730238.657929
1709218800000,8.246,8.268,8.163,8.202,364133.132694
1709222400000,8.207,8.88,8.031,8.67,2802630.565444
1709226000000,8.671,8.74,8.513,8.644,1339886.243725
1709229600000,8.653,8.716,8.42,8.467,728587.236762
1709233200000,8.465,8.615,8.4,8.591,399385.628729
1709236800000,8.592,8.629,8.553,8.577,289580.996806
1709240400000,8.577,8.619,8.21,8.338,897669.619698
1709244000000,8.339,8.367,7.876,8,889387.076236
1709247600000,8,8.221,8,8.144,540563.768214
1709251200000,8.145,8.473,8.074,8.449,568299.986458
1709254800000,8.447,8.499,8.354,8.388,622987.622358
1709258400000,8.386,8.452,8.235,8.287,410695.733765
1709262000000,8.285,8.412,8.28,8.357,396353.085317
1709265600000,8.353,8.408,8.289,8.324,259999.84239
1709269200000,8.322,8.41,8.301,8.319,308323.747282
1709272800000,8.323,8.386,8.253,8.299,220354.920178
1709276400000,8.298,8.33,8.15,8.175,351521.788126
1709280000000,8.175,8.276,8.128,8.244,303483.536275
1709283600000,8.245,8.312,8.203,8.235,210625.976606
1709287200000,8.234,8.241,8.134,8.176,236990.109038
1709290800000,8.176,8.274,8.11,8.137,273294.849135
1709294400000,8.137,8.265,8.13,8.207,306962.623626
1709298000000,8.212,8.332,8.182,8.213,437313.324884
1709301600000,8.208,8.213,8.035,8.125,727355.072209
1709305200000,8.125,8.148,7.943,7.986,959382.173065
1709308800000,7.988,8.049,7.984,8.012,304752.433611
1709312400000,8.015,8.152,8.012,8.14,198947.783173
1709316000000,8.141,8.176,8.101,8.149,233034.729277
1709319600000,8.152,8.179,8.071,8.102,242144.264831
1709323200000,8.104,8.161,8.061,8.15,190276.932812
1709326800000,8.15,8.189,8.081,8.174,188818.50516
1709330400000,8.175,8.215,8.153,8.17,286632.814123
1709334000000,8.172,8.238,8.167,8.201,282430.979688
1709337600000,8.202,8.324,8.182,8.3,524159.959314
1709341200000,8.3,8.448,8.082,8.345,1192724.807314
1709344800000,8.343,8.547,8.291,8.537,1015807.121359
1709348400000,8.538,8.585,8.442,8.514,807487.924124
1709352000000,8.516,8.85,8.483,8.617,1808871.606418
1709355600000,8.616,8.663,8.447,8.545,822841.663166
1709359200000,8.546,8.797,8.546,8.746,646088.036766
1709362800000,8.743,8.829,8.647,8.727,839488.379991
1709366400000,8.728,8.805,8.556,8.709,887675.755468
1709370000000,8.706,8.762,8.509,8.59,644812.421654
1709373600000,8.589,8.999,8.588,8.828,1434888.271095
1709377200000,8.823,8.9,8.7,8.726,579768.439826
1709380800000,8.724,8.949,8.693,8.91,627067.990605
1709384400000,8.909,8.91,8.742,8.755,519729.122607
1709388000000,8.757,8.828,8.6,8.826,721200.078819
1709391600000,8.826,8.888,8.666,8.702,590487.890803
1709395200000,8.706,8.799,8.601,8.684,504699.720371
1709398800000,8.684,8.755,8.646,8.679,170188.749999
1709402400000,8.68,8.962,8.676,8.943,348184.312401
1709406000000,8.944,9.219,8.93,9.159,1199824.165219
1709409600000,9.164,9.391,9.081,9.284,930699.411752
1709413200000,9.284,9.409,9.283,9.352,504563.396604
1709416800000,9.357,9.49,9.252,9.283,607635.456612
1709420400000,9.281,9.404,9.258,9.301,484133.02163
1709424000000,9.304,9.312,9.03,9.076,519203.202746
1709427600000,9.077,9.218,9.054,9.145,340318.51123
1709431200000,9.145,9.345,9.138,9.313,435476.539954
1709434800000,9.313,9.334,9.233,9.287,238859.88299
1709438400000,9.288,9.294,9.176,9.23,290434.018984
1709442000000,9.23,9.23,9.103,9.13,338030.175265
1709445600000,9.131,9.216,9.057,9.135,270447.125874
1709449200000,9.135,9.158,8.609,9.011,1984910.889586
1709452800000,9.016,9.598,8.983,9.443,1895554.120276
1709456400000,9.436,9.857,9.433,9.66,1899017.441737
1709460000000,9.667,9.85,9.581,9.71,999647.554199
1709463600000,9.706,9.83,9.637,9.73,768197.670701
1709467200000,9.73,9.875,9.627,9.64,677994.405738
1709470800000,9.642,9.839,9.6,9.736,457704.245666
1709474400000,9.742,10.486,9.674,10.393,2597226.396538
1709478000000,10.393,10.65,10.349,10.406,1619148.463472
1709481600000,10.406,10.726,10.333,10.588,1356414.900887
1709485200000,10.587,10.653,10.439,10.511,600133.814582
1709488800000,10.511,10.68,10.488,10.579,485120.974274
1709492400000,10.584,10.8,10.497,10.663,627632.627631
1709496000000,10.669,10.849,10.559,10.807,458984.584585
1709499600000,10.809,10.88,10.709,10.834,569762.881112
1709503200000,10.836,10.85,10.527,10.575,638742.241356
1709506800000,10.577,10.6,10.443,10.508,528411.004993
1709510400000,10.509,10.61,10.162,10.512,1149592.713706
1709514000000,10.513,10.812,10.372,10.411,838108.986079
1709517600000,10.404,10.413,10.256,10.288,729860.833355
1709521200000,10.288,10.297,10.045,10.074,821807.726782
1709524800000,10.073,10.275,10.067,10.196,581484.979435
1709528400000,10.196,10.214,10.058,10.078,355493.948617
1709532000000,10.077,10.33,10.071,10.327,484229.752033
1709535600000,10.323,10.33,10.162,10.192,529060.44549
1709539200000,10.199,10.31,10.15,10.178,1094827.658902
1709542800000,10.175,10.306,10.011,10.194,636217.168231
1709546400000,10.193,10.235,9.838,10.018,1155677.239501
1709550000000,10.018,10.027,9.868,9.939,556224.037807
1709553600000,9.941,10.087,9.864,10.055,703472.540417
1709557200000,10.054,10.054,9.75,9.828,540462.221978
1709560800000,9.826,9.978,9.751,9.953,529934.044389
1709564400000,9.951,10.117,9.95,10.027,652559.754672
1709568000000,10.026,10.105,9.897,9.959,723744.128033
1709571600000,9.962,10.008,9.733,9.738,686911.69031
1709575200000,9.741,10.163,9.735,10.022,584686.917905
1709578800000,10.021,10.155,9.91,10.027,347184.540691
1709582400000,10.026,10.112,9.955,10.055,182555.826921
1709586000000,10.047,10.167,9.985,10.128,217940.221844
1709589600000,10.125,10.36,10.095,10.334,323940.072959
1709593200000,10.336,10.336,9.836,10.018,567502.457132
1709596800000,10.016,10.36,9.968,10.1,844141.964604
1709600400000,10.108,10.438,10.102,10.301,754305.717973
1709604000000,10.293,10.33,10.022,10.117,798064.040346
1709607600000,10.118,10.171,10,10.005,437006.92508
1709611200000,10.007,10.5,10,10.352,1661230.882951
1709614800000,10.356,10.369,10.038,10.3,1587847.646597
1709618400000,10.299,10.304,10.146,10.214,388812.368273
1709622000000,10.212,10.346,10.157,10.18,386467.413684
1709625600000,10.183,10.349,10.07,10.243,808079.931084
1709629200000,10.248,10.317,10.157,10.192,411339.966737
1709632800000,10.191,10.257,10.145,10.194,391506.257311
1709636400000,10.195,10.276,10.165,10.207,202450.279499
1709640000000,10.203,10.279,10.152,10.201,221864.309439
1709643600000,10.2,10.234,10.116,10.162,485620.718891
1709647200000,10.157,10.163,9.86,9.963,1174814.234697
1709650800000,9.962,10.06,9.62,9.712,1801892.518403
1709654400000,9.716,9.787,9.29,9.54,2092282.865451
1709658000000,9.542,9.547,9.203,9.514,1077483.206964
1709661600000,9.51,9.517,9.288,9.298,475665.247536
1709665200000,9.304,9.377,7.5,8.358,3662805.334314
1709668800000,8.358,8.741,8.26,8.441,1999047.231488
1709672400000,8.447,8.841,8.436,8.794,929234.032698
1709676000000,8.794,8.819,8.583,8.804,480920.902184
1709679600000,8.806,8.939,8.785,8.886,504767.773596
1709683200000,8.886,8.898,8.752,8.768,639732.479
1709686800000,8.769,8.84,8.651,8.68,437432.241036
1709690400000,8.679,8.723,8.488,8.49,446414.381775
1709694000000,8.49,8.657,8.49,8.643,314156.52674
1709697600000,8.641,8.967,8.637,8.943,545118.779388
1709701200000,8.943,9.349,8.892,9.3,979111.606615
1709704800000,9.299,9.41,9.224,9.323,683058.785834
1709708400000,9.319,9.483,9.25,9.474,426170.979843
1709712000000,9.476,9.795,9.404,9.534,791108.618149
1709715600000,9.534,9.577,9.281,9.286,384992.365427
1709719200000,9.285,9.641,9.285,9.5,320876.615217
1709722800000,9.503,9.641,9.449,9.598,308804.521387
1709726400000,9.6,9.627,9.12,9.306,718271.505503
1709730000000,9.308,9.411,9.19,9.354,566632.038017
1709733600000,9.36,9.448,9.172,9.202,432064.618562
1709737200000,9.202,9.336,9.024,9.29,472910.023079
1709740800000,9.292,9.551,9.271,9.465,354758.899858
1709744400000,9.464,10.199,9.438,10.191,1250977.418074
1709748000000,10.186,10.2,9.915,9.943,449221.733915
1709751600000,9.938,10.042,9.801,9.898,425167.899722
1709755200000,9.893,10.05,9.856,10.049,269501.510151
1709758800000,10.048,10.097,9.948,10.067,369437.617954
1709762400000,10.069,10.215,10.056,10.196,326437.162817
1709766000000,10.198,10.222,10.017,10.05,502066.627501
1709769600000,10.049,10.17,9.937,10.03,450434.844095
1709773200000,10.029,10.032,9.858,9.96,357167.719281
1709776800000,9.958,9.96,9.765,9.825,312845.460793
1709780400000,9.819,9.908,9.757,9.887,245592.59835
1709784000000,9.888,9.969,9.82,9.859,276607.048526
1709787600000,9.856,9.956,9.669,9.742,394359.970112
1709791200000,9.74,9.828,9.66,9.756,413683.251403
1709794800000,9.756,9.917,9.697,9.854,234298.041463
1709798400000,9.856,9.923,9.752,9.757,268093.263005
1709802000000,9.76,9.835,9.717,9.776,182987.496706
1709805600000,9.785,9.86,9.722,9.793,151684.071376
1709809200000,9.797,9.922,9.711,9.828,284601.566946
1709812800000,9.824,9.872,9.677,9.741,227004.772313
1709816400000,9.743,9.76,9.56,9.718,399960.190542
1709820000000,9.718,9.893,9.61,9.771,520488.886358
1709823600000,9.774,9.86,9.618,9.805,456624.683533
1709827200000,9.807,9.874,9.66,9.726,202125.261428
1709830800000,9.726,9.908,9.666,9.902,298436.7053
1709834400000,9.901,10.193,9.892,10.172,452080.241054
1709838000000,10.176,10.299,10.116,10.187,586433.208717
1709841600000,10.186,10.2,10.066,10.088,208242.52159
1709845200000,10.087,10.096,9.92,9.976,255348.865668
1709848800000,9.977,10.019,9.892,9.914,192825.738049
1709852400000,9.916,9.969,9.894,9.928,191137.713394
1709856000000,9.924,10.243,9.923,10.204,521009.86374
1709859600000,10.207,10.338,10.092,10.109,603145.986046
1709863200000,10.105,10.16,10.025,10.045,261929.426153
1709866800000,10.044,10.128,10.024,10.074,234969.165487
1709870400000,10.074,10.146,10.015,10.075,206212.488408
1709874000000,10.076,10.085,9.919,9.987,234122.594122
1709877600000,9.987,10.124,9.942,10.12,169901.798077
1709881200000,10.117,10.328,10.06,10.252,665227.970658
1709884800000,10.254,10.367,10.14,10.359,534953.738904
1709888400000,10.357,10.486,10.159,10.22,563931.718021
1709892000000,10.221,10.354,10.174,10.233,325201.554549
1709895600000,10.24,10.261,10.103,10.245,302579.377006
1709899200000,10.249,10.268,10.083,10.161,241342.403586
1709902800000,10.159,10.201,10.017,10.038,405194.775168
1709906400000,10.036,10.249,10.001,10.108,661068.940717
1709910000000,10.103,10.242,9.65,10.142,1987530.157662
1709913600000,10.147,10.228,9.826,10.098,1303890.211928
1709917200000,10.092,11.091,10.092,10.931,2335625.918807
1709920800000,10.93,11.518,10.909,11.386,1563889.448839
1709924400000,11.39,11.68,11.239,11.618,1026624.024108
1709928000000,11.618,11.7,11.46,11.638,1023810.08424
1709931600000,11.639,11.729,11.478,11.559,782266.968753
1709935200000,11.559,11.774,11.531,11.686,891452.667097
1709938800000,11.688,11.735,11.391,11.444,638949.54244
1709942400000,11.445,11.835,11.377,11.623,797740.088519
1709946000000,11.625,11.736,11.534,11.721,408885.982608
1709949600000,11.726,11.74,11.458,11.464,599276.493796
1709953200000,11.464,11.522,11.35,11.425,445976.749865
1709956800000,11.421,11.74,11.418,11.612,315486.020573
1709960400000,11.621,11.76,11.566,11.601,328433.259183
1709964000000,11.602,11.602,11.392,11.419,422484.615901
1709967600000,11.419,11.597,11.417,11.479,318997.699233
1709971200000,11.482,11.687,11.401,11.643,392942.901705
1709974800000,11.642,11.642,11.421,11.48,332475.963553
1709978400000,11.486,11.501,11.222,11.323,490566.29078
1709982000000,11.327,11.364,11.2,11.299,268950.634064
1709985600000,11.298,11.31,11.16,11.209,224283.950563
1709989200000,11.204,11.313,11.143,11.3,247065.778015
1709992800000,11.304,11.305,11.115,11.145,288298.34563
1709996400000,11.145,11.268,11.129,11.155,222498.243719
1710000000000,11.156,11.186,10.965,11.033,513250.600951
1710003600000,11.034,11.066,10.944,11.001,220795.982063
1710007200000,11,11.109,10.985,11.018,163685.862687
1710010800000,11.022,11.043,10.924,10.939,83796.486042
1710014400000,10.941,11.029,10.929,11.003,79934.045538
1710018000000,11,11.007,10.903,10.967,88123.810872
1710021600000,10.966,10.998,10.915,10.933,85611.473828
1710025200000,10.934,11.09,10.928,11.065,242178.148061
1710028800000,11.066,11.237,11.041,11.214,388619.509216
1710032400000,11.213,11.258,11.104,11.203,434975.730713
1710036000000,11.207,11.25,11.02,11.123,468077.444592
1710039600000,11.127,11.133,11.057,11.103,217639.407732
1710043200000,11.101,11.195,11.089,11.105,219370.501695
1710046800000,11.106,11.18,11.089,11.168,234339.087357
1710050400000,11.165,11.176,11.11,11.115,245106.788794
1710054000000,11.117,11.256,11.1,11.241,423137.397642
1710057600000,11.241,11.28,11.186,11.242,296336.570272
1710061200000,11.24,11.245,10.968,11.162,888484.589034
1710064800000,11.164,11.175,10.99,11.027,397929.51804
1710068400000,11.027,11.031,10.744,10.827,585018.192381
1710072000000,10.828,10.897,10.62,10.742,565584.469918
1710075600000,10.741,10.763,10.538,10.595,434664.141209
1710079200000,10.595,10.651,10.373,10.567,774457.416097
1710082800000,10.567,10.571,10.422,10.441,336772.921335
1710086400000,10.442,10.72,10.429,10.629,600800.1315
1710090000000,10.629,10.655,10.575,10.648,189222.178812
1710093600000,10.649,10.693,10.571,10.595,216597.328617
1710097200000,10.596,10.619,10.53,10.576,113018.993719
1710100800000,10.576,10.6,10.516,10.588,53707.969138
1710104400000,10.589,10.647,10.515,10.573,58963.878215
1710108000000,10.572,10.59,10.303,10.402,491251.921209
1710111600000,10.401,10.714,10.395,10.685,358439.958465
1710115200000,10.683,10.69,10,10.406,918927.946479
1710118800000,10.406,10.477,10.2,10.346,458067.800465
1710122400000,10.343,10.493,10.257,10.44,202500.4269
1710126000000,10.441,10.573,10.43,10.547,317180.274876
1710129600000,10.551,10.573,10.437,10.473,143785.538742
1710133200000,10.467,10.524,10.419,10.437,164194.034488
1710136800000,10.437,10.511,10.316,10.505,308494.986018
1710140400000,10.507,10.818,10.495,10.755,1185899.215318
1710144000000,10.756,10.963,10.667,10.919,564652.16649
1710147600000,10.92,11.121,10.843,11.12,378444.285389
1710151200000,11.119,11.179,11.046,11.164,447361.932048
1710154800000,11.166,11.261,11.071,11.095,633979.656965
1710158400000,11.094,11.357,11.048,11.347,511648.697381
1710162000000,11.35,11.374,11.101,11.105,655177.133343
1710165600000,11.105,11.272,11.104,11.186,418791.020678
1710169200000,11.189,11.325,11.154,11.154,536801.740158
1710172800000,11.159,11.254,10.9,11.146,796185.495741
1710176400000,11.141,11.158,10.983,11.052,239900.011311
1710180000000,11.05,11.142,10.961,11.081,209053.790222
1710183600000,11.083,11.092,10.923,10.951,214568.85486
1710187200000,10.954,11.112,10.941,11.057,146427.545612
1710190800000,11.059,11.24,11.024,11.195,141838.370008
1710194400000,11.194,11.195,11.063,11.156,138203.100902
1710198000000,11.158,11.247,11.116,11.176,201777.828126
1710201600000,11.177,11.202,11,11.003,329432.009525
1710205200000,11.002,11.111,10.953,11.091,486444.259756
1710208800000,11.091,11.164,11.034,11.043,238909.779776
1710212400000,11.046,11.063,10.816,10.844,486711.343077
1710216000000,10.843,11.05,10.726,10.97,442877.678957
1710219600000,10.97,11.017,10.922,10.967,196333.396443
1710223200000,10.965,10.979,10.68,10.876,497554.081248
1710226800000,10.878,10.972,10.789,10.802,323310.49525
1710230400000,10.8,10.853,10.464,10.573,904411.209176
1710234000000,10.572,10.764,10.563,10.739,270567.045339
1710237600000,10.738,10.742,10.613,10.705,298587.848498
1710241200000,10.703,10.828,10.646,10.666,206255.356558
1710244800000,10.664,10.747,10.503,10.716,360587.492489
1710248400000,10.715,10.819,10.649,10.781,424081.056237
1710252000000,10.781,11.011,10.557,10.575,829528.563017
1710255600000,10.577,10.757,10.508,10.649,621335.726968
1710259200000,10.65,10.688,10.301,10.428,800045.007992
1710262800000,10.427,10.595,10,10.589,1155136.24193
1710266400000,10.585,10.802,10.532,10.701,524649.752413
1710270000000,10.706,10.811,10.684,10.766,169476.384087
1710273600000,10.766,10.766,10.57,10.601,187325.835161
1710277200000,10.601,10.717,10.549,10.666,66120.571298
1710280800000,10.669,10.783,10.628,10.781,137543.460695
1710284400000,10.781,10.913,10.733,10.906,268363.680971
1710288000000,10.908,10.963,10.776,10.789,236968.061126
1710291600000,10.784,10.89,10.75,10.85,151089.521207
1710295200000,10.851,10.861,10.781,10.808,146061.844029
1710298800000,10.803,10.803,10.693,10.706,233448.470994
1710302400000,10.706,10.733,10.647,10.725,235754.687281
1710306000000,10.725,10.799,10.67,10.76,193497.835861
1710309600000,10.76,10.96,10.748,10.954,414365.103421
1710313200000,10.954,11.06,10.909,10.951,494034.404639
1710316800000,10.952,11.108,10.947,11.1,367050.685428
1710320400000,11.098,11.169,11.025,11.026,330016.079088
1710324000000,11.025,11.035,10.914,10.964,374555.956249
1710327600000,10.964,10.969,10.804,10.817,237020.100641
1710331200000,10.819,10.859,10.693,10.754,394092.511802
1710334800000,10.752,10.817,10.45,10.573,684479.071612
1710338400000,10.574,10.715,10.474,10.699,482984.521269
1710342000000,10.701,10.863,10.625,10.729,450242.229816
1710345600000,10.73,10.772,10.63,10.645,256352.773405
1710349200000,10.645,10.735,10.503,10.591,320494.917163
1710352800000,10.591,10.625,10.505,10.529,257804.826399
1710356400000,10.528,10.529,10.454,10.51,170442.257748
1710360000000,10.515,10.529,10.401,10.439,201234.34094
1710363600000,10.437,10.485,10.28,10.434,404852.008821
1710367200000,10.43,10.6,10.385,10.542,311907.885539
1710370800000,10.544,10.678,10.538,10.633,255737.639297
1710374400000,10.631,10.706,10.581,10.626,288766.824329
1710378000000,10.626,10.637,10.478,10.577,362135.3612
1710381600000,10.575,10.649,10.511,10.527,198266.620062
1710385200000,10.53,10.625,10.471,10.532,510558.950406
1710388800000,10.532,10.544,10.334,10.401,438246.814696
1710392400000,10.404,10.521,10.364,10.482,228005.478468
1710396000000,10.482,10.624,10.482,10.551,362825.385347
1710399600000,10.552,10.573,10.402,10.498,280371.387275
1710403200000,10.498,10.571,10.463,10.52,233484.816084
1710406800000,10.52,10.74,10.501,10.718,441933.006496
1710410400000,10.718,10.761,10.43,10.464,574207.577346
1710414000000,10.463,10.491,10.3,10.476,513025.300717
1710417600000,10.477,10.538,10.362,10.434,333143.820583
1710421200000,10.435,10.464,10,10.139,1244574.213809
1710424800000,10.14,10.351,10.136,10.246,624938.123979
1710428400000,10.245,10.293,10.029,10.163,462053.323092
1710432000000,10.163,10.454,10.099,10.449,635214.177705
1710435600000,10.445,10.486,10.324,10.48,260526.704862
1710439200000,10.483,10.49,10.174,10.316,403312.180309
1710442800000,10.315,10.406,9.811,10.146,1036730.527487
1710446400000,10.149,10.534,10.142,10.482,398366.621731
1710450000000,10.484,10.541,10.386,10.506,181448.607968
1710453600000,10.505,10.58,10.454,10.488,185831.7864
1710457200000,10.489,10.567,10.47,10.499,185982.995745
1710460800000,10.501,10.625,10.425,10.52,328265.824269
1710464400000,10.52,10.525,10.365,10.389,355974.77264
1710468000000,10.389,10.449,9.704,9.893,1338035.350234
1710471600000,9.895,9.982,9.2,9.692,2196373.022415
1710475200000,9.692,9.737,9.418,9.436,1046464.436128
1710478800000,9.436,9.617,9.408,9.468,668771.088935
1710482400000,9.469,9.743,9.465,9.719,522404.291183
1710486000000,9.716,9.782,9.58,9.688,387696.695465
1710489600000,9.691,9.709,9.211,9.226,834714.365439
1710493200000,9.23,9.457,8.9,9.434,1576021.64566
1710496800000,9.435,9.458,9.315,9.321,360182.896762
1710500400000,9.323,9.448,9.149,9.405,344962.958817
1710504000000,9.406,9.473,9.331,9.442,257444.968912
1710507600000,9.441,9.618,9.382,9.575,461479.914321
1710511200000,9.574,9.595,9.436,9.541,300064.385139
1710514800000,9.54,9.574,9.456,9.468,179861.342094
1710518400000,9.468,9.558,9.329,9.416,432846.373488
1710522000000,9.415,9.439,9.319,9.416,130007.286568
1710525600000,9.419,9.756,9.415,9.748,255247.386326
1710529200000,9.748,9.794,9.413,9.483,306836.328137
1710532800000,9.482,9.496,9.264,9.335,262337.809637
1710536400000,9.335,9.552,9.321,9.551,67253.186393
1710540000000,9.552,9.725,9.505,9.71,129322.666401
1710543600000,9.709,9.816,9.604,9.767,361748.521835
1710547200000,9.768,9.823,9.647,9.664,369541.980804
1710550800000,9.662,9.721,9.6,9.631,219274.546043
1710554400000,9.637,9.698,9.589,9.681,225758.886718
1710558000000,9.681,9.734,9.615,9.716,154838.743711
1710561600000,9.718,9.737,9.613,9.661,212339.348128
1710565200000,9.66,9.67,9.508,9.64,296351.490768
1710568800000,9.643,9.71,9.593,9.691,173295.388851
1710572400000,9.69,9.793,9.666,9.79,277549.809794
1710576000000,9.792,9.887,9.729,9.795,435876.527726
1710579600000,9.794,9.83,9.685,9.703,366810.377986
1710583200000,9.709,9.733,9.603,9.617,187393.376465
1710586800000,9.617,9.651,9.428,9.558,325629.31168
1710590400000,9.558,9.58,9.34,9.351,278307.987333
1710594000000,9.35,9.407,9.175,9.19,595678.489411
1710597600000,9.191,9.337,9.14,9.329,468473.374639
1710601200000,9.324,9.452,9.24,9.44,308628.183975
1710604800000,9.44,9.44,9.288,9.339,151489.523056
1710608400000,9.339,9.374,9.073,9.156,379982.625984
1710612000000,9.158,9.184,8.715,8.833,1047413.889253
1710615600000,8.832,9.114,8.826,8.903,353328.888167
1710619200000,8.907,9.045,8.767,8.963,271064.335699
1710622800000,8.965,9.012,8.75,8.87,153799.781945
1710626400000,8.87,8.953,8.777,8.874,276908.363213
1710630000000,8.871,8.871,8.62,8.83,500857.695902
1710633600000,8.831,8.993,8.69,8.696,353189.921218
1710637200000,8.695,8.904,8.695,8.903,258067.123489
1710640800000,8.904,9.017,8.854,8.961,255414.961304
1710644400000,8.964,9,8.885,8.997,452991.410141
1710648000000,8.999,9.001,8.886,8.924,130779.992111
1710651600000,8.922,8.955,8.755,8.803,175624.446756
1710655200000,8.805,8.837,8.512,8.519,568432.693508
1710658800000,8.518,8.687,8.292,8.595,2044484.259997
1710662400000,8.595,8.865,8.573,8.849,509326.735485
1710666000000,8.849,8.891,8.772,8.82,477881.406993
1710669600000,8.819,9.021,8.819,8.98,510829.934833
1710673200000,8.984,9.021,8.899,8.922,236488.3113
1710676800000,8.921,9.008,8.755,8.807,326514.347564
1710680400000,8.806,9.009,8.806,8.996,309658.542332
1710684000000,8.994,9.183,8.933,9.178,800358.135119
1710687600000,9.177,9.295,9.087,9.256,571052.681835
1710691200000,9.252,9.276,9.096,9.134,406869.964071
1710694800000,9.132,9.276,9.118,9.266,191235.564173
1710698400000,9.266,9.267,9.126,9.141,111241.159459
1710702000000,9.142,9.255,9.124,9.253,119146.558641
1710705600000,9.252,9.254,9.15,9.17,77970.585517
1710709200000,9.171,9.228,9.165,9.199,47758.470335
1710712800000,9.2,9.357,9.194,9.202,221833.012051
1710716400000,9.204,9.227,9.125,9.172,301151.20643
1710720000000,9.173,9.174,8.886,8.886,461276.087797
1710723600000,8.886,9.293,8.806,9.254,532114.565279
1710727200000,9.251,9.639,9.187,9.437,1088492.458005
1710730800000,9.437,9.526,9.346,9.347,319169.550689
1710734400000,9.348,9.44,9.263,9.397,430518.053672
1710738000000,9.397,9.514,9.331,9.474,314639.421013
1710741600000,9.472,9.536,9.437,9.5,256371.955617
1710745200000,9.499,9.499,9.33,9.413,214636.538218
1710748800000,9.414,9.416,9.12,9.234,341485.971869
1710752400000,9.234,9.264,9.107,9.162,255773.256959
1710756000000,9.162,9.322,9.12,9.319,255558.537136
1710759600000,9.32,9.322,9.163,9.171,151948.20241
1710763200000,9.172,9.22,9.057,9.147,377400.687208
1710766800000,9.147,9.164,8.919,8.966,616995.522561
1710770400000,8.967,9.039,8.799,8.859,563023.651887
1710774000000,8.86,8.986,8.777,8.952,352385.585421
1710777600000,8.949,9.046,8.749,8.774,399115.341954
1710781200000,8.775,8.78,8.614,8.71,503253.439023
1710784800000,8.706,8.776,8.647,8.699,175889.408942
1710788400000,8.705,8.84,8.674,8.752,115688.001925
1710792000000,8.754,8.878,8.753,8.842,129978.934403
1710795600000,8.84,8.957,8.831,8.877,72815.349237
1710799200000,8.872,8.882,8.799,8.872,105319.032815
1710802800000,8.871,8.971,8.841,8.871,112558.783183
1710806400000,8.87,8.968,8.669,8.705,261685.348683
1710810000000,8.712,8.724,8.4,8.521,854120.527627
1710813600000,8.523,8.747,8.516,8.61,334784.538177
1710817200000,8.613,8.668,8.407,8.622,360416.468199
1710820800000,8.619,8.699,8.514,8.53,280095.289818
1710824400000,8.524,8.614,8.403,8.507,313293.222064
1710828000000,8.513,8.547,8.284,8.373,371929.523851
1710831600000,8.375,8.437,8.056,8.43,1099454.709472
1710835200000,8.433,8.433,8.03,8.085,648293.176118
1710838800000,8.076,8.32,7.97,8.312,974078.402721
1710842400000,8.312,8.312,8.047,8.15,345406.572308
1710846000000,8.151,8.312,8.025,8.286,458746.295602
1710849600000,8.284,8.424,8.236,8.359,436714.048109
1710853200000,8.356,8.378,8.249,8.333,232241.991941
1710856800000,8.33,8.344,8.181,8.311,261565.706008
1710860400000,8.315,8.502,8.212,8.495,368161.98544
1710864000000,8.498,8.557,8.411,8.498,343932.315589
1710867600000,8.499,8.596,8.46,8.504,216693.649369
1710871200000,8.502,8.505,8.385,8.42,120319.708597
1710874800000,8.423,8.537,8.399,8.443,136159.192508
1710878400000,8.447,8.461,8.254,8.282,133711.128606
1710882000000,8.292,8.317,8.152,8.281,137485.124609
1710885600000,8.281,8.292,8,8.058,409416.444262
1710889200000,8.059,8.073,7.858,7.997,589033.249246
1710892800000,7.997,8.183,7.978,8.166,399102.304511
1710896400000,8.167,8.175,7.93,7.987,352829.40719
1710900000000,7.99,8.155,7.948,8.137,305411.789269
1710903600000,8.136,8.216,7.968,7.995,270029.409953
1710907200000,7.996,8.074,7.828,7.921,658247.197309
1710910800000,7.92,7.961,7.681,7.822,833088.010129
1710914400000,7.822,8.013,7.822,7.973,417428.071247
1710918000000,7.975,8.246,7.964,8.199,602188.598124
1710921600000,8.2,8.238,8.08,8.088,300666.195888
1710925200000,8.084,8.221,8.075,8.195,218495.444467
1710928800000,8.195,8.227,8.145,8.189,121437.216105
1710932400000,8.187,8.326,8.168,8.272,244522.55636
1710936000000,8.267,8.405,8.233,8.343,500954.184206
1710939600000,8.343,8.344,8.215,8.233,282673.097519
1710943200000,8.232,8.309,8.186,8.255,204166.19441
1710946800000,8.256,8.295,8.024,8.051,535680.343581
1710950400000,8.054,8.098,7.733,7.918,877232.870773
1710954000000,7.92,8.151,7.874,8.082,371422.568217
1710957600000,8.086,8.466,8.086,8.454,429872.667382
1710961200000,8.463,8.537,8.385,8.515,454155.540489
1710964800000,8.519,8.74,8.484,8.649,549841.348681
1710968400000,8.646,8.709,8.599,8.652,326799.891868
1710972000000,8.652,8.725,8.583,8.639,253260.560641
1710975600000,8.636,8.682,8.594,8.636,200843.61473
1710979200000,8.636,8.73,8.556,8.688,340498.302341
1710982800000,8.69,8.784,8.654,8.757,349858.208405
1710986400000,8.756,8.914,8.756,8.816,408033.241339
1710990000000,8.814,9.03,8.799,8.871,674129.869262
1710993600000,8.868,8.94,8.759,8.772,330065.009728
1710997200000,8.772,8.848,8.594,8.831,437074.827117
1711000800000,8.835,8.949,8.799,8.872,321615.600856
1711004400000,8.868,9.01,8.868,8.945,292246.078358
1711008000000,8.942,9.053,8.928,9.021,312888.13489
1711011600000,9.019,9.149,8.995,9.143,650900.396518
1711015200000,9.144,9.297,9.1,9.207,491003.056894
1711018800000,9.204,9.207,9.079,9.091,367001.109121
1711022400000,9.093,9.171,8.994,9.018,366123.563512
1711026000000,9.018,9.076,8.951,8.985,284462.378911
1711029600000,8.982,9.146,8.963,9.118,261643.83745
1711033200000,9.116,9.142,9.014,9.124,335008.298628
1711036800000,9.125,9.268,9.06,9.251,300537.098793
1711040400000,9.247,9.247,8.989,9.035,308140.220286
1711044000000,9.029,9.06,8.795,8.821,394674.998858
1711047600000,8.824,9.178,8.817,9.137,199160.992152
1711051200000,9.129,9.164,9.006,9.128,200889.329717
1711054800000,9.13,9.14,8.97,9.101,110918.14247
1711058400000,9.102,9.147,9,9.018,91862.905742
1711062000000,9.024,9.059,8.98,9.022,163854.59205
1711065600000,9.02,9.123,8.923,8.993,296413.872208
1711069200000,8.993,9.029,8.834,8.842,265322.236539
1711072800000,8.843,8.911,8.791,8.899,337597.12279
1711076400000,8.899,9.04,8.871,9.015,174937.751109
1711080000000,9.019,9.179,8.987,9.15,238856.182933
1711083600000,9.149,9.2,9.062,9.111,224196.553704
1711087200000,9.114,9.176,9.085,9.174,205731.311857
1711090800000,9.174,9.272,9.102,9.201,325363.431361
1711094400000,9.203,9.259,9.096,9.13,220964.73147
1711098000000,9.13,9.234,9.123,9.141,269366.79523
1711101600000,9.142,9.182,8.926,8.932,353342.960603
1711105200000,8.933,8.972,8.818,8.838,377310.523469
1711108800000,8.837,8.939,8.784,8.839,330166.762034
1711112400000,8.835,8.868,8.504,8.54,902623.461159
1711116000000,8.54,8.589,8.441,8.512,815615.3148
1711119600000,8.519,8.852,8.506,8.711,721453.368319
1711123200000,8.715,8.716,8.466,8.522,320340.122745
1711126800000,8.521,8.605,8.511,8.594,164909.32335
1711130400000,8.592,8.661,8.521,8.585,140909.361521
1711134000000,8.585,8.692,8.531,8.637,120528.808643
1711137600000,8.639,8.658,8.553,8.568,112864.790695
1711141200000,8.568,8.573,8.417,8.512,137521.234761
1711144800000,8.515,8.56,8.4,8.527,112464.959258
1711148400000,8.531,8.742,8.527,8.728,171729.342847
1711152000000,8.728,8.729,8.649,8.652,130873.176312
1711155600000,8.652,8.846,8.646,8.819,206347.243588
1711159200000,8.823,8.858,8.674,8.712,190571.052001
1711162800000,8.709,8.712,8.5,8.616,259425.340462
1711166400000,8.617,8.657,8.529,8.54,207046.584461
1711170000000,8.546,8.601,8.51,8.574,91297.835615
1711173600000,8.577,8.642,8.546,8.603,116597.741504
1711177200000,8.602,8.805,8.602,8.773,275045.483856
1711180800000,8.775,8.808,8.687,8.764,230980.178699
1711184400000,8.763,8.769,8.682,8.755,114656.881763
1711188000000,8.756,8.845,8.735,8.754,136599.6464
1711191600000,8.756,8.813,8.732,8.757,142775.858284
1711195200000,8.755,8.849,8.729,8.808,146882.653584
1711198800000,8.808,8.848,8.755,8.835,174519.091066
1711202400000,8.836,8.958,8.796,8.924,345722.124009
1711206000000,8.922,8.946,8.814,8.868,208539.63151
1711209600000,8.868,8.941,8.795,8.873,192928.548692
1711213200000,8.875,8.94,8.868,8.92,110895.087834
1711216800000,8.916,8.926,8.857,8.883,78788.982819
1711220400000,8.886,8.889,8.761,8.761,87139.321854
1711224000000,8.761,8.788,8.743,8.766,69110.477671
1711227600000,8.765,8.779,8.716,8.753,111881.908321
1711231200000,8.751,8.777,8.715,8.719,64036.619057
1711234800000,8.718,8.738,8.613,8.63,181909.003909
1711238400000,8.631,8.763,8.611,8.756,130857.538596
1711242000000,8.754,8.765,8.692,8.737,95882.35144
1711245600000,8.737,8.751,8.65,8.663,136896.946283
1711249200000,8.665,8.667,8.523,8.539,243757.143762
1711252800000,8.542,8.588,8.524,8.564,161606.793293
1711256400000,8.562,8.613,8.53,8.593,138379.971535
1711260000000,8.589,8.613,8.527,8.565,141229.446259
1711263600000,8.56,8.607,8.533,8.606,82927.163121
1711267200000,8.607,8.72,8.589,8.719,133499.403493
1711270800000,8.719,8.723,8.62,8.668,128097.363382
1711274400000,8.668,8.757,8.661,8.717,117205.935783
1711278000000,8.713,8.73,8.664,8.72,91568.309055
1711281600000,8.722,8.8,8.709,8.78,95468.339383
1711285200000,8.783,8.793,8.689,8.707,185435.736221
1711288800000,8.707,8.799,8.696,8.737,202640.326229
1711292400000,8.735,8.77,8.712,8.736,118110.05199
1711296000000,8.735,8.763,8.673,8.684,131607.061386
1711299600000,8.686,8.698,8.557,8.639,295909.036651
1711303200000,8.636,8.748,8.632,8.701,80762.960624
1711306800000,8.707,8.752,8.691,8.732,59758.052278
1711310400000,8.736,8.886,8.704,8.856,166680.427911
1711314000000,8.854,8.917,8.842,8.886,133313.351739
1711317600000,8.887,8.939,8.873,8.929,125813.538952
1711321200000,8.93,8.983,8.906,8.911,184729.668473
1711324800000,8.914,8.926,8.826,8.886,290841.692549
1711328400000,8.886,9.097,8.87,9.039,407814.403324
1711332000000,9.041,9.188,9.022,9.129,356951.116511
1711335600000,9.131,9.207,9.103,9.157,370860.008875
1711339200000,9.158,9.208,9.102,9.195,262130.170953
1711342800000,9.194,9.204,9.141,9.17,159674.918427
1711346400000,9.167,9.173,9.076,9.11,232188.688797
1711350000000,9.111,9.153,8.99,9.005,215399.726741
1711353600000,9.002,9.077,8.996,9.053,162271.8264
1711357200000,9.054,9.107,9.007,9.107,117301.177882
1711360800000,9.108,9.136,9.039,9.068,167832.855618
1711364400000,9.067,9.067,8.926,8.934,176256.269724
1711368000000,8.937,9.038,8.932,9.011,158352.074252
1711371600000,9.011,9.101,8.946,9.101,159514.881767
1711375200000,9.101,9.3,9.061,9.293,829604.840756
1711378800000,9.293,9.384,9.225,9.332,468536.325036
1711382400000,9.333,9.405,9.271,9.367,328858.103489
1711386000000,9.367,9.46,9.354,9.422,297960.61522
1711389600000,9.422,9.451,9.332,9.407,115066.48369
1711393200000,9.403,9.508,9.335,9.507,165999.45007
1711396800000,9.508,9.522,9.442,9.483,111801.090293
1711400400000,9.482,9.486,9.3,9.387,124422.075965
1711404000000,9.388,9.544,9.388,9.472,155867.621649
1711407600000,9.472,9.481,9.314,9.375,247346.199026
1711411200000,9.375,9.425,9.343,9.359,214865.212001
1711414800000,9.359,9.453,9.332,9.45,166785.377242
1711418400000,9.45,9.617,9.402,9.544,477535.081309
1711422000000,9.542,9.724,9.532,9.71,497367.585407
1711425600000,9.71,9.734,9.638,9.725,218665.842477
1711429200000,9.725,9.725,9.599,9.621,243998.312627
1711432800000,9.621,9.675,9.586,9.657,212002.122951
1711436400000,9.66,9.721,9.574,9.595,447976.58368
1711440000000,9.6,9.658,9.556,9.615,249282.026656
1711443600000,9.617,9.7,9.59,9.647,271997.302182
1711447200000,9.648,9.665,9.595,9.64,280627.571523
1711450800000,9.641,9.643,9.542,9.56,184065.173757
1711454400000,9.559,9.621,9.501,9.599,203874.066212
1711458000000,9.6,9.619,9.388,9.426,468835.970392
1711461600000,9.432,9.468,9.184,9.369,834426.715169
1711465200000,9.368,9.38,9.215,9.294,436854.046727
1711468800000,9.291,9.471,9.252,9.285,730113.56661
1711472400000,9.285,9.391,9.218,9.335,239322.732166
1711476000000,9.337,9.415,9.322,9.342,106925.025024
1711479600000,9.35,9.351,9.231,9.253,164182.786953
1711483200000,9.26,9.409,9.26,9.377,83728.739793
1711486800000,9.378,9.488,9.372,9.456,123830.736622
1711490400000,9.455,9.462,9.223,9.344,343785.248256
1711494000000,9.342,9.479,9.322,9.44,219701.516921
1711497600000,9.44,9.51,9.362,9.496,316065.932941
1711501200000,9.497,9.628,9.469,9.577,276972.372466
1711504800000,9.58,9.61,9.493,9.52,240722.213614
1711508400000,9.52,9.52,9.37,9.392,245292.149275
1711512000000,9.394,9.455,9.326,9.347,203713.947167
1711515600000,9.347,9.453,9.341,9.453,188081.443048
1711519200000,9.452,9.517,9.383,9.41,242945.78154
1711522800000,9.413,9.432,9.218,9.287,407430.045021
1711526400000,9.291,9.357,9.163,9.211,260137.012133
1711530000000,9.21,9.307,9.105,9.296,286497.779718
1711533600000,9.295,9.362,9.27,9.335,214895.041274
1711537200000,9.335,9.409,9.305,9.391,163460.216849
1711540800000,9.393,9.468,9.324,9.375,283188.016917
1711544400000,9.376,9.596,9.23,9.285,552671.218584
1711548000000,9.29,9.313,9,9.239,691610.551211
1711551600000,9.238,9.24,9.007,9.01,478178.667165
1711555200000,9.01,9.154,8.991,9.147,651289.274676
1711558800000,9.143,9.196,9.101,9.118,166650.007909
1711562400000,9.119,9.13,8.9,8.919,294520.451031
1711566000000,8.922,9.135,8.919,9.124,131580.961465
1711569600000,9.121,9.179,9.087,9.126,97189.880425
1711573200000,9.124,9.171,9.09,9.099,50130.846714
1711576800000,9.1,9.178,9.092,9.167,62699.509976
1711580400000,9.168,9.168,9.056,9.12,142733.274303
1711584000000,9.12,9.2,9.068,9.139,182144.918714
1711587600000,9.138,9.15,9.001,9.045,135326.914873
1711591200000,9.047,9.13,8.994,9.032,182181.19736
1711594800000,9.034,9.067,8.97,9.035,130129.439914
1711598400000,9.036,9.119,9.027,9.082,116713.820334
1711602000000,9.085,9.1,9.035,9.068,76309.791714
1711605600000,9.068,9.174,9.038,9.148,186286.837643
1711609200000,9.146,9.193,9.119,9.191,126625.503366
1711612800000,9.19,9.232,9.151,9.177,153432.725677
1711616400000,9.179,9.219,9.148,9.198,150057.308186
1711620000000,9.2,9.203,9.122,9.153,140432.557822
1711623600000,9.153,9.183,9.11,9.155,138298.68272
1711627200000,9.153,9.179,9.041,9.107,242438.113338
1711630800000,9.109,9.146,9.013,9.11,221898.801111
1711634400000,9.108,9.21,9.059,9.195,246428.700307
1711638000000,9.195,9.261,9.138,9.253,155897.25115
1711641600000,9.254,9.287,9.104,9.127,174014.691552
1711645200000,9.127,9.178,9.09,9.137,95479.533674
1711648800000,9.136,9.188,9.115,9.184,77727.255247
1711652400000,9.184,9.247,9.176,9.217,135538.816281
1711656000000,9.221,9.316,9.21,9.316,96825.968782
1711659600000,9.315,9.377,9.315,9.341,125706.815896
1711663200000,9.336,9.338,9.269,9.308,108284.306289
1711666800000,9.312,9.354,9.288,9.297,84594.432174
1711670400000,9.301,9.31,9.242,9.293,98984.833665
1711674000000,9.294,9.39,9.27,9.339,113416.441345
1711677600000,9.337,9.386,9.246,9.37,159996.142696
1711681200000,9.364,9.393,9.294,9.39,175760.13844
1711684800000,9.389,9.474,9.328,9.383,228216.472737
1711688400000,9.384,9.446,9.301,9.359,257873.752417
1711692000000,9.361,9.472,9.305,9.431,247084.525159
1711695600000,9.434,9.437,9.201,9.24,422263.413497
1711699200000,9.237,9.499,9.23,9.459,426721.993595
1711702800000,9.453,9.645,9.428,9.63,709428.856173
1711706400000,9.629,9.69,9.521,9.586,431460.81536
1711710000000,9.584,9.597,9.512,9.564,301773.497568
1711713600000,9.564,9.958,9.562,9.937,1045477.310353
1711717200000,9.938,9.938,9.772,9.84,640064.309703
1711720800000,9.841,10.25,9.834,10.142,1036434.970941
1711724400000,10.146,10.192,9.816,9.818,874929.842529
1711728000000,9.819,10.055,9.814,9.932,464092.584058
1711731600000,9.935,10.048,9.754,9.794,337817.461151
1711735200000,9.796,9.813,9.682,9.702,157542.062601
1711738800000,9.702,9.75,9.63,9.75,83499.380625
1711742400000,9.75,9.757,9.663,9.686,166990.180541
1711746000000,9.687,9.702,9.565,9.684,188224.478776
1711749600000,9.685,9.753,9.627,9.706,146421.76343
1711753200000,9.707,9.748,9.655,9.656,198022.964712
1711756800000,9.657,9.851,9.567,9.837,321565.097552
1711760400000,9.838,9.947,9.801,9.878,335600.98409
1711764000000,9.878,9.928,9.787,9.886,220324.278631
1711767600000,9.886,9.925,9.817,9.835,136994.503668
1711771200000,9.835,9.904,9.794,9.895,252934.304466
1711774800000,9.897,9.954,9.81,9.864,244906.340044
1711778400000,9.864,9.892,9.715,9.721,219626.770801
1711782000000,9.718,9.81,9.71,9.724,116667.477722
1711785600000,9.724,9.77,9.641,9.707,185424.498238
1711789200000,9.707,9.743,9.652,9.677,95050.305021
1711792800000,9.68,9.701,9.601,9.676,143846.891332
1711796400000,9.676,9.732,9.66,9.719,100429.7061
1711800000000,9.723,9.737,9.659,9.662,81684.59699
1711803600000,9.667,9.674,9.578,9.599,209844.181562
1711807200000,9.599,9.648,9.55,9.601,163167.615194
1711810800000,9.605,9.669,9.592,9.657,158371.294835
1711814400000,9.656,9.674,9.529,9.634,168932.914922
1711818000000,9.633,9.637,9.58,9.627,78846.355863
1711821600000,9.623,9.633,9.564,9.566,58992.138099
1711825200000,9.565,9.575,9.465,9.567,155008.288932
1711828800000,9.564,9.564,9.498,9.501,52098.45126
1711832400000,9.499,9.521,9.423,9.466,62215.712866
1711836000000,9.464,9.5,9.428,9.449,150881.001228
1711839600000,9.448,9.479,9.401,9.44,109326.306451
1711843200000,9.44,9.535,9.402,9.496,124041.844988
1711846800000,9.497,9.598,9.483,9.56,107222.840841
1711850400000,9.56,9.587,9.5,9.536,111914.000767
1711854000000,9.538,9.543,9.466,9.492,72432.913117
1711857600000,9.492,9.541,9.474,9.528,118035.013107
1711861200000,9.526,9.62,9.516,9.605,104367.887265
1711864800000,9.605,9.626,9.564,9.597,137595.132624
1711868400000,9.602,9.643,9.586,9.612,99256.890851
1711872000000,9.613,9.649,9.589,9.608,65674.076263
1711875600000,9.606,9.62,9.563,9.585,62072.327681
1711879200000,9.586,9.599,9.553,9.588,62046.36898
1711882800000,9.588,9.644,9.588,9.624,79028.134282
1711886400000,9.625,9.652,9.576,9.611,57928.937845
1711890000000,9.608,9.675,9.604,9.674,93725.873385
1711893600000,9.673,9.701,9.648,9.687,205595.073924
1711897200000,9.685,9.754,9.645,9.702,139443.972371
1711900800000,9.703,9.749,9.66,9.672,101156.136082
1711904400000,9.671,9.709,9.664,9.68,48040.744908
1711908000000,9.677,9.782,9.662,9.736,102141.661312
1711911600000,9.738,9.777,9.687,9.777,43380.859954
1711915200000,9.775,9.868,9.775,9.858,234955.210642
1711918800000,9.858,9.986,9.827,9.853,243000.20087
1711922400000,9.853,9.913,9.809,9.886,143248.044851
1711926000000,9.887,9.978,9.852,9.958,171106.516184
1711929600000,9.961,10.178,9.958,10.154,558274.713508
1711933200000,10.156,10.403,10.137,10.22,810111.105455
1711936800000,10.218,10.265,10.121,10.146,366649.316771
1711940400000,10.145,10.173,10.082,10.1,273498.580545
1711944000000,10.098,10.118,9.996,10.005,276799.801348
1711947600000,10.005,10.077,9.43,9.573,1526611.211402
1711951200000,9.577,9.771,9.523,9.684,582274.916449
1711954800000,9.685,9.81,9.664,9.776,272667.610117
1711958400000,9.774,9.804,9.602,9.653,268344.875974
1711962000000,9.655,9.747,9.567,9.593,291845.181047
1711965600000,9.592,9.63,9.545,9.602,180529.235354
1711969200000,9.601,9.672,9.501,9.523,226937.494525
1711972800000,9.523,9.65,9.509,9.642,151801.498857
1711976400000,9.64,9.708,9.564,9.637,178081.826076
1711980000000,9.64,9.661,9.215,9.29,649232.172233
1711983600000,9.284,9.332,9.068,9.141,896257.220488
1711987200000,9.143,9.253,9.116,9.125,396463.233597
1711990800000,9.125,9.183,9.04,9.173,346567.818321
1711994400000,9.17,9.177,9.067,9.168,173721.610966
1711998000000,9.169,9.341,9.148,9.337,203900.998342
1712001600000,9.341,9.379,9.305,9.373,74632.229811
1712005200000,9.371,9.371,9.325,9.349,116665.548541
1712008800000,9.35,9.428,9.345,9.389,239503.847247
1712012400000,9.389,9.441,9.36,9.381,137162.304638
1712016000000,9.38,9.38,9.196,9.237,221809.537493
1712019600000,9.238,9.337,9.21,9.28,149193.098628
1712023200000,9.277,9.277,8.667,8.853,1809231.010056
1712026800000,8.855,8.91,8.755,8.807,566648.683204
1712030400000,8.803,8.898,8.786,8.828,212922.918129
1712034000000,8.825,8.868,8.707,8.86,269052.378545
1712037600000,8.861,8.943,8.841,8.915,327112.251563
1712041200000,8.915,8.917,8.786,8.798,128167.844422
1712044800000,8.799,8.838,8.633,8.656,302476.830533
1712048400000,8.656,8.754,8.564,8.706,440760.123224
1712052000000,8.704,8.72,8.582,8.649,214314.620838
1712055600000,8.646,8.673,8.494,8.649,422886.014431
1712059200000,8.646,8.697,8.587,8.616,226818.101113
1712062800000,8.618,8.645,8.466,8.578,305336.748837
1712066400000,8.578,8.826,8.57,8.721,374267.536179
1712070000000,8.721,8.779,8.592,8.619,364071.746392
1712073600000,8.621,8.737,8.56,8.68,321407.770871
1712077200000,8.685,8.707,8.616,8.669,111586.246079
1712080800000,8.67,8.711,8.617,8.676,73782.615415
1712084400000,8.677,8.75,8.673,8.711,53562.668408
1712088000000,8.704,8.745,8.644,8.67,93836.693345
1712091600000,8.669,8.699,8.586,8.627,92208.746562
1712095200000,8.628,8.711,8.603,8.699,66341.908317
1712098800000,8.696,8.7,8.543,8.58,161342.399749
1712102400000,8.58,8.639,8.294,8.533,568828.19492
1712106000000,8.533,8.707,8.43,8.678,316616.778408
1712109600000,8.677,8.714,8.619,8.65,232546.945914
1712113200000,8.651,8.7,8.603,8.686,112161.584214
1712116800000,8.686,8.746,8.663,8.716,152041.623665
1712120400000,8.723,8.728,8.603,8.652,102705.563313
1712124000000,8.648,8.723,8.642,8.688,135610.48784
1712127600000,8.688,8.688,8.618,8.664,210965.799353
1712131200000,8.664,8.765,8.604,8.729,175838.669058
1712134800000,8.726,8.794,8.72,8.762,211690.408591
1712138400000,8.763,8.763,8.639,8.668,130747.785689
1712142000000,8.666,8.745,8.581,8.71,373179.880959
1712145600000,8.71,8.745,8.637,8.678,111248.858038
1712149200000,8.675,8.712,8.601,8.649,123802.541063
1712152800000,8.653,8.794,8.653,8.745,257459.926568
1712156400000,8.745,8.752,8.505,8.516,477515.659329
1712160000000,8.516,8.597,8.493,8.52,194799.243318
1712163600000,8.52,8.545,8.345,8.405,209989.270203
1712167200000,8.403,8.467,8.291,8.456,158894.633982
1712170800000,8.458,8.487,8.415,8.465,70127.232044
1712174400000,8.468,8.471,8.361,8.385,45575.883502
1712178000000,8.381,8.462,8.256,8.428,143809.957046
1712181600000,8.429,8.464,8.396,8.446,85204.602229
1712185200000,8.44,8.479,8.417,8.422,104163.637785
1712188800000,8.419,8.564,8.395,8.547,125221.953528
1712192400000,8.55,8.585,8.47,8.503,100281.079829
1712196000000,8.502,8.516,8.367,8.413,150068.134905
1712199600000,8.41,8.423,8.298,8.32,154549.643099
1712203200000,8.321,8.359,8.208,8.347,354081.525314
1712206800000,8.347,8.392,8.299,8.33,205353.662819
1712210400000,8.33,8.388,8.327,8.388,159242.389708
1712214000000,8.385,8.493,8.357,8.438,345694.829008
1712217600000,8.437,8.515,8.422,8.494,106081.741417
1712221200000,8.495,8.533,8.486,8.503,93613.325715
1712224800000,8.502,8.539,8.467,8.497,100360.880562
1712228400000,8.501,8.571,8.456,8.518,215161.706767
1712232000000,8.516,8.716,8.503,8.645,266821.533786
1712235600000,8.645,8.778,8.613,8.723,308891.204332
1712239200000,8.719,8.76,8.682,8.715,173633.801295
1712242800000,8.72,8.72,8.648,8.679,78258.050269
1712246400000,8.682,8.803,8.654,8.718,191296.337351
1712250000000,8.717,8.818,8.698,8.798,102111.002455
1712253600000,8.798,8.839,8.681,8.69,93589.228552
1712257200000,8.688,8.727,8.649,8.669,47487.462191
1712260800000,8.669,8.675,8.484,8.592,166869.149958
1712264400000,8.589,8.613,8.51,8.55,44961.055418
1712268000000,8.56,8.64,8.513,8.579,51760.497448
1712271600000,8.578,8.641,8.562,8.634,60143.049189
1712275200000,8.635,8.656,8.561,8.64,70460.985238
1712278800000,8.639,8.639,8.494,8.523,106740.778238
1712282400000,8.524,8.538,8.346,8.407,219427.868414
1712286000000,8.4,8.539,8.396,8.534,101531.736345
1712289600000,8.532,8.535,8.388,8.432,144254.617926
1712293200000,8.426,8.456,8.263,8.409,372598.562203
1712296800000,8.41,8.446,8.35,8.37,111613.362036
1712300400000,8.371,8.39,8.3,8.364,120055.477163
1712304000000,8.364,8.474,8.343,8.373,100510.944958
1712307600000,8.377,8.377,8.231,8.272,214515.318011
1712311200000,8.271,8.303,8.172,8.271,185941.671384
1712314800000,8.272,8.277,8.153,8.171,200434.385601
1712318400000,8.172,8.284,8.099,8.278,431604.722052
1712322000000,8.279,8.343,8.231,8.318,212356.265132
1712325600000,8.318,8.433,8.28,8.402,189382.412809
1712329200000,8.401,8.468,8.34,8.458,153500.185894
1712332800000,8.458,8.489,8.367,8.408,175892.629222
1712336400000,8.404,8.41,8.346,8.363,112317.522701
1712340000000,8.365,8.421,8.326,8.414,39880.187179
1712343600000,8.421,8.474,8.399,8.401,60114.810935
1712347200000,8.402,8.47,8.398,8.428,25750.724634
1712350800000,8.427,8.444,8.391,8.404,23352.988093
1712354400000,8.406,8.425,8.379,8.388,19457.271962
1712358000000,8.391,8.419,8.387,8.388,30783.232183
1712361600000,8.392,8.483,8.34,8.47,84281.459995
1712365200000,8.472,8.533,8.453,8.464,117893.77681
1712368800000,8.463,8.519,8.437,8.496,111356.853915
1712372400000,8.498,8.548,8.483,8.53,76694.647216
1712376000000,8.531,8.56,8.503,8.546,72499.862873
1712379600000,8.547,8.608,8.538,8.577,76303.319919
1712383200000,8.575,8.61,8.539,8.606,39821.21189
1712386800000,8.607,8.614,8.558,8.569,62361.974115
1712390400000,8.572,8.674,8.561,8.651,96742.014889
1712394000000,8.651,8.66,8.544,8.55,79830.090131
1712397600000,8.551,8.598,8.54,8.559,62923.256143
1712401200000,8.561,8.568,8.517,8.539,46336.894543
1712404800000,8.539,8.552,8.498,8.525,54805.741867
1712408400000,8.525,8.525,8.455,8.473,65339.487564
1712412000000,8.47,8.551,8.46,8.54,66334.137082
1712415600000,8.539,8.606,8.515,8.554,70669.223708
1712419200000,8.554,8.593,8.532,8.552,35254.896656
1712422800000,8.55,8.576,8.516,8.528,65685.886844
1712426400000,8.528,8.528,8.475,8.484,33498.58781
1712430000000,8.48,8.51,8.464,8.497,23265.859325
1712433600000,8.5,8.552,8.493,8.547,61029.683799
1712437200000,8.544,8.566,8.517,8.53,24807.880164
1712440800000,8.531,8.64,8.528,8.633,52611.283038
1712444400000,8.635,8.68,8.577,8.58,113407.056841
1712448000000,8.581,8.641,8.561,8.633,74213.599884
1712451600000,8.633,8.731,8.628,8.689,212493.493113
1712455200000,8.688,8.728,8.68,8.698,91940.035973
1712458800000,8.698,8.72,8.675,8.696,97001.83223
1712462400000,8.699,8.725,8.658,8.707,64972.945866
1712466000000,8.707,8.765,8.702,8.743,117567.954101
1712469600000,8.745,8.747,8.682,8.694,77133.043203
1712473200000,8.696,8.714,8.683,8.687,63256.540986
1712476800000,8.687,8.747,8.681,8.736,53380.973293
1712480400000,8.731,8.75,8.678,8.708,79001.94614
1712484000000,8.706,8.759,8.692,8.75,80858.323644
1712487600000,8.748,8.798,8.736,8.794,110600.127534
1712491200000,8.793,8.827,8.765,8.819,110920.568042
1712494800000,8.819,8.876,8.799,8.819,188109.28126
1712498400000,8.816,8.879,8.79,8.869,188301.868244
1712502000000,8.867,8.894,8.781,8.801,166193.430129
1712505600000,8.8,8.873,8.799,8.816,128163.762706
1712509200000,8.816,8.819,8.738,8.763,50017.830962
1712512800000,8.763,8.771,8.69,8.73,98660.499256
1712516400000,8.724,8.743,8.671,8.695,42493.950353
1712520000000,8.691,8.771,8.686,8.746,40023.260226
1712523600000,8.75,8.767,8.719,8.719,24886.767043
1712527200000,8.719,8.774,8.681,8.748,35937.196543
1712530800000,8.753,8.841,8.751,8.832,63409.800881
1712534400000,8.833,8.833,8.718,8.75,67295.815898
1712538000000,8.75,8.831,8.719,8.812,81559.486387
1712541600000,8.812,8.812,8.694,8.703,100351.149094
1712545200000,8.705,8.75,8.663,8.722,105043.645845
1712548800000,8.727,8.745,8.688,8.73,50657.475727
1712552400000,8.729,8.799,8.728,8.794,77206.045363
1712556000000,8.792,8.794,8.706,8.739,58730.427386
1712559600000,8.737,8.948,8.735,8.911,321772.071882
1712563200000,8.912,9.097,8.9,9.062,398633.082614
1712566800000,9.062,9.1,9.028,9.099,241672.317252
1712570400000,9.1,9.194,9.082,9.188,254220.424036
1712574000000,9.187,9.21,9.11,9.163,162004.102596
1712577600000,9.168,9.189,9.096,9.12,138067.15771
1712581200000,9.121,9.239,9.099,9.202,210702.197844
1712584800000,9.201,9.25,9.138,9.244,203674.57492
1712588400000,9.244,9.33,9.182,9.203,203017.148481
1712592000000,9.204,9.259,9.191,9.228,122449.581422
1712595600000,9.227,9.229,9.152,9.225,116020.586363
1712599200000,9.225,9.27,9.198,9.224,61006.379601
1712602800000,9.224,9.232,9.186,9.219,42066.178389
1712606400000,9.224,9.259,9.208,9.259,34802.822837
1712610000000,9.26,9.306,9.239,9.298,29503.293224
1712613600000,9.296,9.327,9.281,9.318,52282.841581
1712617200000,9.318,9.349,9.294,9.308,77008.119002
1712620800000,9.308,9.341,9.179,9.211,149565.179633
1712624400000,9.21,9.216,9.121,9.181,176404.84035
1712628000000,9.181,9.245,9.162,9.206,71555.417962
1712631600000,9.206,9.219,9.106,9.145,118193.216089
1712635200000,9.145,9.2,9.121,9.191,81801.516088
1712638800000,9.189,9.201,9.092,9.149,130480.704317
1712642400000,9.149,9.175,9,9.034,198026.752917
1712646000000,9.036,9.075,8.915,8.953,290195.019959
1712649600000,8.954,8.999,8.797,8.979,303781.994165
1712653200000,8.976,9.009,8.954,8.982,114597.078241
1712656800000,8.985,9.126,8.951,9.09,123226.827894
1712660400000,9.093,9.186,9.086,9.186,143255.186391
1712664000000,9.186,9.245,9.114,9.216,165334.474678
1712667600000,9.215,9.24,9.014,9.016,194513.535754
1712671200000,9.018,9.128,8.775,8.874,430024.039051
1712674800000,8.874,8.88,8.737,8.877,231036.956029
1712678400000,8.876,8.898,8.74,8.742,159490.077496
1712682000000,8.743,8.789,8.648,8.757,245240.58964
1712685600000,8.762,8.781,8.706,8.714,45932.491534
1712689200000,8.716,8.782,8.684,8.76,50438.422387
1712692800000,8.757,8.807,8.752,8.795,28211.233287
1712696400000,8.794,8.795,8.702,8.736,25063.44817
1712700000000,8.737,8.789,8.672,8.774,48913.094397
1712703600000,8.77,8.77,8.607,8.662,138760.848028
1712707200000,8.66,8.722,8.612,8.644,147790.7773
1712710800000,8.642,8.644,8.45,8.586,359917.205422
1712714400000,8.587,8.653,8.365,8.39,311889.471072
1712718000000,8.393,8.534,8.365,8.52,221430.530916
1712721600000,8.521,8.571,8.491,8.551,116228.60348
1712725200000,8.547,8.607,8.541,8.568,116088.190779
1712728800000,8.567,8.639,8.549,8.581,57372.983526
1712732400000,8.584,8.622,8.57,8.582,77220.584945
1712736000000,8.583,8.593,8.491,8.549,86705.982466
1712739600000,8.549,8.566,8.455,8.511,125870.428838
1712743200000,8.509,8.532,8.38,8.497,224277.538292
1712746800000,8.497,8.546,8.465,8.525,76432.959388
1712750400000,8.526,8.549,8.182,8.324,788488.87213
1712754000000,8.325,8.347,8.237,8.336,263467.590417
1712757600000,8.337,8.461,8.271,8.415,266863.803816
1712761200000,8.414,8.433,8.339,8.391,117951.287575
1712764800000,8.393,8.52,8.337,8.516,152514.819598
1712768400000,8.516,8.556,8.467,8.471,99077.781157
1712772000000,8.471,8.477,8.347,8.378,59058.374705
1712775600000,8.381,8.444,8.359,8.443,45557.482567
1712779200000,8.443,8.499,8.398,8.412,66917.393455
1712782800000,8.411,8.426,8.363,8.42,47782.168711
1712786400000,8.418,8.535,8.418,8.465,112181.751893
1712790000000,8.466,8.512,8.458,8.497,154486.32172
1712793600000,8.496,8.532,8.428,8.527,129753.570839
1712797200000,8.525,8.528,8.418,8.43,128242.87043
1712800800000,8.43,8.567,8.418,8.535,122533.416822
1712804400000,8.533,8.57,8.49,8.539,102730.562016
1712808000000,8.541,8.547,8.461,8.509,55810.574639
1712811600000,8.509,8.532,8.492,8.518,64361.433575
1712815200000,8.52,8.547,8.474,8.542,73685.91157
1712818800000,8.539,8.605,8.532,8.542,130885.908325
1712822400000,8.54,8.592,8.519,8.56,78839.275719
1712826000000,8.562,8.572,8.362,8.372,227973.189022
1712829600000,8.373,8.401,8.288,8.306,197226.11533
1712833200000,8.304,8.306,8.122,8.159,412267.230724
1712836800000,8.159,8.275,8.139,8.222,436011.090901
1712840400000,8.221,8.273,8.05,8.13,441127.165234
1712844000000,8.13,8.142,8.018,8.072,475920.101946
1712847600000,8.072,8.14,8.064,8.111,288068.924254
1712851200000,8.112,8.14,7.984,8.09,388531.870548
1712854800000,8.092,8.168,8.086,8.09,183535.678748
1712858400000,8.089,8.097,7.971,8.006,245265.322235
1712862000000,8.007,8.06,7.963,8.041,50217.243264
1712865600000,8.041,8.108,8.031,8.091,59476.426686
1712869200000,8.092,8.092,8.012,8.035,70511.114011
1712872800000,8.037,8.069,8.015,8.051,50842.695619
1712876400000,8.05,8.075,8,8.052,97273.559326
1712880000000,8.052,8.139,8.047,8.135,160182.505508
1712883600000,8.134,8.146,8.08,8.098,127847.837362
1712887200000,8.097,8.184,8.087,8.144,118294.42524
1712890800000,8.146,8.189,8.145,8.186,127781.857261
1712894400000,8.189,8.219,8.168,8.189,98821.689033
1712898000000,8.191,8.201,8.159,8.177,73122.93052
1712901600000,8.176,8.179,8.113,8.138,99806.997638
1712905200000,8.138,8.144,8.05,8.079,112738.198978
1712908800000,8.078,8.112,8.049,8.081,224504.163147
1712912400000,8.082,8.103,8.045,8.074,79419.288325
1712916000000,8.076,8.109,8.045,8.101,98266.889858
1712919600000,8.104,8.153,8.095,8.122,91598.227367
1712923200000,8.124,8.126,7.986,8.033,227469.582474
1712926800000,8.03,8.031,7.794,7.862,573765.337393
1712930400000,7.862,7.909,7.811,7.83,265280.30681
1712934000000,7.831,7.853,7.78,7.812,144199.941022
1712937600000,7.809,7.861,7.684,7.757,383581.288829
1712941200000,7.756,7.775,7,7.289,2520754.211283
1712944800000,7.284,7.333,5.157,6.25,5861827.865622
1712948400000,6.252,6.47,6.168,6.353,1676807.85357
1712952000000,6.356,6.488,6.326,6.464,622350.349647
1712955600000,6.467,6.577,6.391,6.577,515231.936056
1712959200000,6.577,6.603,6.463,6.545,524613.320289
1712962800000,6.545,6.655,6.488,6.607,623828.902514
1712966400000,6.605,6.606,6.517,6.55,313865.564133
1712970000000,6.551,6.554,6.32,6.349,484573.449434
1712973600000,6.344,6.483,6.342,6.461,365983.037328
1712977200000,6.46,6.603,6.431,6.55,239538.369631
1712980800000,6.553,6.715,6.515,6.651,508023.043827
1712984400000,6.651,6.681,6.589,6.59,303525.851956
1712988000000,6.592,6.717,6.592,6.694,209764.049285
1712991600000,6.695,6.73,6.624,6.647,234431.651907
1712995200000,6.649,6.675,6.601,6.605,229023.249355
1712998800000,6.605,6.7,6.587,6.613,319169.825005
1713002400000,6.612,6.658,6.586,6.638,178208.497872
1713006000000,6.638,6.71,6.578,6.598,223784.199002
1713009600000,6.596,6.7,6.557,6.636,238124.161514
1713013200000,6.636,6.698,6.618,6.643,186441.566674
1713016800000,6.643,6.674,6.566,6.598,250711.622751
1713020400000,6.599,6.698,6.569,6.594,347628.391584
1713024000000,6.594,6.612,6.306,6.336,994319.687449
1713027600000,6.334,6.34,5.899,6.003,1850155.312464
1713031200000,6,6.174,5.92,6.159,553268.026348
1713034800000,6.16,6.179,5.444,5.666,1925758.35867
1713038400000,5.67,5.723,5,5.207,4295713.680765
1713042000000,5.21,5.455,5,5.447,1068376.975194
1713045600000,5.439,5.744,5.346,5.697,1198167.004521
1713049200000,5.695,5.797,5.676,5.726,727753.477367
1713052800000,5.724,5.738,5.498,5.569,875941.667247
1713056400000,5.568,5.721,5.485,5.672,684290.33508
1713060000000,5.666,5.703,5.572,5.63,452858.412244
1713063600000,5.633,5.658,5.465,5.647,533028.575663
1713067200000,5.649,5.822,5.602,5.782,544510.200321
1713070800000,5.781,5.932,5.763,5.899,761398.451006
1713074400000,5.897,6.063,5.843,6.019,610113.999261
1713078000000,6.018,6.078,5.957,6.065,406271.796232
1713081600000,6.064,6.153,6.031,6.065,360162.709166
1713085200000,6.063,6.087,5.941,5.976,380528.403429
1713088800000,5.975,6.063,5.975,6.03,280052.663146
1713092400000,6.029,6.045,5.846,5.873,374067.994946
1713096000000,5.874,5.987,5.855,5.943,389527.262382
1713099600000,5.942,5.979,5.792,5.803,461089.760222
1713103200000,5.802,5.866,5.703,5.805,676657.751704
1713106800000,5.802,5.935,5.8,5.897,331325.300263
1713110400000,5.899,6.149,5.873,5.998,565130.093285
1713114000000,5.997,6.06,5.727,5.951,1210535.466507
1713117600000,5.948,6.097,5.922,6.009,355170.62321
1713121200000,6.01,6.049,5.904,5.92,162856.911825
1713124800000,5.921,5.965,5.772,5.796,209001.525288
1713128400000,5.795,5.85,5.773,5.833,102543.146385
1713132000000,5.835,6.177,5.833,6.161,400871.756926
1713135600000,6.161,6.246,6.144,6.155,361951.08908
1713139200000,6.155,6.162,6.047,6.075,306311.416392
1713142800000,6.075,6.135,6.013,6.114,248264.525717
1713146400000,6.116,6.122,6.01,6.047,167453.772542
1713150000000,6.044,6.097,6.017,6.056,162566.361304
1713153600000,6.056,6.088,5.95,6.055,302048.01018
1713157200000,6.056,6.214,6.053,6.198,280617.106127
1713160800000,6.197,6.538,6.17,6.475,842964.179139
1713164400000,6.478,6.507,6.393,6.413,516785.941313
1713168000000,6.413,6.458,6.355,6.37,301650.446975
1713171600000,6.371,6.424,6.321,6.384,351196.055662
1713175200000,6.385,6.474,6.371,6.444,218932.179009
1713178800000,6.447,6.468,6.303,6.309,325018.397914
1713182400000,6.309,6.368,6.291,6.339,149800.886277
1713186000000,6.34,6.398,6.256,6.288,303426.297511
1713189600000,6.287,6.336,6.034,6.05,704986.98641
1713193200000,6.049,6.141,5.971,6.122,824767.435317
1713196800000,6.122,6.167,5.976,6.006,506746.932877
1713200400000,6.008,6.117,5.852,5.935,718704.748026
1713204000000,5.931,5.974,5.758,5.763,549233.724189
1713207600000,5.76,5.971,5.675,5.926,448313.935959
1713211200000,5.928,5.971,5.839,5.853,328642.211596
1713214800000,5.853,5.959,5.806,5.952,159260.741496
1713218400000,5.953,6.035,5.901,6.035,116155.30146
1713222000000,6.034,6.04,5.978,6.008,164033.115109
1713225600000,6.009,6.018,5.857,5.923,206149.841626
1713229200000,5.924,6.061,5.891,5.946,288354.620156
1713232800000,5.943,5.993,5.878,5.972,148609.386254
1713236400000,5.969,6.009,5.837,5.894,270750.830811
1713240000000,5.895,5.939,5.715,5.815,520248.234891
1713243600000,5.81,5.964,5.78,5.935,347522.073599
1713247200000,5.936,6.044,5.912,6.008,266678.590543
1713250800000,6.005,6.08,5.986,6.031,319548.072622
1713254400000,6.03,6.047,5.996,6.026,187528.759345
1713258000000,6.024,6.084,6.009,6.03,117960.752323
1713261600000,6.03,6.048,5.791,5.941,625231.691677
1713265200000,5.941,6.085,5.911,6.055,254711.488879
1713268800000,6.055,6.055,5.942,5.964,172045.468652
1713272400000,5.964,5.991,5.801,5.9,414420.310086
1713276000000,5.897,5.983,5.811,5.817,339767.570221
1713279600000,5.819,5.865,5.718,5.745,450464.748398
1713283200000,5.742,5.9,5.699,5.888,307148.022848
1713286800000,5.889,5.992,5.845,5.91,221102.739547
1713290400000,5.908,6.015,5.869,5.997,212299.192963
1713294000000,6,6.029,5.937,5.961,117429.276347
1713297600000,5.961,6.033,5.953,6.025,48045.358416
1713301200000,6.025,6.128,6.013,6.095,131942.531519
1713304800000,6.095,6.107,6.042,6.102,103242.279717
1713308400000,6.103,6.109,6.056,6.074,103928.542856
1713312000000,6.074,6.096,5.996,6.066,151605.600247
1713315600000,6.064,6.066,5.966,6.037,127172.799978
1713319200000,6.037,6.061,5.954,5.998,133400.305379
1713322800000,5.997,6.036,5.968,6.01,168018.494595
1713326400000,6.01,6.104,5.976,6.084,126828.478179
1713330000000,6.083,6.111,5.998,6.018,179267.916681
1713333600000,6.018,6.045,5.992,6.027,108179.925875
1713337200000,6.025,6.038,5.953,6.01,186597.112625
1713340800000,6.007,6.044,5.969,6,111663.523913
1713344400000,5.999,6.039,5.989,6.014,108755.499213
1713348000000,6.014,6.018,5.921,5.936,118320.055219
1713351600000,5.937,5.96,5.845,5.858,155610.802963
1713355200000,5.857,5.886,5.79,5.846,184437.16871
1713358800000,5.846,5.938,5.839,5.886,178991.562807
1713362400000,5.886,5.887,5.687,5.772,637558.637427
1713366000000,5.771,5.786,5.625,5.672,695165.190845
1713369600000,5.673,5.775,5.603,5.683,488350.80986
1713373200000,5.682,5.853,5.674,5.833,153907.427142
1713376800000,5.835,6.013,5.818,5.96,305552.710853
1713380400000,5.959,5.967,5.85,5.902,126050.115486
1713384000000,5.901,5.936,5.801,5.809,53627.385557
1713387600000,5.813,5.963,5.812,5.905,63755.105838
1713391200000,5.907,5.928,5.871,5.913,53684.273804
1713394800000,5.912,5.94,5.83,5.846,77028.480713
1713398400000,5.845,5.893,5.71,5.843,194574.2162
1713402000000,5.844,5.927,5.833,5.902,171074.445963
1713405600000,5.903,5.944,5.867,5.924,82971.12827
1713409200000,5.926,5.994,5.921,5.936,137807.601827
1713412800000,5.937,5.959,5.892,5.904,59794.388587
1713416400000,5.908,5.949,5.858,5.865,79455.572477
1713420000000,5.868,5.886,5.75,5.809,216189.099501
1713423600000,5.81,5.849,5.751,5.793,142437.623744
1713427200000,5.796,5.862,5.73,5.83,165845.729873
1713430800000,5.829,5.876,5.804,5.859,101873.343856
1713434400000,5.854,5.868,5.813,5.855,138424.837225
1713438000000,5.856,5.98,5.854,5.912,303564.813653
1713441600000,5.912,5.932,5.786,5.864,198151.096886
1713445200000,5.864,5.904,5.814,5.885,151264.813273
1713448800000,5.886,6.026,5.849,5.993,409120.022042
1713452400000,5.997,6.05,5.95,6,258998.474468
1713456000000,6.002,6.056,5.967,5.992,200885.357502
1713459600000,5.99,6.006,5.897,5.902,97842.584728
1713463200000,5.905,5.949,5.85,5.94,103205.663173
1713466800000,5.94,6.01,5.926,6.003,57684.138644
1713470400000,6.005,6.019,5.966,6.001,77100.191002
1713474000000,6.003,6.032,5.974,5.994,46215.831373
1713477600000,5.995,6.037,5.97,6.021,69535.809324
1713481200000,6.021,6.041,5.987,5.996,56869.452873
1713484800000,5.998,5.998,5.914,5.916,131989.793969
1713488400000,5.915,5.919,5.68,5.711,749472.710109
1713492000000,5.707,5.739,5.533,5.695,620079.26034
1713495600000,5.695,5.823,5.68,5.765,305847.003888
1713499200000,5.766,5.9,5.762,5.843,235772.611849
1713502800000,5.843,5.862,5.763,5.803,123118.193859
1713506400000,5.804,6.167,5.77,6.148,603861.623113
1713510000000,6.148,6.213,6.034,6.08,487150.261141
1713513600000,6.082,6.163,6.064,6.153,301029.256468
1713517200000,6.153,6.232,6.11,6.206,436777.553645
1713520800000,6.207,6.268,6.186,6.244,156328.28606
1713524400000,6.244,6.287,6.208,6.24,183831.626959
1713528000000,6.24,6.264,6.157,6.177,294828.121726
1713531600000,6.171,6.193,6.114,6.171,204923.217363
1713535200000,6.171,6.189,6.06,6.142,188326.2076
1713538800000,6.14,6.229,6.133,6.192,172287.68705
1713542400000,6.189,6.217,6.088,6.174,171811.622457
1713546000000,6.174,6.257,6.147,6.222,120065.849129
1713549600000,6.22,6.22,6.158,6.185,92686.642107
1713553200000,6.186,6.237,6.177,6.234,46323.053968
1713556800000,6.236,6.236,6.151,6.189,132495.474037
1713560400000,6.189,6.264,6.189,6.247,75427.344985
1713564000000,6.247,6.262,6.185,6.187,92074.563735
1713567600000,6.185,6.192,6.05,6.145,193930.235557
1713571200000,6.145,6.18,6.08,6.095,176395.377103
1713574800000,6.092,6.252,6.06,6.209,169506.648492
1713578400000,6.208,6.26,6.193,6.212,104889.061024
1713582000000,6.212,6.218,6.163,6.194,108430.71736
1713585600000,6.197,6.275,6.176,6.253,127262.093573
1713589200000,6.252,6.296,6.227,6.254,127226.007693
1713592800000,6.253,6.298,6.206,6.273,152753.221761
1713596400000,6.273,6.278,6.233,6.245,64273.320924
1713600000000,6.246,6.248,6.195,6.22,98890.475804
1713603600000,6.221,6.231,6.135,6.18,89738.216889
1713607200000,6.181,6.203,6.14,6.177,87783.408717
1713610800000,6.181,6.216,6.166,6.18,46766.238152
1713614400000,6.181,6.239,6.156,6.212,88282.130009
1713618000000,6.214,6.269,6.2,6.23,153837.318462
1713621600000,6.229,6.297,6.22,6.268,65655.405004
1713625200000,6.268,6.441,6.256,6.44,223617.160482
1713628800000,6.436,6.574,6.392,6.519,449389.563226
1713632400000,6.518,6.674,6.512,6.644,248957.864921
1713636000000,6.642,6.699,6.555,6.579,237345.81388
1713639600000,6.579,6.592,6.544,6.576,65195.476687
1713643200000,6.574,6.603,6.545,6.592,83732.635736
1713646800000,6.592,6.604,6.559,6.581,42515.214802
1713650400000,6.581,6.607,6.557,6.562,101737.266089
1713654000000,6.562,6.679,6.562,6.65,130789.777543
1713657600000,6.647,6.669,6.523,6.568,229546.988442
1713661200000,6.568,6.64,6.568,6.607,84780.99886
1713664800000,6.609,6.715,6.604,6.668,150401.931361
1713668400000,6.668,6.729,6.652,6.659,219212.537469
1713672000000,6.658,6.692,6.62,6.688,111630.103879
1713675600000,6.691,6.764,6.665,6.681,178582.977595
1713679200000,6.681,6.691,6.628,6.635,94559.54342
1713682800000,6.635,6.647,6.579,6.628,136060.972606
1713686400000,6.629,6.651,6.559,6.564,106664.108933
1713690000000,6.564,6.59,6.55,6.575,106113.999735
1713693600000,6.575,6.608,6.535,6.593,107057.059601
1713697200000,6.592,6.639,6.579,6.611,95722.569264
1713700800000,6.609,6.611,6.533,6.559,123278.220855
1713704400000,6.557,6.585,6.467,6.493,248322.451418
1713708000000,6.495,6.531,6.456,6.466,133546.924632
1713711600000,6.464,6.547,6.459,6.526,90854.658981
1713715200000,6.526,6.536,6.332,6.404,389766.688586
1713718800000,6.403,6.448,6.359,6.434,93769.520713
1713722400000,6.436,6.447,6.404,6.433,39391.594912
1713726000000,6.433,6.466,6.412,6.418,40785.506863
1713729600000,6.418,6.473,6.396,6.461,84947.453636
1713733200000,6.464,6.534,6.455,6.474,97847.650268
1713736800000,6.474,6.528,6.467,6.492,75547.483902
1713740400000,6.49,6.497,6.46,6.479,47995.200514
1713744000000,6.479,6.551,6.452,6.485,98062.292369
1713747600000,6.482,6.616,6.443,6.464,263928.817834
1713751200000,6.462,6.495,6.41,6.442,131280.844024
1713754800000,6.443,6.635,6.439,6.59,216228.816959
1713758400000,6.588,6.631,6.574,6.622,124069.218719
1713762000000,6.623,6.675,6.613,6.655,261785.099647
1713765600000,6.659,6.723,6.642,6.662,198561.974925
1713769200000,6.662,6.689,6.598,6.598,192015.42314
1713772800000,6.599,6.636,6.566,6.577,156736.402025
1713776400000,6.575,6.622,6.564,6.607,63461.83093
1713780000000,6.605,6.637,6.581,6.591,88639.35199
1713783600000,6.591,6.594,6.522,6.537,138283.664261
1713787200000,6.537,6.583,6.525,6.57,106492.63319
1713790800000,6.571,6.602,6.497,6.552,134656.233956
1713794400000,6.551,6.571,6.478,6.491,127688.43503
1713798000000,6.494,6.503,6.427,6.48,194856.553451
1713801600000,6.479,6.532,6.437,6.486,136676.796387
1713805200000,6.485,6.585,6.483,6.538,142321.448166
1713808800000,6.538,6.564,6.521,6.525,57900.229426
1713812400000,6.525,6.544,6.479,6.537,54270.059471
1713816000000,6.539,6.572,6.52,6.537,21369.386826
1713819600000,6.537,6.568,6.519,6.558,28928.511759
1713823200000,6.559,6.641,6.555,6.617,100841.459924
1713826800000,6.618,6.655,6.565,6.571,182703.167169
1713830400000,6.57,6.65,6.556,6.64,171091.718873
1713834000000,6.638,6.66,6.591,6.593,108383.653796
1713837600000,6.593,6.633,6.551,6.564,123089.796023
1713841200000,6.564,6.587,6.512,6.531,100492.402676
1713844800000,6.529,6.576,6.496,6.525,87648.913818
1713848400000,6.526,6.58,6.511,6.573,72299.890579
1713852000000,6.575,6.591,6.486,6.503,78050.908458
1713855600000,6.499,6.53,6.433,6.459,130652.768861
1713859200000,6.461,6.509,6.432,6.503,100656.449808
1713862800000,6.505,6.523,6.484,6.506,108623.25217
1713866400000,6.506,6.541,6.499,6.502,104465.052724
1713870000000,6.504,6.508,6.45,6.478,77464.165128
1713873600000,6.477,6.497,6.438,6.491,132644.771695
1713877200000,6.488,6.528,6.443,6.509,137720.939187
1713880800000,6.513,6.579,6.497,6.563,212929.608598
1713884400000,6.565,6.581,6.49,6.506,137526.417974
1713888000000,6.507,6.545,6.482,6.502,109295.977954
1713891600000,6.503,6.557,6.462,6.523,112436.276793
1713895200000,6.524,6.527,6.445,6.475,107254.507957
1713898800000,6.476,6.535,6.457,6.531,94678.670525
1713902400000,6.529,6.539,6.423,6.499,138037.712061
1713906000000,6.498,6.498,6.404,6.422,75720.902642
1713909600000,6.422,6.45,6.358,6.385,110647.399026
1713913200000,6.386,6.401,6.333,6.391,93014.403019
1713916800000,6.389,6.441,6.371,6.425,136368.197816
1713920400000,6.427,6.479,6.421,6.427,131461.076334
1713924000000,6.427,6.433,6.311,6.348,160755.0642
1713927600000,6.347,6.382,6.321,6.352,133587.565565
1713931200000,6.355,6.47,6.343,6.459,152103.94132
1713934800000,6.46,6.488,6.413,6.452,138329.883983
1713938400000,6.453,6.463,6.396,6.446,233491.112237
1713942000000,6.447,6.502,6.44,6.451,154072.391841
1713945600000,6.452,6.501,6.439,6.45,69681.921395
1713949200000,6.452,6.474,6.414,6.47,131221.173776
1713952800000,6.469,6.501,6.439,6.48,163700.541341
1713956400000,6.482,6.542,6.455,6.516,210974.032919
1713960000000,6.514,6.533,6.455,6.465,138247.622708
1713963600000,6.466,6.467,6.325,6.347,288059.850592
1713967200000,6.345,6.378,6.117,6.2,850163.153259
1713970800000,6.202,6.221,6.099,6.111,427416.130548
1713974400000,6.107,6.161,6.052,6.131,401151.221816
1713978000000,6.131,6.218,6.12,6.175,94429.791061
1713981600000,6.173,6.179,6.08,6.098,160101.833258
1713985200000,6.101,6.151,6.032,6.113,208421.800282
1713988800000,6.113,6.144,6.073,6.111,89812.871569
1713992400000,6.111,6.148,6.069,6.147,57825.3078
1713996000000,6.147,6.148,6.014,6.04,140341.725836
1713999600000,6.041,6.064,5.98,6.053,224589.396138
1714003200000,6.051,6.105,6.034,6.091,92736.748627
1714006800000,6.088,6.123,5.989,5.99,119956.911725
1714010400000,5.988,6.045,5.933,6.026,198402.112726
1714014000000,6.026,6.055,5.968,5.994,127709.654869
1714017600000,5.994,6.005,5.874,5.994,284244.722136
1714021200000,5.994,6.027,5.95,6,59588.285274
1714024800000,5.999,6.027,5.974,5.987,38602.729456
1714028400000,5.986,6.005,5.905,5.93,110997.556082
1714032000000,5.93,5.988,5.922,5.957,262025.521715
1714035600000,5.956,5.998,5.924,5.942,110696.2408
1714039200000,5.941,5.942,5.799,5.87,423306.409967
1714042800000,5.868,5.937,5.86,5.907,69812.374094
1714046400000,5.908,5.979,5.85,5.882,601464.560094
1714050000000,5.886,5.93,5.825,5.909,187574.510614
1714053600000,5.912,5.968,5.897,5.927,191836.598392
1714057200000,5.926,6.047,5.913,6.033,274069.752114
1714060800000,6.031,6.05,5.987,6.032,86978.56897
1714064400000,6.034,6.075,6.002,6.032,86031.44579
1714068000000,6.032,6.042,5.992,6.031,51723.336209
1714071600000,6.034,6.043,6.001,6.03,26863.45244
1714075200000,6.033,6.068,6.007,6.058,40855.870318
1714078800000,6.059,6.107,6.039,6.043,47770.426357
1714082400000,6.043,6.045,5.989,5.996,45172.216592
1714086000000,5.993,6.015,5.975,5.996,49375.473832
1714089600000,5.996,6.005,5.88,5.921,180915.904229
1714093200000,5.921,5.963,5.826,5.935,239989.053765
1714096800000,5.934,5.989,5.924,5.959,48175.003757
1714100400000,5.958,5.983,5.917,5.923,84813.188067
1714104000000,5.922,5.961,5.881,5.924,146991.143088
1714107600000,5.924,5.994,5.916,5.993,49212.120169
1714111200000,5.992,5.995,5.946,5.981,67897.40059
1714114800000,5.98,6,5.943,5.954,77465.176236
1714118400000,5.954,5.996,5.947,5.976,61737.365592
1714122000000,5.975,6.012,5.962,5.987,94130.326582
1714125600000,5.986,6.007,5.93,5.943,81070.978837
1714129200000,5.943,5.98,5.943,5.971,56134.881466
1714132800000,5.971,6.04,5.951,6,98482.449464
1714136400000,5.998,6.077,5.911,6.052,204232.618303
1714140000000,6.051,6.115,5.99,6.021,322571.483031
1714143600000,6.021,6.038,5.937,5.997,246520.910864
1714147200000,5.998,6.015,5.935,5.973,87006.355437
1714150800000,5.975,6.043,5.962,6.036,103165.798372
1714154400000,6.037,6.055,6.017,6.034,36417.168192
1714158000000,6.033,6.065,6.018,6.043,32516.867608
1714161600000,6.043,6.091,6.043,6.059,37704.381469
1714165200000,6.06,6.075,6.03,6.067,22547.509086
1714168800000,6.069,6.069,5.964,5.983,49763.343921
1714172400000,5.982,6.012,5.982,6.006,28830.682402
1714176000000,6.005,6.024,5.891,5.95,185514.445804
1714179600000,5.954,5.957,5.708,5.783,713200.04847
1714183200000,5.783,5.88,5.756,5.833,270149.247746
1714186800000,5.831,5.869,5.825,5.841,60318.615792
1714190400000,5.84,5.868,5.821,5.846,69480.036519
1714194000000,5.847,5.85,5.804,5.836,75836.279725
1714197600000,5.836,5.867,5.801,5.818,96530.370622
1714201200000,5.818,5.844,5.787,5.793,64276.597281
1714204800000,5.793,5.807,5.753,5.789,97471.077588
1714208400000,5.787,5.82,5.774,5.803,76540.830466
1714212000000,5.804,5.804,5.698,5.72,162613.143701
1714215600000,5.719,5.751,5.667,5.719,138661.98095
1714219200000,5.719,5.79,5.7,5.771,130538.008931
1714222800000,5.773,5.831,5.761,5.824,87175.557373
1714226400000,5.825,5.852,5.799,5.815,164887.835382
1714230000000,5.815,5.83,5.759,5.775,97979.80719
1714233600000,5.775,5.8,5.75,5.768,123551.534403
1714237200000,5.769,5.949,5.75,5.941,483540.622437
1714240800000,5.941,5.985,5.843,5.91,155791.875873
1714244400000,5.912,5.925,5.877,5.921,52853.517049
1714248000000,5.923,5.933,5.888,5.924,43744.452761
1714251600000,5.923,5.942,5.892,5.926,34205.284621
1714255200000,5.928,5.946,5.904,5.914,25396.45
1714258800000,5.917,5.955,5.914,5.924,58899.382144
1714262400000,5.924,5.962,5.909,5.955,51604.88736
1714266000000,5.955,5.998,5.925,5.978,95643.375065
1714269600000,5.98,6.072,5.965,6.043,175384.89377
1714273200000,6.046,6.072,6.012,6.02,81895.104234
1714276800000,6.018,6.023,5.977,5.988,181921.902952
1714280400000,5.988,6.013,5.985,6.001,63403.686792
1714284000000,6.001,6.038,5.986,6.024,84344.910911
1714287600000,6.025,6.052,6.005,6.02,77102.464058
1714291200000,6.021,6.034,5.96,5.974,119320.082981
1714294800000,5.975,5.998,5.949,5.971,65442.895053
1714298400000,5.968,5.987,5.926,5.981,66868.49078
1714302000000,5.981,5.985,5.928,5.942,69849.141644
1714305600000,5.94,5.983,5.937,5.977,58911.968284
1714309200000,5.975,6.032,5.968,6.02,74496.685068
1714312800000,6.021,6.05,5.991,6.037,136175.106722
1714316400000,6.037,6.063,6.028,6.044,112705.95445
1714320000000,6.044,6.084,6.038,6.071,86605.011789
1714323600000,6.068,6.109,6.067,6.093,91655.187041
1714327200000,6.093,6.128,6.067,6.109,46813.674087
1714330800000,6.109,6.118,6.081,6.092,23165.147098
1714334400000,6.091,6.098,6.056,6.075,21555.943809
1714338000000,6.073,6.079,6.039,6.045,18797.640118
1714341600000,6.046,6.058,5.95,5.965,122909.520096
1714345200000,5.963,5.965,5.86,5.899,154676.764862
1714348800000,5.901,5.952,5.885,5.943,71403.375255
1714352400000,5.943,5.992,5.919,5.979,76130.745468
1714356000000,5.98,5.982,5.858,5.893,150193.636813
1714359600000,5.89,5.91,5.805,5.811,168131.80879
1714363200000,5.81,5.891,5.784,5.883,107364.264451
1714366800000,5.88,5.894,5.836,5.893,68090.311026
1714370400000,5.894,5.894,5.735,5.784,267150.106363
1714374000000,5.783,5.818,5.761,5.807,129820.985945
1714377600000,5.807,5.814,5.745,5.79,86421.301682
1714381200000,5.79,5.926,5.766,5.902,259482.790934
1714384800000,5.902,5.935,5.876,5.897,156999.259078
1714388400000,5.896,5.924,5.886,5.905,160933.195004
1714392000000,5.904,5.96,5.839,5.863,273004.340936
1714395600000,5.863,5.88,5.727,5.761,336035.287218
1714399200000,5.763,5.856,5.745,5.848,233685.088646
1714402800000,5.852,5.878,5.82,5.851,90429.163626
1714406400000,5.853,5.858,5.797,5.813,77622.234263
1714410000000,5.813,5.862,5.811,5.849,110603.749049
1714413600000,5.849,5.854,5.794,5.818,33973.812337
1714417200000,5.816,5.821,5.773,5.819,48065.719779
1714420800000,5.821,5.85,5.788,5.801,27924.945658
1714424400000,5.802,5.808,5.75,5.794,49772.275498
1714428000000,5.794,5.918,5.787,5.909,83992.847658
1714431600000,5.909,5.976,5.909,5.921,140543.060971
1714435200000,5.92,5.996,5.895,5.973,93381.40529
1714438800000,5.974,5.98,5.874,5.878,102209.619242
1714442400000,5.879,5.929,5.815,5.913,119004.299447
1714446000000,5.913,5.934,5.89,5.908,41872.849934
1714449600000,5.908,5.923,5.876,5.889,48128.341684
1714453200000,5.888,5.904,5.847,5.872,77353.455096
1714456800000,5.873,5.913,5.862,5.902,38489.045865
1714460400000,5.904,5.925,5.874,5.877,38443.478331
1714464000000,5.877,5.899,5.629,5.68,530534.477379
1714467600000,5.681,5.771,5.656,5.725,1449743.820178
1714471200000,5.724,5.749,5.668,5.7,256320.742514
1714474800000,5.701,5.701,5.575,5.611,420319.956672
1714478400000,5.608,5.64,5.482,5.565,464553.812993
1714482000000,5.564,5.586,5.487,5.519,189605.446926
1714485600000,5.519,5.645,5.505,5.625,224965.556805
1714489200000,5.625,5.68,5.548,5.586,221072.773349
1714492800000,5.584,5.585,5.433,5.525,588528.905802
1714496400000,5.523,5.547,5.477,5.52,75682.749066
1714500000000,5.52,5.553,5.495,5.552,175183.807255
1714503600000,5.552,5.582,5.463,5.504,179591.397475
1714507200000,5.505,5.604,5.504,5.579,101598.293389
1714510800000,5.582,5.606,5.571,5.586,44922.611895
1714514400000,5.587,5.686,5.576,5.625,141933.195885
1714518000000,5.626,5.649,5.59,5.624,59911.278233
1714521600000,5.624,5.645,5.559,5.572,105336.496337
1714525200000,5.571,5.641,5.532,5.625,155299.336138
1714528800000,5.622,5.631,5.541,5.616,140377.274647
1714532400000,5.615,5.63,5.583,5.613,82455.512852
1714536000000,5.613,5.639,5.601,5.624,99486.66179
1714539600000,5.626,5.643,5.588,5.6,64774.494144
1714543200000,5.6,5.605,5.507,5.51,213441.914066
1714546800000,5.512,5.523,5.241,5.337,1151181.228095
1714550400000,5.336,5.35,5.211,5.323,667907.459174
1714554000000,5.32,5.376,5.303,5.333,175357.445689
1714557600000,5.333,5.352,5.304,5.352,187778.222166
1714561200000,5.353,5.366,5.312,5.365,75518.225473
1714564800000,5.364,5.434,5.344,5.42,142248.28507
1714568400000,5.419,5.428,5.355,5.407,184889.754436
1714572000000,5.407,5.457,5.373,5.451,306721.368814
1714575600000,5.449,5.453,5.358,5.382,157308.111604
1714579200000,5.38,5.449,5.346,5.399,171346.385407
1714582800000,5.399,5.507,5.363,5.488,129769.787638
1714586400000,5.489,5.782,5.489,5.736,638776.88434
1714590000000,5.739,5.78,5.551,5.58,421775.144546
1714593600000,5.583,5.652,5.543,5.623,135528.601339
1714597200000,5.623,5.686,5.604,5.665,62131.220521
1714600800000,5.666,5.695,5.658,5.675,75573.721083
1714604400000,5.673,5.744,5.662,5.715,197173.630493
1714608000000,5.715,5.727,5.624,5.638,128642.446285
1714611600000,5.637,5.664,5.544,5.61,285642.797726
1714615200000,5.611,5.647,5.598,5.621,116841.572013
1714618800000,5.623,5.672,5.618,5.645,129748.648397
1714622400000,5.645,5.693,5.635,5.654,119897.545102
1714626000000,5.653,5.666,5.608,5.658,132551.029074
1714629600000,5.658,5.69,5.636,5.647,122024.370043
1714633200000,5.645,5.691,5.63,5.63,132344.03205
1714636800000,5.631,5.713,5.62,5.706,129448.251852
1714640400000,5.709,5.715,5.664,5.696,178536.49461
1714644000000,5.696,5.752,5.685,5.728,225954.28477
1714647600000,5.728,5.794,5.724,5.764,293483.547429
1714651200000,5.766,5.814,5.741,5.746,175838.800949
1714654800000,5.745,5.76,5.685,5.703,128535.784393
1714658400000,5.703,5.779,5.672,5.763,132499.648109
1714662000000,5.762,5.806,5.751,5.785,121799.151026
1714665600000,5.786,5.835,5.76,5.808,115635.537786
1714669200000,5.81,5.886,5.81,5.885,138533.75554
1714672800000,5.883,5.939,5.836,5.908,212406.96873
1714676400000,5.908,5.949,5.893,5.949,67400.632712
1714680000000,5.949,5.99,5.878,5.923,125747.511094
1714683600000,5.925,5.996,5.919,5.992,68174.319493
1714687200000,5.993,6.028,5.985,5.997,116491.849922
1714690800000,5.996,6,5.927,5.928,56752.279179
1714694400000,5.928,5.948,5.891,5.902,129484.177913
1714698000000,5.903,6.001,5.898,5.966,95812.980849
1714701600000,5.964,6.015,5.924,5.931,82561.201089
1714705200000,5.931,5.967,5.923,5.942,44209.779435
1714708800000,5.94,5.965,5.911,5.925,55015.353104
1714712400000,5.926,5.947,5.904,5.917,69468.478783
1714716000000,5.918,5.927,5.864,5.873,166357.273857
1714719600000,5.873,5.896,5.844,5.864,89985.151289
1714723200000,5.865,5.902,5.86,5.885,48613.8557
1714726800000,5.886,5.934,5.88,5.912,33679.916755
1714730400000,5.911,5.912,5.831,5.859,86970.825857
1714734000000,5.86,5.892,5.847,5.878,65028.540407
1714737600000,5.879,6.068,5.866,6.022,317363.816371
1714741200000,6.024,6.102,6.017,6.069,345838.026797
1714744800000,6.069,6.093,6.034,6.034,180801.39844
1714748400000,6.034,6.075,6.015,6.053,104651.735509
1714752000000,6.055,6.075,6.023,6.034,84801.227968
1714755600000,6.033,6.071,6.014,6.059,60071.640858
1714759200000,6.058,6.073,6.04,6.048,22906.562514
1714762800000,6.048,6.059,6.011,6.056,35378.988178
1714766400000,6.056,6.142,6.046,6.102,185982.035738
1714770000000,6.103,6.122,6.067,6.09,55760.353663
1714773600000,6.09,6.093,6.062,6.067,55520.254327
1714777200000,6.068,6.097,6.03,6.045,115580.91904
1714780800000,6.044,6.084,6.032,6.068,134098.220372
1714784400000,6.066,6.104,6.036,6.037,89627.929445
1714788000000,6.036,6.046,6.004,6.031,134280.389234
1714791600000,6.031,6.054,6.021,6.05,61475.715595
1714795200000,6.051,6.078,6.031,6.072,89225.880947
1714798800000,6.075,6.076,6.037,6.05,102154.611355
1714802400000,6.049,6.05,6.005,6.02,159281.667105
1714806000000,6.019,6.057,5.99,6.021,245995.557988
1714809600000,6.02,6.125,6.017,6.089,180661.836354
1714813200000,6.089,6.093,6.07,6.076,47289.210694
1714816800000,6.076,6.194,6.066,6.19,157057.649589
1714820400000,6.188,6.213,6.093,6.123,217547.192401
1714824000000,6.122,6.189,6.109,6.185,108274.161964
1714827600000,6.186,6.189,6.101,6.137,176228.196683
1714831200000,6.137,6.158,6.106,6.148,77784.832298
1714834800000,6.148,6.161,6.105,6.136,112394.590333
1714838400000,6.136,6.139,6.073,6.134,201112.997714
1714842000000,6.135,6.135,6.055,6.092,81282.711602
1714845600000,6.092,6.154,6.084,6.129,44384.333739
1714849200000,6.129,6.16,6.117,6.152,34058.417343
1714852800000,6.152,6.166,6.116,6.116,28706.97824
1714856400000,6.118,6.119,6.05,6.081,67070.113456
1714860000000,6.082,6.09,6.057,6.059,44313.776796
1714863600000,6.06,6.073,6.04,6.058,56089.816839
1714867200000,6.056,6.077,5.994,6.041,124662.114591
1714870800000,6.04,6.056,5.954,6.005,181292.042691
1714874400000,6.006,6.028,5.982,5.983,76215.982111
1714878000000,5.984,5.997,5.946,5.977,134541.439462
1714881600000,5.977,5.996,5.969,5.988,56345.25496
1714885200000,5.988,6.002,5.95,5.961,57161.062545
1714888800000,5.96,5.995,5.947,5.979,47648.280805
1714892400000,5.978,6.025,5.972,6,87703.479172
1714896000000,6.001,6.052,5.986,6.023,85743.137183
1714899600000,6.023,6.04,5.997,6.024,49521.346532
1714903200000,6.024,6.03,5.996,6.011,36536.5839
1714906800000,6.012,6.03,5.994,6.024,56117.017378
1714910400000,6.023,6.028,5.978,5.986,96153.376394
1714914000000,5.986,6.031,5.966,6.023,110224.756972
1714917600000,6.022,6.103,5.99,6.095,139722.756554
1714921200000,6.096,6.154,6.068,6.129,222992.419785
1714924800000,6.13,6.296,6.129,6.217,411989.67048
1714928400000,6.214,6.3,6.202,6.259,165719.659378
1714932000000,6.26,6.261,6.154,6.17,133963.386978
1714935600000,6.172,6.18,6.148,6.157,31349.970922
1714939200000,6.158,6.186,6.127,6.157,81427.067185
1714942800000,6.156,6.169,6.113,6.165,40387.421744
1714946400000,6.167,6.167,6.119,6.145,49946.756925
1714950000000,6.147,6.188,6.146,6.156,109858.4257
1714953600000,6.156,6.219,6.129,6.194,128854.13842
1714957200000,6.193,6.221,6.161,6.168,124425.720861
1714960800000,6.169,6.205,6.151,6.153,76521.950681
1714964400000,6.153,6.184,6.119,6.171,74682.409938
1714968000000,6.171,6.197,6.143,6.195,90161.615059
1714971600000,6.195,6.238,6.163,6.226,150931.392141
1714975200000,6.225,6.273,6.219,6.261,400485.559362
1714978800000,6.261,6.324,6.259,6.315,211473.696177
1714982400000,6.316,6.421,6.311,6.36,407423.43905
1714986000000,6.359,6.405,6.349,6.383,125426.823759
1714989600000,6.383,6.391,6.19,6.22,322146.590987
1714993200000,6.217,6.26,6.214,6.252,193391.721232
1714996800000,6.253,6.261,6.07,6.129,376757.466077
1715000400000,6.13,6.198,6.111,6.185,176684.740993
1715004000000,6.182,6.213,6.08,6.091,124273.224168
1715007600000,6.091,6.168,6.048,6.139,216931.739032
1715011200000,6.138,6.159,6.086,6.098,152372.503085
1715014800000,6.097,6.164,6.076,6.117,114215.532624
1715018400000,6.117,6.161,6.09,6.136,48312.398176
1715022000000,6.135,6.137,6.051,6.096,62035.612751
1715025600000,6.095,6.139,6.083,6.113,48813.659769
1715029200000,6.114,6.144,6.095,6.118,40819.198093
1715032800000,6.117,6.117,6.051,6.061,43532.489045
1715036400000,6.061,6.061,6.018,6.03,144636.43159
1715040000000,6.031,6.066,5.99,6.037,155339.145201
1715043600000,6.038,6.113,6.021,6.078,190356.563826
1715047200000,6.079,6.095,6.061,6.063,82441.631647
1715050800000,6.062,6.07,5.892,5.956,254823.935061
1715054400000,5.956,5.991,5.947,5.991,62323.362706
1715058000000,5.989,5.999,5.934,5.971,69146.93094
1715061600000,5.971,5.984,5.931,5.96,49041.677003
1715065200000,5.959,5.993,5.943,5.973,28688.475925
1715068800000,5.975,6.064,5.958,6.046,165431.901939
1715072400000,6.046,6.075,6.04,6.042,49704.983922
1715076000000,6.042,6.052,6.008,6.044,43361.835679
1715079600000,6.043,6.067,5.961,5.978,83494.885686
1715083200000,5.977,6.1,5.973,6.07,237992.575233
1715086800000,6.069,6.094,6.007,6.033,138800.265094
1715090400000,6.034,6.111,5.993,6.106,107813.128265
1715094000000,6.105,6.134,6,6.023,247686.933022
1715097600000,6.023,6.038,5.975,6,71866.673082
1715101200000,6.002,6.002,5.964,5.973,61807.342651
1715104800000,5.973,5.974,5.888,5.916,114667.760403
1715108400000,5.916,5.926,5.864,5.893,66037.985924
1715112000000,5.895,5.924,5.881,5.904,29064.45442
1715115600000,5.904,5.941,5.835,5.882,124146.081812
1715119200000,5.881,5.881,5.795,5.838,183328.152331
1715122800000,5.838,5.844,5.766,5.773,118410.887306
1715126400000,5.771,5.8,5.681,5.776,266584.131125
1715130000000,5.777,5.805,5.745,5.765,78252.896512
1715133600000,5.766,5.796,5.763,5.779,68602.607585
1715137200000,5.781,5.816,5.762,5.803,76093.688778
1715140800000,5.803,5.809,5.719,5.748,71920.494285
1715144400000,5.748,5.782,5.723,5.758,57930.877372
1715148000000,5.758,5.778,5.699,5.751,92431.60993
1715151600000,5.751,5.77,5.701,5.717,57228.72614
1715155200000,5.717,5.752,5.682,5.738,106325.533323
1715158800000,5.738,5.746,5.684,5.735,70165.276521
1715162400000,5.733,5.747,5.725,5.734,52476.051212
1715166000000,5.734,5.735,5.685,5.706,75846.309505
1715169600000,5.707,5.736,5.684,5.725,84429.188987
1715173200000,5.723,5.79,5.7,5.784,154957.770827
1715176800000,5.786,5.82,5.749,5.804,201527.181291
1715180400000,5.804,5.812,5.712,5.76,120558.058746
1715184000000,5.761,5.777,5.717,5.775,99702.981334
1715187600000,5.774,5.805,5.757,5.773,63804.442451
1715191200000,5.773,5.812,5.767,5.77,29242.977796
1715194800000,5.768,5.777,5.701,5.731,37026.183006
1715198400000,5.733,5.755,5.608,5.651,197805.617032
1715202000000,5.648,5.693,5.623,5.689,46168.700275
1715205600000,5.689,5.725,5.668,5.724,128212.76108
1715209200000,5.724,5.756,5.69,5.706,143978.42357
1715212800000,5.706,5.754,5.683,5.738,168384.542846
1715216400000,5.737,5.757,5.721,5.75,45396.021328
1715220000000,5.752,5.78,5.726,5.759,92025.98559
1715223600000,5.758,5.78,5.728,5.761,95236.023779
1715227200000,5.761,5.797,5.758,5.777,70161.962895
1715230800000,5.776,5.809,5.773,5.787,46175.536205
1715234400000,5.785,5.813,5.774,5.784,91313.342128
1715238000000,5.783,5.798,5.736,5.756,70985.861707
1715241600000,5.756,5.774,5.734,5.77,32935.714767
1715245200000,5.769,5.784,5.699,5.757,142225.703668
1715248800000,5.757,5.757,5.7,5.704,60519.788347
1715252400000,5.704,5.774,5.694,5.765,75820.234278
1715256000000,5.765,5.833,5.758,5.775,114343.356538
1715259600000,5.775,5.79,5.71,5.741,138980.465301
1715263200000,5.741,5.774,5.717,5.757,58553.040903
1715266800000,5.758,5.838,5.74,5.822,169038.287939
1715270400000,5.823,5.866,5.78,5.786,221328.125164
1715274000000,5.786,5.824,5.769,5.812,39389.840479
1715277600000,5.811,5.847,5.806,5.847,26532.048136
1715281200000,5.846,5.865,5.829,5.857,35213.734951
1715284800000,5.857,5.872,5.84,5.85,36476.187791
1715288400000,5.85,5.871,5.838,5.849,22890.377035
1715292000000,5.849,5.935,5.839,5.929,66508.637329
1715295600000,5.929,5.937,5.895,5.922,95102.81569
1715299200000,5.921,5.936,5.883,5.89,116826.033923
1715302800000,5.889,5.946,5.869,5.932,78659.027949
1715306400000,5.932,5.937,5.908,5.913,48615.472662
1715310000000,5.913,5.927,5.894,5.924,29232.10119
1715313600000,5.924,5.953,5.919,5.949,90927.464996
1715317200000,5.948,5.952,5.906,5.919,77400.395497
1715320800000,5.918,5.967,5.913,5.959,59637.159409
1715324400000,5.96,5.976,5.939,5.954,66020.08479
1715328000000,5.954,5.961,5.931,5.939,83610.60119
1715331600000,5.939,5.939,5.912,5.924,55322.949403
1715335200000,5.924,5.931,5.901,5.92,33831.637112
1715338800000,5.921,5.927,5.892,5.926,45066.192585
1715342400000,5.925,5.937,5.879,5.891,80868.798858
1715346000000,5.891,5.898,5.86,5.882,81184.272579
1715349600000,5.882,5.889,5.657,5.703,430647.892372
1715353200000,5.7,5.735,5.665,5.702,164535.08878
1715356800000,5.701,5.715,5.614,5.686,268660.576972
1715360400000,5.684,5.693,5.62,5.666,130978.691603
1715364000000,5.664,5.688,5.633,5.686,46430.5411
1715367600000,5.685,5.7,5.629,5.667,146056.912345
1715371200000,5.667,5.686,5.594,5.645,132280.272747
1715374800000,5.644,5.681,5.623,5.638,142851.880154
1715378400000,5.636,5.651,5.566,5.6,66360.255788
1715382000000,5.6,5.638,5.596,5.625,41286.449421
1715385600000,5.623,5.664,5.611,5.643,79877.377994
1715389200000,5.642,5.694,5.638,5.657,91360.609438
1715392800000,5.657,5.671,5.631,5.657,58369.835102
1715396400000,5.657,5.67,5.637,5.657,67123.62174
1715400000000,5.657,5.665,5.629,5.641,73422.661542
1715403600000,5.641,5.669,5.635,5.649,40467.196681
1715407200000,5.648,5.668,5.64,5.649,40362.379476
1715410800000,5.65,5.672,5.644,5.655,47666.696325
1715414400000,5.655,5.665,5.592,5.602,82298.823867
1715418000000,5.601,5.613,5.584,5.606,55751.102311
1715421600000,5.605,5.606,5.544,5.58,175792.011918
1715425200000,5.579,5.61,5.554,5.589,65343.708977
1715428800000,5.59,5.607,5.573,5.589,40744.365822
1715432400000,5.589,5.626,5.578,5.625,41666.880102
1715436000000,5.625,5.629,5.586,5.593,37953.244287
1715439600000,5.595,5.679,5.594,5.628,132639.17498
1715443200000,5.627,5.671,5.617,5.649,120372.950803
1715446800000,5.649,5.656,5.634,5.643,31690.399463
1715450400000,5.643,5.65,5.614,5.641,43722.865725
1715454000000,5.641,5.656,5.634,5.652,13569.790714
1715457600000,5.651,5.653,5.61,5.641,26511.539145
1715461200000,5.641,5.641,5.601,5.618,17134.946785
1715464800000,5.617,5.637,5.616,5.633,16320.76027
1715468400000,5.633,5.638,5.599,5.609,24966.455707
1715472000000,5.608,5.642,5.599,5.624,35008.048569
1715475600000,5.624,5.642,5.616,5.619,18404.660535
1715479200000,5.619,5.644,5.611,5.634,12607.886214
1715482800000,5.635,5.641,5.618,5.633,24747.743538
1715486400000,5.633,5.661,5.629,5.66,53146.863103
1715490000000,5.66,5.66,5.644,5.649,39973.385713
1715493600000,5.648,5.654,5.636,5.645,23444.510007
1715497200000,5.645,5.649,5.582,5.602,87900.088495
1715500800000,5.603,5.635,5.596,5.62,43599.090687
1715504400000,5.621,5.623,5.599,5.62,41953.603236
1715508000000,5.62,5.672,5.61,5.646,57100.851297
1715511600000,5.647,5.658,5.633,5.65,31214.720661
1715515200000,5.65,5.663,5.64,5.65,51497.999771
1715518800000,5.65,5.662,5.64,5.654,32077.775675
1715522400000,5.655,5.66,5.634,5.64,39499.702615
1715526000000,5.641,5.698,5.631,5.676,136598.643859
1715529600000,5.675,5.698,5.645,5.647,55182.870012
1715533200000,5.646,5.663,5.626,5.65,25893.523226
1715536800000,5.65,5.658,5.619,5.624,34920.605191
1715540400000,5.623,5.628,5.594,5.624,54607.75317
1715544000000,5.625,5.633,5.606,5.625,13576.331489
1715547600000,5.623,5.626,5.557,5.614,58003.058098
1715551200000,5.615,5.626,5.608,5.61,13683.891189
1715554800000,5.61,5.622,5.601,5.606,20783.525549
1715558400000,5.606,5.641,5.601,5.611,55171.95506
1715562000000,5.612,5.615,5.488,5.537,367648.805017
1715565600000,5.537,5.555,5.4,5.45,268486.902742
1715569200000,5.451,5.455,5.37,5.445,208720.875945
1715572800000,5.444,5.445,5.388,5.412,108484.437303
1715576400000,5.412,5.446,5.399,5.403,111402.641517
1715580000000,5.403,5.521,5.397,5.518,108025.853914
1715583600000,5.518,5.616,5.511,5.604,251251.212279
1715587200000,5.605,5.683,5.605,5.658,403522.618603
1715590800000,5.659,5.71,5.656,5.691,147811.375476
1715594400000,5.692,5.697,5.622,5.633,173602.332282
1715598000000,5.632,5.66,5.614,5.648,95815.533649
1715601600000,5.65,5.652,5.604,5.627,98641.169166
1715605200000,5.626,5.649,5.616,5.627,82303.942319
1715608800000,5.628,5.685,5.627,5.653,138023.425583
1715612400000,5.652,5.682,5.651,5.667,61122.610011
1715616000000,5.666,5.714,5.609,5.679,235033.783132
1715619600000,5.678,5.686,5.566,5.581,192135.038092
1715623200000,5.58,5.586,5.525,5.571,77362.881456
1715626800000,5.572,5.627,5.57,5.594,118968.950525
1715630400000,5.593,5.622,5.576,5.605,26950.923205
1715634000000,5.604,5.632,5.594,5.608,30511.569004
1715637600000,5.608,5.617,5.584,5.586,20597.451923
1715641200000,5.587,5.615,5.587,5.603,30607.465182
1715644800000,5.602,5.625,5.565,5.578,148440.93113
1715648400000,5.577,5.618,5.535,5.555,132285.20882
1715652000000,5.557,5.567,5.516,5.554,180746.226382
1715655600000,5.553,5.592,5.547,5.566,67724.023803
1715659200000,5.566,5.588,5.551,5.569,51417.127216
1715662800000,5.568,5.593,5.552,5.565,64959.338644
1715666400000,5.565,5.566,5.424,5.512,285588.388567
1715670000000,5.512,5.554,5.51,5.552,59957.002692
1715673600000,5.553,5.553,5.495,5.516,120820.563042
1715677200000,5.515,5.527,5.484,5.491,75167.610189
1715680800000,5.49,5.514,5.479,5.504,47713.000837
1715684400000,5.505,5.519,5.489,5.5,46204.763097
1715688000000,5.499,5.537,5.453,5.469,146177.225052
1715691600000,5.47,5.503,5.436,5.449,88434.645426
1715695200000,5.45,5.494,5.381,5.438,205925.438062
1715698800000,5.439,5.487,5.423,5.452,94398.434659
1715702400000,5.453,5.458,5.398,5.425,129750.148039
1715706000000,5.424,5.426,5.34,5.371,170899.69491
1715709600000,5.37,5.402,5.36,5.385,57186.36444
1715713200000,5.385,5.419,5.379,5.392,81418.348183
1715716800000,5.392,5.399,5.375,5.381,16366.16143
1715720400000,5.381,5.385,5.34,5.365,39525.578098
1715724000000,5.364,5.365,5.32,5.351,60410.49812
1715727600000,5.351,5.352,5.327,5.349,48955.609413
1715731200000,5.35,5.379,5.278,5.315,202926.788213
1715734800000,5.314,5.366,5.312,5.355,58039.929235
1715738400000,5.356,5.376,5.351,5.367,58395.928412
1715742000000,5.368,5.413,5.367,5.411,110909.404339
1715745600000,5.41,5.412,5.38,5.392,48908.018901
1715749200000,5.393,5.404,5.374,5.378,37434.34747
1715752800000,5.379,5.383,5.362,5.379,44029.994108
1715756400000,5.38,5.416,5.378,5.406,49931.11346
1715760000000,5.405,5.412,5.37,5.381,34755.121623
1715763600000,5.381,5.441,5.343,5.425,116825.860911
1715767200000,5.427,5.437,5.393,5.403,53937.482075
1715770800000,5.403,5.415,5.354,5.381,90929.971655
1715774400000,5.381,5.578,5.369,5.576,369870.822728
1715778000000,5.576,5.634,5.529,5.575,270739.536273
1715781600000,5.575,5.644,5.566,5.639,161691.766408
1715785200000,5.638,5.685,5.618,5.626,232761.758557
1715788800000,5.626,5.67,5.607,5.644,179835.289247
1715792400000,5.645,5.755,5.645,5.745,188196.322355
1715796000000,5.744,5.825,5.733,5.775,161012.139624
1715799600000,5.778,5.829,5.748,5.824,69127.16749
1715803200000,5.823,5.844,5.777,5.823,101438.138494
1715806800000,5.824,5.836,5.797,5.812,61912.33042
1715810400000,5.812,5.834,5.801,5.808,84850.835994
1715814000000,5.808,5.818,5.779,5.785,229715.608991
1715817600000,5.785,5.812,5.731,5.758,136655.609974
1715821200000,5.758,5.796,5.743,5.794,91865.178263
1715824800000,5.794,5.796,5.743,5.764,109423.289629
1715828400000,5.765,5.823,5.764,5.818,163994.815849
1715832000000,5.818,5.822,5.79,5.807,89459.77243
1715835600000,5.808,5.829,5.796,5.811,106611.863759
1715839200000,5.81,5.862,5.804,5.84,156741.606047
1715842800000,5.84,5.856,5.822,5.826,144780.973457
1715846400000,5.825,5.842,5.781,5.796,175125.084109
1715850000000,5.796,5.924,5.783,5.883,317741.71983
1715853600000,5.882,5.885,5.803,5.806,103443.23011
1715857200000,5.806,5.82,5.794,5.805,86079.406126
1715860800000,5.804,5.806,5.734,5.764,330187.73606
1715864400000,5.764,5.791,5.731,5.782,97167.375269
1715868000000,5.781,5.782,5.62,5.634,300671.111383
1715871600000,5.635,5.715,5.619,5.708,124204.792262
1715875200000,5.707,5.749,5.674,5.745,141405.076567
1715878800000,5.746,5.762,5.623,5.681,216885.132378
1715882400000,5.68,5.692,5.663,5.669,29129.833156
1715886000000,5.669,5.776,5.668,5.755,133663.837389
1715889600000,5.755,5.758,5.696,5.707,41115.673382
1715893200000,5.705,5.743,5.689,5.734,30139.126437
1715896800000,5.735,5.753,5.696,5.745,29364.173504
1715900400000,5.745,5.763,5.727,5.752,47404.326679
1715904000000,5.752,5.773,5.736,5.762,44583.914104
1715907600000,5.763,5.763,5.7,5.72,58258.6249
1715911200000,5.72,5.744,5.701,5.729,96299.483248
1715914800000,5.729,5.749,5.715,5.727,57414.001806
1715918400000,5.727,5.735,5.7,5.707,75637.007403
1715922000000,5.707,5.73,5.703,5.718,61440.842011
1715925600000,5.718,5.768,5.685,5.753,67416.538484
1715929200000,5.754,5.882,5.754,5.859,215316.625564
1715932800000,5.861,5.903,5.815,5.84,172756.78908
1715936400000,5.841,5.896,5.829,5.887,177085.816973
1715940000000,5.887,5.9,5.857,5.876,103472.563437
1715943600000,5.876,5.878,5.84,5.845,84069.922895
1715947200000,5.844,5.901,5.816,5.888,133867.300762
1715950800000,5.888,5.895,5.825,5.84,66223.5237
1715954400000,5.84,5.903,5.837,5.901,61741.074855
1715958000000,5.902,5.953,5.874,5.929,212353.781637
1715961600000,5.928,5.988,5.913,5.917,166912.28951
1715965200000,5.915,5.937,5.881,5.883,55956.627377
1715968800000,5.882,5.894,5.844,5.89,133248.655592
1715972400000,5.888,5.891,5.871,5.886,20107.672829
1715976000000,5.886,5.895,5.875,5.888,13394.250914
1715979600000,5.888,5.902,5.88,5.892,31915.845746
1715983200000,5.893,5.911,5.888,5.904,40966.08036
1715986800000,5.903,5.91,5.876,5.882,38880.671775
1715990400000,5.882,5.907,5.872,5.902,84461.927247
1715994000000,5.903,5.911,5.867,5.911,55850.520329
1715997600000,5.91,5.913,5.864,5.884,103711.22304
1716001200000,5.883,5.934,5.88,5.932,82561.529572
1716004800000,5.932,5.939,5.9,5.909,30818.313074
1716008400000,5.909,5.914,5.876,5.889,42848.593394
1716012000000,5.889,5.899,5.876,5.891,56366.009175
1716015600000,5.891,5.928,5.883,5.91,57657.613382
1716019200000,5.909,5.978,5.904,5.946,125455.352997
1716022800000,5.945,5.957,5.929,5.957,40121.04205
1716026400000,5.957,5.986,5.937,5.961,110755.018644
1716030000000,5.96,5.97,5.921,5.925,77554.851116
1716033600000,5.925,5.928,5.853,5.856,133773.542764
1716037200000,5.858,5.875,5.829,5.839,108624.795058
1716040800000,5.838,5.865,5.808,5.843,106825.63772
1716044400000,5.844,5.862,5.825,5.853,51016.899148
1716048000000,5.853,5.885,5.843,5.851,70637.960699
1716051600000,5.851,5.879,5.839,5.858,23482.581724
1716055200000,5.857,5.874,5.851,5.854,17593.888019
1716058800000,5.855,5.863,5.844,5.86,8201.465493
1716062400000,5.861,5.874,5.84,5.846,35016.572664
1716066000000,5.847,5.848,5.82,5.827,34792.653414
1716069600000,5.826,5.843,5.819,5.828,33655.209529
1716073200000,5.829,5.852,5.827,5.852,18452.538269
1716076800000,5.851,5.857,5.826,5.827,37775.238692
1716080400000,5.827,5.862,5.827,5.854,47509.608963
1716084000000,5.855,5.932,5.851,5.931,131409.095699
1716087600000,5.932,5.961,5.903,5.915,100883.419476
1716091200000,5.915,5.921,5.86,5.888,64090.361924
1716094800000,5.888,5.896,5.869,5.886,27762.886847
1716098400000,5.886,5.889,5.823,5.844,63206.961338
1716102000000,5.845,5.886,5.838,5.885,51615.016767
1716105600000,5.885,5.886,5.812,5.82,80639.573153
1716109200000,5.821,5.834,5.764,5.789,132266.623697
1716112800000,5.789,5.831,5.758,5.793,114564.070718
1716116400000,5.791,5.793,5.725,5.779,137752.848451
1716120000000,5.779,5.78,5.668,5.691,128357.131039
1716123600000,5.691,5.722,5.655,5.708,100097.438398
1716127200000,5.707,5.713,5.671,5.684,73874.453112
1716130800000,5.685,5.685,5.628,5.658,162486.698083
1716134400000,5.658,5.659,5.543,5.558,286050.404816
1716138000000,5.558,5.6,5.542,5.586,67278.133144
1716141600000,5.587,5.616,5.573,5.582,65256.642231
1716145200000,5.582,5.615,5.559,5.564,96868.251517
1716148800000,5.564,5.58,5.541,5.562,54955.415261
1716152400000,5.56,5.575,5.476,5.536,126623.800297
1716156000000,5.536,5.57,5.524,5.564,71442.956179
1716159600000,5.563,5.567,5.54,5.557,52829.825232
1716163200000,5.557,5.589,5.519,5.555,65519.375751
1716166800000,5.557,5.581,5.486,5.557,132478.284346
1716170400000,5.557,5.615,5.549,5.575,170407.874712
1716174000000,5.574,5.591,5.559,5.57,108054.24221
1716177600000,5.571,5.645,5.568,5.627,118393.543123
1716181200000,5.627,5.685,5.62,5.671,161628.190878
1716184800000,5.673,5.676,5.487,5.514,242411.282711
1716188400000,5.514,5.602,5.501,5.585,189293.526644
1716192000000,5.585,5.617,5.579,5.609,39196.037115
1716195600000,5.608,5.62,5.577,5.578,62574.247169
1716199200000,5.577,5.615,5.568,5.573,67130.408426
1716202800000,5.574,5.589,5.551,5.561,71536.545806
1716206400000,5.561,5.576,5.535,5.55,54537.710041
1716210000000,5.55,5.583,5.538,5.569,54354.862714
1716213600000,5.57,5.57,5.506,5.532,181149.259517
1716217200000,5.531,5.603,5.527,5.597,121216.012904
1716220800000,5.597,5.706,5.58,5.678,316922.124986
1716224400000,5.678,5.704,5.625,5.674,234109.934457
1716228000000,5.674,5.799,5.674,5.767,207758.843046
1716231600000,5.768,6.11,5.757,6.095,703950.627419
1716235200000,6.097,6.18,6.032,6.087,498889.219488
1716238800000,6.089,6.16,6.03,6.143,229459.67699
1716242400000,6.144,6.202,6.116,6.139,310020.642322
1716246000000,6.139,6.201,6.126,6.168,268329.673262
1716249600000,6.168,6.355,6.142,6.238,526118.330054
1716253200000,6.238,6.24,6.129,6.205,396317.275811
1716256800000,6.206,6.213,6.155,6.163,119848.533069
1716260400000,6.162,6.178,6.1,6.129,174340.124748
1716264000000,6.128,6.139,6.075,6.081,154897.622483
1716267600000,6.082,6.15,6.053,6.126,242993.297683
1716271200000,6.126,6.171,6.114,6.154,157049.749332
1716274800000,6.153,6.162,6.118,6.15,75118.159643
1716278400000,6.149,6.152,6.111,6.129,110617.336873
1716282000000,6.128,6.153,6.119,6.149,48732.400988
1716285600000,6.148,6.177,6.126,6.131,98688.302025
1716289200000,6.131,6.19,6.123,6.153,165301.730093
1716292800000,6.154,6.173,6.117,6.146,159710.727082
1716296400000,6.146,6.27,6.09,6.154,486284.076005
1716300000000,6.156,6.231,6.147,6.172,276632.796541
1716303600000,6.17,6.248,6.117,6.143,209399.661751
1716307200000,6.143,6.276,6.109,6.213,282215.417929
1716310800000,6.212,6.249,6.177,6.241,126316.727934
1716314400000,6.241,6.269,6.195,6.213,179309.399393
1716318000000,6.213,6.225,6.103,6.15,129900.508355
1716321600000,6.151,6.234,6.144,6.204,74186.443378
1716325200000,6.204,6.232,6.164,6.205,52574.462572
1716328800000,6.204,6.249,6.2,6.239,91120.225051
1716332400000,6.24,6.244,6.21,6.234,52422.991933
1716336000000,6.234,6.242,6.167,6.172,88090.068625
1716339600000,6.172,6.241,6.164,6.224,73648.061361
1716343200000,6.224,6.3,6.194,6.232,219876.70979
1716346800000,6.232,6.232,6.197,6.216,130958.821678
1716350400000,6.216,6.218,6.068,6.133,306161.099493
1716354000000,6.133,6.18,6.112,6.173,101107.337645
1716357600000,6.173,6.24,6.163,6.24,105568.266609
1716361200000,6.239,6.243,6.19,6.203,88352.067969
1716364800000,6.202,6.258,6.164,6.229,96749.708241
1716368400000,6.229,6.231,6.189,6.197,62889.200908
1716372000000,6.196,6.229,6.18,6.188,65914.498815
1716375600000,6.188,6.193,6.103,6.103,207035.714901
1716379200000,6.104,6.144,5.963,5.977,445013.367502
1716382800000,5.977,6.049,5.974,6.049,229044.606015
1716386400000,6.05,6.103,5.995,6.085,300473.268366
1716390000000,6.083,6.162,6.043,6.129,144649.358545
1716393600000,6.13,6.185,6.099,6.176,123444.887827
1716397200000,6.176,6.233,6.136,6.141,124746.603713
1716400800000,6.141,6.158,6.035,6.106,120491.141272
1716404400000,6.106,6.131,6.076,6.123,56041.702503
1716408000000,6.124,6.169,6.054,6.098,134588.080396
1716411600000,6.098,6.167,6.057,6.161,56782.781554
1716415200000,6.161,6.168,6.102,6.111,69162.599683
1716418800000,6.109,6.122,6.075,6.119,52929.634037
1716422400000,6.118,6.18,6.11,6.153,114404.777295
1716426000000,6.154,6.17,6.082,6.132,85630.459725
1716429600000,6.132,6.164,6.122,6.158,65362.755465
1716433200000,6.159,6.166,6.115,6.14,134636.365394
1716436800000,6.14,6.177,6.1,6.157,165253.097583
1716440400000,6.156,6.157,6.103,6.116,184405.934393
1716444000000,6.115,6.168,6.092,6.139,245579.836012
1716447600000,6.139,6.168,6.114,6.133,140157.607572
1716451200000,6.134,6.152,6.101,6.117,65771.815532
1716454800000,6.118,6.146,6.068,6.077,117852.644422
1716458400000,6.076,6.096,6.015,6.05,123781.786779
1716462000000,6.051,6.165,6.051,6.164,230203.351388
1716465600000,6.165,6.232,5.94,6.032,1161024.611191
1716469200000,6.032,6.068,5.686,5.836,1076805.973451
1716472800000,5.838,5.89,5.767,5.781,296845.226702
1716476400000,5.781,5.846,5.765,5.786,236189.205035
1716480000000,5.785,5.799,5.75,5.785,121442.99179
1716483600000,5.784,5.812,5.731,5.731,98701.267036
1716487200000,5.732,5.744,5.619,5.721,373086.942377
1716490800000,5.72,5.758,5.677,5.697,103599.713111
1716494400000,5.697,5.711,5.5,5.695,782591.806562
1716498000000,5.695,5.83,5.674,5.818,312494.866256
1716501600000,5.817,5.835,5.777,5.799,82176.207759
1716505200000,5.799,5.806,5.759,5.796,78498.595254
1716508800000,5.795,5.895,5.754,5.865,194003.703747
1716512400000,5.865,5.866,5.806,5.839,111604.378571
1716516000000,5.839,5.853,5.795,5.842,127370.637537
1716519600000,5.844,5.863,5.823,5.842,73747.824776
1716523200000,5.841,5.877,5.83,5.836,84182.107337
1716526800000,5.836,5.844,5.764,5.781,185401.318727
1716530400000,5.78,5.808,5.694,5.699,157698.670165
1716534000000,5.698,5.762,5.671,5.751,102298.720267
1716537600000,5.752,5.757,5.654,5.736,144775.032354
1716541200000,5.737,5.765,5.717,5.749,52069.165579
1716544800000,5.749,5.773,5.74,5.745,69975.948773
1716548400000,5.745,5.764,5.72,5.763,57796.181951
1716552000000,5.762,5.857,5.748,5.815,229872.888199
1716555600000,5.816,5.845,5.784,5.803,82887.494624
1716559200000,5.803,5.877,5.794,5.853,107082.56639
1716562800000,5.853,5.894,5.739,5.772,254402.220457
1716566400000,5.772,5.777,5.693,5.706,204452.788606
1716570000000,5.707,5.778,5.693,5.769,106698.438883
1716573600000,5.769,5.843,5.766,5.782,108925.428549
1716577200000,5.781,5.812,5.763,5.807,39230.037694
1716580800000,5.806,5.825,5.793,5.809,29135.238332
1716584400000,5.808,5.844,5.793,5.835,41958.900001
1716588000000,5.835,5.842,5.797,5.816,46843.978579
1716591600000,5.815,5.821,5.786,5.819,47159.789943
1716595200000,5.818,5.849,5.808,5.813,86118.230038
1716598800000,5.813,5.847,5.808,5.823,52630.080583
1716602400000,5.823,5.85,5.814,5.832,49927.36993
1716606000000,5.833,5.847,5.816,5.836,46354.892432
1716609600000,5.836,5.877,5.835,5.865,88848.749052
1716613200000,5.866,5.867,5.836,5.857,39430.91691
1716616800000,5.858,5.871,5.833,5.841,84665.145124
1716620400000,5.841,5.87,5.838,5.859,43474.456202
1716624000000,5.859,5.882,5.849,5.855,72777.656712
1716627600000,5.854,5.913,5.847,5.904,87914.251524
1716631200000,5.905,5.926,5.885,5.915,70057.246478
1716634800000,5.914,5.938,5.886,5.887,94238.816182
1716638400000,5.888,5.892,5.852,5.871,88609.619136
1716642000000,5.871,5.888,5.819,5.829,119134.995798
1716645600000,5.829,5.861,5.817,5.854,147913.239373
1716649200000,5.854,5.899,5.849,5.869,97066.645584
1716652800000,5.869,5.906,5.868,5.891,113743.453271
1716656400000,5.891,5.962,5.887,5.947,121451.911294
1716660000000,5.947,6.02,5.941,6.018,106626.077299
1716663600000,6.018,6.047,5.974,6.002,80434.967093
1716667200000,6.001,6.017,5.932,5.95,78073.064362
1716670800000,5.95,5.958,5.929,5.958,34875.02984
1716674400000,5.959,5.959,5.923,5.953,36447.231636
1716678000000,5.954,6.017,5.954,6.008,72430.749614
1716681600000,6.007,6.031,5.975,5.978,208579.309613
1716685200000,5.977,6.042,5.977,6.01,176386.702893
1716688800000,6.011,6.026,5.905,5.924,207583.694867
1716692400000,5.922,5.978,5.92,5.966,127832.415097
1716696000000,5.966,5.966,5.911,5.931,53655.197976
1716699600000,5.931,5.942,5.911,5.942,39254.846387
1716703200000,5.943,5.948,5.918,5.927,42701.962822
1716706800000,5.927,6.004,5.921,5.971,111512.052575
1716710400000,5.97,5.983,5.919,5.934,99924.31
1716714000000,5.935,5.949,5.866,5.899,110082.520099
1716717600000,5.899,5.939,5.899,5.93,48992.201831
1716721200000,5.931,5.946,5.895,5.908,55852.0912
1716724800000,5.907,5.908,5.865,5.876,70221.018218
1716728400000,5.876,5.886,5.805,5.85,155580.754543
1716732000000,5.85,5.945,5.844,5.943,129952.442405
1716735600000,5.945,5.954,5.848,5.881,145057.420849
1716739200000,5.881,5.937,5.842,5.901,116936.844226
1716742800000,5.901,5.918,5.873,5.896,74035.089043
1716746400000,5.895,5.907,5.873,5.894,41862.177133
1716750000000,5.896,5.91,5.871,5.897,42190.787334
1716753600000,5.897,5.897,5.854,5.861,25042.306729
1716757200000,5.86,5.881,5.812,5.881,44890.458384
1716760800000,5.881,5.9,5.865,5.892,42560.135836
1716764400000,5.892,5.897,5.848,5.856,85712.150026
1716768000000,5.856,5.886,5.851,5.877,49351.241385
1716771600000,5.878,5.947,5.867,5.924,65862.773598
1716775200000,5.924,5.955,5.899,5.946,122298.322145
1716778800000,5.946,5.968,5.916,5.922,108307.790586
1716782400000,5.922,5.95,5.891,5.898,130072.68139
1716786000000,5.898,5.903,5.841,5.874,125868.724364
1716789600000,5.873,5.877,5.849,5.852,70702.355022
1716793200000,5.852,5.897,5.849,5.885,73479.872727
1716796800000,5.886,5.923,5.881,5.897,105669.736506
1716800400000,5.897,5.946,5.875,5.921,91360.322718
1716804000000,5.921,5.947,5.903,5.928,98003.82657
1716807600000,5.928,5.95,5.905,5.94,87209.509006
1716811200000,5.94,5.962,5.923,5.944,75863.908068
1716814800000,5.945,6.018,5.942,5.996,184851.668533
1716818400000,5.997,6.074,5.988,6.07,250778.626166
1716822000000,6.07,6.221,6.062,6.199,542402.738907
1716825600000,6.198,6.246,6.164,6.202,313901.037462
1716829200000,6.203,6.215,6.16,6.175,143066.849309
1716832800000,6.175,6.188,6.139,6.141,70397.926469
1716836400000,6.142,6.154,6.03,6.06,163980.497797
1716840000000,6.06,6.146,6.055,6.138,71591.751096
1716843600000,6.138,6.145,6.108,6.12,37720.535895
1716847200000,6.119,6.137,6.097,6.12,129367.980465
1716850800000,6.12,6.126,6.077,6.114,56902.324174
1716854400000,6.114,6.129,6.047,6.067,123183.258123
1716858000000,6.067,6.125,5.988,6.006,430587.499893
1716861600000,6.005,6.042,5.938,6.026,379513.734874
1716865200000,6.025,6.045,5.906,5.939,293156.067585
1716868800000,5.94,5.946,5.83,5.864,332112.894562
1716872400000,5.864,5.91,5.841,5.903,133997.419392
1716876000000,5.902,5.918,5.87,5.906,105983.773476
1716879600000,5.906,5.911,5.866,5.888,115765.443624
1716883200000,5.887,5.918,5.875,5.911,89216.103131
1716886800000,5.911,5.939,5.897,5.928,94448.731278
1716890400000,5.927,5.968,5.913,5.931,101720.800545
1716894000000,5.931,5.96,5.92,5.939,72309.583245
1716897600000,5.938,5.943,5.904,5.913,72814.725804
1716901200000,5.912,5.947,5.865,5.888,188468.665855
1716904800000,5.889,5.922,5.85,5.88,170700.184636
1716908400000,5.879,5.927,5.854,5.918,162225.490769
1716912000000,5.919,5.93,5.863,5.874,96051.931548
1716915600000,5.874,5.933,5.868,5.903,47922.541698
1716919200000,5.902,5.926,5.84,5.879,92276.188503
1716922800000,5.879,5.955,5.877,5.95,49412.055334
1716926400000,5.951,5.983,5.94,5.949,61487.620609
1716930000000,5.949,5.964,5.929,5.937,43246.494704
1716933600000,5.937,5.959,5.932,5.941,51881.140537
1716937200000,5.942,5.95,5.927,5.94,39812.889381
1716940800000,5.94,5.95,5.903,5.911,77109.226901
1716944400000,5.911,5.932,5.88,5.905,68164.498517
1716948000000,5.906,5.939,5.885,5.926,85433.656499
1716951600000,5.925,5.963,5.915,5.955,145722.129809
1716955200000,5.955,5.997,5.955,5.991,210103.488039
1716958800000,5.991,6.037,5.978,6.013,120931.391741
1716962400000,6.013,6.048,5.977,5.985,162042.971613
1716966000000,5.986,6,5.947,5.954,100956.845648
1716969600000,5.954,5.971,5.865,5.941,283257.807861
1716973200000,5.942,6.004,5.935,5.991,232668.927462
1716976800000,5.989,6.028,5.975,6.017,123930.560752
1716980400000,6.015,6.017,5.949,5.955,85414.637532
1716984000000,5.955,5.999,5.923,5.959,176464.027248
1716987600000,5.959,6,5.893,5.922,249150.999263
1716991200000,5.923,5.953,5.875,5.897,177250.18288
1716994800000,5.896,5.93,5.861,5.873,224084.091295
1716998400000,5.874,5.922,5.825,5.918,184222.018121
1717002000000,5.917,5.923,5.857,5.893,70537.615952
1717005600000,5.894,5.902,5.848,5.853,56180.834519
1717009200000,5.852,5.877,5.82,5.823,55365.007761
1717012800000,5.824,5.832,5.801,5.82,127738.423864
1717016400000,5.819,5.821,5.754,5.795,189118.814293
1717020000000,5.796,5.823,5.777,5.801,54699.873789
1717023600000,5.801,5.814,5.779,5.787,62743.840411
1717027200000,5.787,5.822,5.776,5.785,132860.502953
1717030800000,5.786,5.834,5.759,5.825,165609.642859
1717034400000,5.824,5.871,5.82,5.846,98744.506238
1717038000000,5.847,5.87,5.84,5.865,74614.419434
1717041600000,5.866,5.901,5.851,5.87,99879.102171
1717045200000,5.87,5.872,5.846,5.851,124339.381289
1717048800000,5.852,5.856,5.73,5.745,286232.778468
1717052400000,5.745,5.769,5.663,5.694,440485.689203
1717056000000,5.694,5.738,5.637,5.733,282202.897579
1717059600000,5.732,5.746,5.711,5.745,81162.40373
1717063200000,5.746,5.776,5.721,5.77,49970.090698
1717066800000,5.769,5.8,5.76,5.777,93323.510957
1717070400000,5.777,5.842,5.775,5.824,94406.009455
1717074000000,5.825,5.85,5.802,5.844,141342.405421
1717077600000,5.844,5.874,5.8,5.811,145467.418879
1717081200000,5.811,5.863,5.788,5.852,161970.205619
1717084800000,5.852,5.883,5.825,5.851,106341.151774
1717088400000,5.851,5.928,5.832,5.9,132575.222035
1717092000000,5.901,5.914,5.863,5.898,33842.686124
1717095600000,5.898,5.899,5.828,5.842,65279.828918
1717099200000,5.842,5.843,5.765,5.794,101773.081317
1717102800000,5.795,5.816,5.76,5.81,36854.666162
1717106400000,5.81,5.81,5.784,5.798,26155.165979
1717110000000,5.798,5.823,5.795,5.808,43826.642493
1717113600000,5.808,5.812,5.755,5.795,86719.186983
1717117200000,5.795,5.816,5.75,5.765,104958.012753
1717120800000,5.766,5.8,5.761,5.789,66910.124929
1717124400000,5.788,5.807,5.758,5.794,126082.210111
1717128000000,5.795,5.815,5.785,5.788,45642.781766
1717131600000,5.787,5.792,5.725,5.767,128140.521272
1717135200000,5.767,5.795,5.753,5.761,52177.246453
1717138800000,5.761,5.788,5.751,5.767,57002.728666
1717142400000,5.767,5.792,5.758,5.759,103738.73534
1717146000000,5.759,5.769,5.729,5.75,63407.805797
1717149600000,5.75,5.786,5.747,5.775,66880.088258
1717153200000,5.774,5.81,5.772,5.798,63402.537894
1717156800000,5.797,5.854,5.794,5.827,127659.454267
1717160400000,5.827,5.839,5.745,5.753,127674.472821
1717164000000,5.752,5.762,5.71,5.75,150809.99733
1717167600000,5.75,5.756,5.688,5.69,122405.835366
1717171200000,5.69,5.725,5.642,5.719,211785.675435
1717174800000,5.718,5.733,5.693,5.725,70150.547403
1717178400000,5.726,5.73,5.696,5.711,36105.151038
1717182000000,5.711,5.757,5.702,5.742,46573.669566
1717185600000,5.745,5.76,5.733,5.754,26018.762629
1717189200000,5.754,5.778,5.751,5.76,30762.340887
1717192800000,5.76,5.774,5.742,5.746,39936.654854
1717196400000,5.746,5.754,5.719,5.734,99747.151231
1717200000000,5.734,5.751,5.719,5.73,44416.962714
1717203600000,5.731,5.743,5.708,5.724,48187.849935
1717207200000,5.724,5.764,5.723,5.754,53361.204303
1717210800000,5.755,5.763,5.736,5.754,53204.506133
1717214400000,5.755,5.765,5.743,5.756,19060.887506
1717218000000,5.757,5.767,5.739,5.765,40780.096629
1717221600000,5.765,5.782,5.751,5.768,45541.658747
1717225200000,5.769,5.77,5.749,5.757,25715.023298
1717228800000,5.757,5.784,5.754,5.783,36007.618788
1717232400000,5.782,5.784,5.756,5.769,50259.351654
1717236000000,5.769,5.775,5.752,5.756,30214.048662
1717239600000,5.756,5.783,5.756,5.768,31928.848272
1717243200000,5.767,5.782,5.76,5.77,57989.353273
1717246800000,5.77,5.803,5.77,5.783,50702.72984
1717250400000,5.783,5.809,5.779,5.796,87367.995469
1717254000000,5.795,5.803,5.772,5.775,55384.867587
1717257600000,5.775,5.788,5.763,5.769,54417.102242
1717261200000,5.768,5.788,5.757,5.786,47251.751916
1717264800000,5.786,5.792,5.772,5.776,26847.886816
1717268400000,5.777,5.78,5.759,5.773,23516.531826
1717272000000,5.772,5.786,5.771,5.782,24585.489107
1717275600000,5.782,5.809,5.778,5.797,71079.433106
1717279200000,5.798,5.817,5.798,5.807,60128.214277
1717282800000,5.806,5.813,5.788,5.793,85182.321252
1717286400000,5.793,5.828,5.789,5.822,67628.292316
1717290000000,5.822,5.837,5.799,5.82,124621.050716
1717293600000,5.821,5.832,5.794,5.806,95212.595358
1717297200000,5.806,5.822,5.802,5.817,44807.475826
1717300800000,5.818,5.836,5.807,5.835,47921.80007
1717304400000,5.835,5.845,5.8,5.812,88465.133151
1717308000000,5.814,5.834,5.803,5.821,70783.668211
1717311600000,5.82,5.826,5.73,5.745,123688.169572
1717315200000,5.746,5.78,5.742,5.77,44707.010202
1717318800000,5.769,5.769,5.708,5.723,139263.289547
1717322400000,5.723,5.83,5.714,5.741,201847.299974
1717326000000,5.742,5.805,5.731,5.798,83782.160915
1717329600000,5.798,5.804,5.764,5.774,59198.696159
1717333200000,5.774,5.799,5.754,5.79,36436.853733
1717336800000,5.79,5.835,5.782,5.829,87646.582212
1717340400000,5.83,5.867,5.827,5.841,144012.116611
1717344000000,5.84,5.865,5.801,5.814,99686.044139
1717347600000,5.814,5.818,5.748,5.749,258843.503349
1717351200000,5.748,5.768,5.695,5.759,200577.571176
1717354800000,5.76,5.773,5.719,5.769,66755.183857
1717358400000,5.769,5.798,5.748,5.797,60340.769049
1717362000000,5.797,5.81,5.771,5.782,29768.941712
1717365600000,5.783,5.809,5.783,5.801,31802.901599
1717369200000,5.802,5.814,5.793,5.808,40543.15611
1717372800000,5.808,5.833,5.765,5.802,71301.070889
1717376400000,5.803,5.89,5.796,5.885,232244.923259
1717380000000,5.886,5.924,5.885,5.898,159146.626239
1717383600000,5.899,5.91,5.859,5.877,88862.869463
1717387200000,5.877,5.902,5.829,5.891,159629.719533
1717390800000,5.892,5.925,5.87,5.871,114854.555418
1717394400000,5.872,5.952,5.856,5.926,201095.813135
1717398000000,5.927,5.939,5.891,5.916,101126.735425
1717401600000,5.917,5.956,5.907,5.923,99312.195949
1717405200000,5.923,5.927,5.891,5.906,108081.361433
1717408800000,5.906,5.924,5.89,5.894,112327.203158
1717412400000,5.894,5.913,5.874,5.893,161065.22193
1717416000000,5.893,5.934,5.893,5.933,75142.525468
1717419600000,5.933,5.954,5.906,5.913,72337.606295
1717423200000,5.914,5.93,5.792,5.821,271541.046397
1717426800000,5.82,5.852,5.817,5.836,147244.97757
1717430400000,5.835,5.843,5.747,5.772,275303.661297
1717434000000,5.772,5.82,5.755,5.815,72543.796647
1717437600000,5.816,5.829,5.803,5.809,45169.446329
1717441200000,5.809,5.831,5.798,5.829,29618.153825
1717444800000,5.83,5.843,5.818,5.82,27357.209304
1717448400000,5.82,5.836,5.805,5.835,18779.769927
1717452000000,5.835,5.835,5.808,5.821,26673.008117
1717455600000,5.82,5.828,5.772,5.787,78241.549879
1717459200000,5.786,5.814,5.757,5.803,92306.196357
1717462800000,5.804,5.827,5.779,5.827,43845.702746
1717466400000,5.826,5.826,5.782,5.79,52092.048864
1717470000000,5.79,5.817,5.788,5.813,34482.42389
1717473600000,5.814,5.818,5.783,5.787,42183.069923
1717477200000,5.787,5.81,5.77,5.784,75561.590954
1717480800000,5.784,5.793,5.76,5.763,145877.398196
1717484400000,5.762,5.785,5.757,5.78,54228.423313
1717488000000,5.78,5.805,5.751,5.755,74116.130702
1717491600000,5.754,5.765,5.714,5.728,142817.424068
1717495200000,5.727,5.775,5.722,5.771,58403.754056
1717498800000,5.772,5.78,5.744,5.769,42973.274448
1717502400000,5.769,5.779,5.751,5.759,62948.912714
1717506000000,5.759,5.877,5.758,5.843,351958.056856
1717509600000,5.844,5.885,5.825,5.85,259313.321865
1717513200000,5.85,5.94,5.843,5.93,372888.764828
1717516800000,5.93,5.949,5.908,5.926,309883.329937
1717520400000,5.927,5.988,5.91,5.979,208355.752646
1717524000000,5.98,6.049,5.98,6.02,304699.817294
1717527600000,6.021,6.03,5.914,5.961,249867.078359
1717531200000,5.961,5.978,5.937,5.963,81350.156891
1717534800000,5.963,5.972,5.932,5.94,59010.402965
1717538400000,5.939,5.968,5.926,5.952,82824.337926
1717542000000,5.952,5.964,5.941,5.958,123139.221233
1717545600000,5.958,5.981,5.949,5.96,123974.635005
1717549200000,5.96,6.022,5.953,6.01,215080.513361
1717552800000,6.01,6.019,5.947,5.968,223131.36039
1717556400000,5.968,6.006,5.961,6.002,93663.156643
1717560000000,6.001,6.004,5.97,5.994,120044.45515
1717563600000,5.994,6.019,5.958,6.005,176361.309189
1717567200000,6.005,6.049,5.999,6.033,194321.073439
1717570800000,6.033,6.033,5.987,5.991,177826.665151
1717574400000,5.99,6.011,5.969,5.982,139901.248712
1717578000000,5.982,6.009,5.968,6.006,161874.799013
1717581600000,6.006,6.099,5.997,6.047,309482.361581
1717585200000,6.048,6.059,6.018,6.023,143736.986792
1717588800000,6.024,6.043,5.994,6.029,151043.198606
1717592400000,6.03,6.034,5.98,5.989,145615.684756
1717596000000,5.988,6.01,5.94,6,340063.533855
1717599600000,6,6.054,6,6.029,173903.615458
1717603200000,6.029,6.069,6.014,6.024,213056.049038
1717606800000,6.024,6.075,6.02,6.071,206642.149713
1717610400000,6.071,6.087,6.031,6.043,130640.211084
1717614000000,6.043,6.09,6.043,6.086,183982.930758
1717617600000,6.088,6.097,6.066,6.069,71607.386309
1717621200000,6.068,6.075,6.048,6.049,72487.725083
1717624800000,6.05,6.051,6.035,6.042,80104.278019
1717628400000,6.042,6.083,6.042,6.074,118901.913791
1717632000000,6.074,6.078,6.042,6.048,95135.241533
1717635600000,6.048,6.064,6.028,6.037,110066.195955
1717639200000,6.037,6.044,6.025,6.029,194486.483247
1717642800000,6.029,6.03,6.004,6.007,216598.302202
1717646400000,6.007,6.053,5.999,6.033,147869.43021
1717650000000,6.033,6.04,5.998,6,129922.069115
1717653600000,6.001,6.017,5.97,5.998,134637.5198
1717657200000,5.999,6.022,5.983,6.019,96003.110267
1717660800000,6.019,6.029,5.995,6.022,88624.611648
1717664400000,6.023,6.089,6.023,6.075,242328.44406
1717668000000,6.075,6.079,6.03,6.043,157555.351898
1717671600000,6.044,6.057,6.027,6.034,95633.502333
1717675200000,6.035,6.064,6.01,6.023,168183.836353
1717678800000,6.024,6.059,6.002,6.016,163317.916934
1717682400000,6.015,6.042,5.986,6.03,193541.223832
1717686000000,6.029,6.049,6.011,6.014,117369.134046
1717689600000,6.014,6.028,5.949,5.966,234042.489489
1717693200000,5.967,6.002,5.952,5.987,112633.275702
1717696800000,5.987,5.995,5.962,5.975,71011.659374
1717700400000,5.975,5.977,5.881,5.891,218965.650929
1717704000000,5.891,5.938,5.842,5.935,197706.910961
1717707600000,5.936,5.941,5.921,5.927,83778.449211
1717711200000,5.925,5.95,5.921,5.95,71050.18667
1717714800000,5.95,5.964,5.932,5.956,90142.670611
1717718400000,5.956,5.963,5.941,5.952,60113.641161
1717722000000,5.952,5.957,5.924,5.93,85489.768305
1717725600000,5.931,5.942,5.905,5.924,80244.221224
1717729200000,5.924,5.944,5.915,5.933,47305.904538
1717732800000,5.934,5.946,5.923,5.936,101654.444269
1717736400000,5.935,5.986,5.93,5.975,140201.670554
1717740000000,5.975,6.013,5.965,6.012,111592.750567
1717743600000,6.011,6.026,5.984,5.994,71958.986299
1717747200000,5.994,6.024,5.985,5.999,83959.189209
1717750800000,6,6.074,5.98,6.068,130772.547823
1717754400000,6.07,6.526,6.069,6.465,2473854.554829
1717758000000,6.466,6.494,6.29,6.405,1041698.706841
1717761600000,6.405,6.449,6.244,6.425,1124928.766539
1717765200000,6.424,6.59,6.415,6.59,842915.601593
1717768800000,6.59,6.726,6.574,6.714,1224779.524262
1717772400000,6.716,6.749,6.621,6.703,833614.022559
1717776000000,6.703,6.723,6.532,6.562,580202.693541
1717779600000,6.56,6.563,6.364,6.365,492352.540897
1717783200000,6.367,6.382,5.701,6.019,4693378.707104
1717786800000,6.016,6.134,5.943,6.06,862114.216326
1717790400000,6.06,6.083,6.001,6.063,308673.611557
1717794000000,6.062,6.066,6.002,6.041,197082.413835
1717797600000,6.042,6.13,6.026,6.129,292686.912976
1717801200000,6.128,6.234,6.102,6.115,470629.431444
1717804800000,6.114,6.131,6.033,6.129,379500.801375
1717808400000,6.13,6.409,6.121,6.394,1082260.590549
1717812000000,6.394,6.414,6.304,6.352,514704.875197
1717815600000,6.351,6.397,6.307,6.309,405693.622358
1717819200000,6.311,6.389,6.271,6.343,359721.100663
1717822800000,6.343,6.409,6.261,6.369,439818.30473
1717826400000,6.371,6.415,6.293,6.325,360301.618196
1717830000000,6.326,6.466,6.31,6.45,397934.356434
1717833600000,6.449,6.449,6.318,6.331,229936.686931
1717837200000,6.331,6.336,6.227,6.283,308392.642928
1717840800000,6.284,6.302,6.165,6.25,431279.497519
1717844400000,6.252,6.308,6.118,6.129,504985.653748
1717848000000,6.128,6.147,6.076,6.118,477366.928432
1717851600000,6.12,6.131,5.98,6.099,581124.780921
1717855200000,6.099,6.134,6.046,6.125,278475.05604
1717858800000,6.126,6.187,6.107,6.147,296806.023224
1717862400000,6.148,6.205,6.091,6.114,391791.333065
1717866000000,6.115,6.151,6.06,6.132,212340.495047
1717869600000,6.133,6.199,6.127,6.142,109886.776435
1717873200000,6.142,6.186,6.099,6.126,114700.49829
1717876800000,6.127,6.144,6.099,6.119,69199.522365
1717880400000,6.12,6.159,6.083,6.123,90672.001903
1717884000000,6.124,6.14,6.025,6.054,111935.108807
1717887600000,6.053,6.067,6.012,6.054,106931.961325
1717891200000,6.053,6.143,6.012,6.122,193180.503836
1717894800000,6.122,6.196,6.109,6.191,225581.143477
1717898400000,6.192,6.193,6.101,6.117,274384.64601
1717902000000,6.118,6.303,6.108,6.254,399100.754669
1717905600000,6.254,6.273,6.19,6.223,288849.212971
1717909200000,6.222,6.231,6.165,6.191,199768.125165
1717912800000,6.19,6.264,6.167,6.218,137832.261703
1717916400000,6.217,6.269,6.183,6.19,137023.990569
1717920000000,6.189,6.296,6.17,6.292,271951.70716
1717923600000,6.291,6.327,6.252,6.261,251257.673747
1717927200000,6.261,6.281,6.23,6.278,158054.701693
1717930800000,6.278,6.365,6.263,6.319,319720.124938
1717934400000,6.319,6.333,6.247,6.288,335049.232677
1717938000000,6.288,6.348,6.217,6.241,317315.839524
1717941600000,6.242,6.254,6.176,6.219,270362.585907
1717945200000,6.219,6.246,6.197,6.217,110149.635434
1717948800000,6.217,6.245,6.197,6.224,97147.622563
1717952400000,6.225,6.248,6.207,6.22,50917.767311
1717956000000,6.221,6.233,6.204,6.229,53295.412022
1717959600000,6.229,6.241,6.181,6.186,52049.855506
1717963200000,6.187,6.195,6.111,6.119,172650.372555
1717966800000,6.119,6.128,6.067,6.109,168753.532002
1717970400000,6.11,6.13,6.092,6.124,87714.872532
1717974000000,6.124,6.137,6.117,6.128,77500.141245
1717977600000,6.128,6.152,6.093,6.132,82238.523879
1717981200000,6.132,6.142,6.105,6.117,47368.217564
1717984800000,6.118,6.153,6.112,6.131,47843.563374
1717988400000,6.13,6.142,6.07,6.087,71805.808157
1717992000000,6.086,6.137,6.053,6.107,100599.00574
1717995600000,6.107,6.107,6.024,6.04,181505.373695
1717999200000,6.04,6.052,5.916,5.947,313115.453766
1718002800000,5.948,5.948,5.826,5.835,363254.397669
1718006400000,5.835,5.91,5.832,5.9,174341.024957
1718010000000,5.901,5.931,5.869,5.917,198447.038243
1718013600000,5.917,5.932,5.879,5.886,129287.481709
1718017200000,5.885,5.919,5.873,5.888,102761.61108
1718020800000,5.887,5.888,5.847,5.866,80632.006988
1718024400000,5.866,5.886,5.804,5.831,169763.474805
1718028000000,5.83,5.899,5.797,5.898,309248.752538
1718031600000,5.899,5.962,5.884,5.938,350242.408745
1718035200000,5.939,5.951,5.876,5.917,139465.633656
1718038800000,5.917,5.917,5.887,5.908,54401.375496
1718042400000,5.909,5.934,5.87,5.905,61679.314441
1718046000000,5.905,5.913,5.838,5.847,80947.257388
1718049600000,5.847,5.851,5.764,5.82,187354.222458
1718053200000,5.819,5.831,5.772,5.791,59439.198914
1718056800000,5.791,5.804,5.724,5.802,261898.421725
1718060400000,5.803,5.816,5.765,5.794,50224.031778
1718064000000,5.795,5.818,5.785,5.812,84223.222469
1718067600000,5.81,5.818,5.506,5.651,852311.390956
1718071200000,5.647,5.706,5.567,5.662,476235.326207
1718074800000,5.663,5.685,5.629,5.649,214297.897425
1718078400000,5.648,5.668,5.594,5.636,216507.845021
1718082000000,5.637,5.654,5.601,5.647,359766.361398
1718085600000,5.647,5.648,5.525,5.592,226074.819234
1718089200000,5.592,5.65,5.575,5.614,196545.505693
1718092800000,5.613,5.641,5.604,5.632,101159.268943
1718096400000,5.633,5.64,5.582,5.598,163316.329802
1718100000000,5.597,5.659,5.583,5.615,139845.911883
1718103600000,5.614,5.629,5.591,5.604,145099.698846
1718107200000,5.604,5.626,5.551,5.556,214318.488978
1718110800000,5.556,5.59,5.467,5.512,550224.893771
1718114400000,5.51,5.575,5.492,5.56,182996.304992
1718118000000,5.561,5.568,5.333,5.421,807341.386327
1718121600000,5.42,5.489,5.385,5.403,247581.455281
1718125200000,5.405,5.434,5.288,5.404,359721.37746
1718128800000,5.404,5.453,5.392,5.435,113657.674623
1718132400000,5.436,5.449,5.401,5.433,87103.148555
1718136000000,5.432,5.432,5.404,5.414,23358.581725
1718139600000,5.415,5.442,5.396,5.437,61829.991843
1718143200000,5.437,5.438,5.386,5.401,79107.967743
1718146800000,5.402,5.413,5.374,5.386,95251.188682
1718150400000,5.386,5.405,5.333,5.351,124820.571705
1718154000000,5.352,5.369,5.219,5.302,329217.405139
1718157600000,5.302,5.396,5.287,5.389,179752.905592
1718161200000,5.389,5.429,5.389,5.42,146796.255221
1718164800000,5.419,5.462,5.405,5.444,159292.409847
1718168400000,5.443,5.444,5.415,5.427,100571.30378
1718172000000,5.427,5.461,5.427,5.428,102161.573434
1718175600000,5.429,5.454,5.429,5.454,51577.64806
1718179200000,5.453,5.46,5.404,5.411,81901.211215
1718182800000,5.412,5.452,5.401,5.439,75475.741512
1718186400000,5.438,5.46,5.429,5.441,161129.070745
1718190000000,5.441,5.443,5.384,5.389,115974.820051
1718193600000,5.389,5.662,5.389,5.651,649240.749892
1718197200000,5.651,5.691,5.582,5.599,345281.757321
1718200800000,5.599,5.69,5.59,5.689,306258.579387
1718204400000,5.688,5.724,5.665,5.68,193629.012539
1718208000000,5.682,5.724,5.628,5.679,235329.444216
1718211600000,5.68,5.739,5.658,5.732,182445.499113
1718215200000,5.733,5.754,5.591,5.623,818964.426147
1718218800000,5.619,5.706,5.444,5.485,476732.2105
1718222400000,5.484,5.617,5.463,5.608,228796.884253
1718226000000,5.608,5.622,5.586,5.595,117033.847581
1718229600000,5.596,5.616,5.577,5.608,83216.698155
1718233200000,5.609,5.659,5.604,5.654,84656.520856
1718236800000,5.655,5.689,5.617,5.681,192252.504997
1718240400000,5.68,5.697,5.593,5.601,242157.16314
1718244000000,5.601,5.605,5.509,5.515,251306.124186
1718247600000,5.514,5.517,5.405,5.464,323965.561549
1718251200000,5.463,5.516,5.455,5.489,121534.685486
1718254800000,5.489,5.521,5.455,5.459,93847.598045
1718258400000,5.458,5.483,5.425,5.438,134662.892668
1718262000000,5.438,5.474,5.418,5.469,142060.74223
1718265600000,5.469,5.47,5.437,5.446,148157.294157
1718269200000,5.445,5.455,5.4,5.432,259883.076999
1718272800000,5.433,5.462,5.403,5.449,108142.762762
1718276400000,5.449,5.452,5.381,5.395,129322.968385
1718280000000,5.397,5.481,5.365,5.404,247983.863719
1718283600000,5.407,5.47,5.397,5.41,170211.792841
1718287200000,5.411,5.448,5.371,5.409,243065.975454
1718290800000,5.408,5.42,5.315,5.33,414620.765681
1718294400000,5.328,5.389,5.294,5.384,255443.102313
1718298000000,5.384,5.434,5.381,5.423,105801.652908
1718301600000,5.422,5.447,5.412,5.444,38233.894623
1718305200000,5.445,5.455,5.412,5.419,36205.175607
1718308800000,5.418,5.436,5.397,5.403,38428.113028
1718312400000,5.403,5.408,5.35,5.406,62544.511636
1718316000000,5.408,5.421,5.366,5.4,148230.125612
1718319600000,5.4,5.403,5.353,5.384,86649.819426
1718323200000,5.385,5.405,5.343,5.373,105980.73507
1718326800000,5.373,5.422,5.327,5.419,151922.303126
1718330400000,5.42,5.449,5.41,5.432,95558.098265
1718334000000,5.432,5.44,5.393,5.4,91457.226378
1718337600000,5.4,5.421,5.391,5.407,137850.229164
1718341200000,5.407,5.457,5.407,5.438,77774.663619
1718344800000,5.439,5.456,5.426,5.441,65379.182649
1718348400000,5.442,5.466,5.439,5.448,55054.436625
1718352000000,5.449,5.468,5.44,5.466,86717.561659
1718355600000,5.467,5.47,5.401,5.417,122082.902242
1718359200000,5.417,5.427,5.404,5.407,66610.424469
1718362800000,5.407,5.419,5.386,5.412,61107.265664
1718366400000,5.411,5.433,5.4,5.405,41409.835993
1718370000000,5.404,5.426,5.395,5.398,56192.978804
1718373600000,5.397,5.4,5.292,5.332,308222.313234
1718377200000,5.335,5.34,5.21,5.255,439819.417473
1718380800000,5.255,5.26,4.947,5.061,1455110.008011
1718384400000,5.06,5.094,5.012,5.041,237771.376044
1718388000000,5.04,5.046,4.945,5.006,237686.101007
1718391600000,5.005,5.045,4.989,5.019,103302.778214
1718395200000,5.019,5.06,5.016,5.033,68453.27665
1718398800000,5.034,5.17,5.029,5.142,80429.672125
1718402400000,5.144,5.145,5.077,5.11,48157.265393
1718406000000,5.109,5.11,5.082,5.096,57061.34254
1718409600000,5.095,5.148,5.087,5.127,177037.311083
1718413200000,5.127,5.156,5.104,5.105,59157.92692
1718416800000,5.105,5.16,5.096,5.149,48217.815485
1718420400000,5.15,5.179,5.149,5.177,81403.841731
1718424000000,5.177,5.179,5.147,5.169,64286.816279
1718427600000,5.168,5.201,5.166,5.179,112996.909499
1718431200000,5.179,5.218,5.179,5.187,126747.497128
1718434800000,5.187,5.195,5.162,5.168,85129.790214
1718438400000,5.168,5.184,5.155,5.177,72611.005014
1718442000000,5.178,5.196,5.163,5.177,39080.691296
1718445600000,5.179,5.194,5.171,5.181,25169.972551
1718449200000,5.182,5.295,5.17,5.252,251155.778835
1718452800000,5.253,5.293,5.242,5.274,111058.640798
1718456400000,5.273,5.331,5.248,5.323,196186.674538
1718460000000,5.325,5.365,5.269,5.288,311876.799072
1718463600000,5.288,5.311,5.278,5.288,50050.422242
1718467200000,5.289,5.303,5.185,5.191,297724.279377
1718470800000,5.191,5.235,5.188,5.221,69085.513215
1718474400000,5.221,5.227,5.195,5.197,57383.60673
1718478000000,5.199,5.223,5.175,5.209,38186.526386
1718481600000,5.21,5.221,5.177,5.193,28577.636023
1718485200000,5.193,5.232,5.191,5.223,17586.258755
1718488800000,5.223,5.23,5.197,5.222,24268.539053
1718492400000,5.222,5.239,5.214,5.229,30357.919692
1718496000000,5.229,5.233,5.182,5.186,38474.452058
1718499600000,5.186,5.213,5.154,5.195,54983.285005
1718503200000,5.195,5.209,5.179,5.18,21217.679242
1718506800000,5.18,5.19,5.159,5.174,137809.278282
1718510400000,5.175,5.193,5.129,5.176,95891.005308
1718514000000,5.176,5.215,5.172,5.209,52389.776739
1718517600000,5.209,5.23,5.197,5.217,41845.808378
1718521200000,5.215,5.229,5.196,5.204,27460.400278
1718524800000,5.203,5.216,5.181,5.185,58468.400783
1718528400000,5.186,5.2,5.172,5.192,31470.198051
1718532000000,5.192,5.218,5.181,5.217,42721.622279
1718535600000,5.217,5.219,5.182,5.189,47067.143317
1718539200000,5.19,5.208,5.181,5.206,32847.303524
1718542800000,5.206,5.246,5.206,5.234,45235.347837
1718546400000,5.233,5.253,5.209,5.224,129394.746484
1718550000000,5.224,5.257,5.221,5.248,45851.961816
1718553600000,5.249,5.259,5.229,5.246,101425.359597
1718557200000,5.246,5.257,5.224,5.232,31802.350676
1718560800000,5.232,5.24,5.218,5.227,32224.357503
1718564400000,5.227,5.265,5.227,5.255,20498.466084
1718568000000,5.255,5.262,5.239,5.246,9587.119603
1718571600000,5.246,5.249,5.233,5.245,18033.363068
1718575200000,5.245,5.293,5.245,5.267,56215.822559
1718578800000,5.268,5.281,5.236,5.243,53745.916298
1718582400000,5.242,5.278,5.224,5.233,47524.09281
1718586000000,5.233,5.245,5.189,5.212,136077.806921
1718589600000,5.212,5.213,5.143,5.191,151370.545731
1718593200000,5.192,5.201,5.151,5.168,66027.010083
1718596800000,5.169,5.197,5.135,5.195,60727.654189
1718600400000,5.195,5.211,5.16,5.175,46293.663071
1718604000000,5.176,5.178,5.118,5.134,79447.673973
1718607600000,5.132,5.162,5.078,5.12,151233.132613
1718611200000,5.122,5.14,5.041,5.069,105660.649576
1718614800000,5.071,5.129,5.041,5.061,127748.078593
1718618400000,5.062,5.069,4.942,5.05,344637.148521
1718622000000,5.05,5.078,5.047,5.062,67711.967809
1718625600000,5.062,5.099,5.052,5.072,54943.765852
1718629200000,5.072,5.093,5.005,5.021,145531.017442
1718632800000,5.021,5.087,5.018,5.058,113865.904115
1718636400000,5.058,5.08,4.867,4.923,333154.591344
1718640000000,4.923,4.975,4.7,4.948,1010199.650119
1718643600000,4.948,5.012,4.945,5.012,198255.090922
1718647200000,5.011,5.063,4.998,5.061,148931.420437
1718650800000,5.061,5.078,5.028,5.033,35202.301768
1718654400000,5.034,5.035,4.941,4.972,82474.625965
1718658000000,4.971,5.01,4.925,4.991,97995.967697
1718661600000,4.992,5.005,4.961,4.97,55724.79125
1718665200000,4.969,4.981,4.906,4.929,98984.869735
1718668800000,4.928,4.944,4.779,4.842,199356.220171
1718672400000,4.844,4.868,4.028,4.38,3871855.910507
1718676000000,4.379,4.418,4.313,4.388,858059.579604
1718679600000,4.388,4.418,4.356,4.415,287078.788214
1718683200000,4.414,4.475,4.403,4.444,330111.269645
1718686800000,4.443,4.471,4.428,4.434,213279.628227
1718690400000,4.433,4.443,4.409,4.416,212223.551864
1718694000000,4.416,4.455,4.411,4.42,154063.611439
1718697600000,4.421,4.46,4.392,4.458,238703.518065
1718701200000,4.458,4.462,4.411,4.415,148864.549933
1718704800000,4.415,4.443,4.398,4.422,123951.79309
1718708400000,4.422,4.424,4.34,4.383,218645.239781
1718712000000,4.383,4.399,4.288,4.343,495186.387175
1718715600000,4.343,4.349,4.252,4.268,318514.969322
1718719200000,4.269,4.362,4.222,4.26,444319.122222
1718722800000,4.26,4.316,4.225,4.289,494492.474917
1718726400000,4.289,4.291,4.19,4.272,339077.056797
1718730000000,4.271,4.295,4.195,4.204,216526.700133
1718733600000,4.204,4.26,4.17,4.207,111525.025266
1718737200000,4.206,4.28,4.162,4.275,149542.228956
1718740800000,4.276,4.326,4.251,4.32,179060.942041
1718744400000,4.321,4.368,4.304,4.363,165074.778101
1718748000000,4.362,4.369,4.319,4.357,82959.347019
1718751600000,4.357,4.367,4.33,4.351,76041.157386
1718755200000,4.351,4.365,4.294,4.36,141307.436421
1718758800000,4.36,4.415,4.352,4.377,485720.217475
1718762400000,4.379,4.458,4.376,4.428,216519.397707
1718766000000,4.429,4.474,4.421,4.432,180340.141174
1718769600000,4.432,4.464,4.422,4.443,115546.501875
1718773200000,4.443,4.467,4.417,4.452,105913.42689
1718776800000,4.453,4.469,4.437,4.469,69256.930992
1718780400000,4.469,4.476,4.43,4.458,134153.338891
1718784000000,4.458,4.462,4.407,4.416,147114.31542
1718787600000,4.417,4.442,4.394,4.423,70272.564042
1718791200000,4.423,4.464,4.416,4.459,62122.115427
1718794800000,4.46,4.463,4.398,4.426,78833.139986
1718798400000,4.425,4.456,4.415,4.447,51079.974586
1718802000000,4.446,4.46,4.436,4.439,68677.84944
1718805600000,4.44,4.441,4.374,4.397,169243.798262
1718809200000,4.397,4.43,4.386,4.405,155776.960377
1718812800000,4.404,4.444,4.381,4.425,136427.835535
1718816400000,4.424,4.498,4.422,4.463,165578.041668
1718820000000,4.464,4.489,4.458,4.46,30345.761733
1718823600000,4.46,4.466,4.435,4.45,28320.10335
1718827200000,4.449,4.476,4.431,4.463,45768.641347
1718830800000,4.464,4.493,4.455,4.478,70604.76078
1718834400000,4.477,4.484,4.44,4.443,26321.403465
1718838000000,4.443,4.455,4.417,4.44,58624.452313
1718841600000,4.44,4.46,4.414,4.435,96743.081331
1718845200000,4.433,4.514,4.418,4.449,129862.901971
1718848800000,4.448,4.466,4.421,4.44,85775.984581
1718852400000,4.441,4.451,4.422,4.444,56357.265764
1718856000000,4.444,4.475,4.417,4.464,105755.026556
1718859600000,4.465,4.508,4.461,4.503,140444.519137
1718863200000,4.502,4.543,4.483,4.509,170955.807329
1718866800000,4.509,4.57,4.506,4.563,169598.288969
1718870400000,4.563,4.565,4.528,4.557,222196.165178
1718874000000,4.558,4.563,4.531,4.534,131869.540413
1718877600000,4.534,4.579,4.513,4.574,160138.439825
1718881200000,4.575,4.622,4.556,4.562,226524.432441
1718884800000,4.562,4.572,4.52,4.522,185546.783001
1718888400000,4.522,4.529,4.44,4.456,283919.085632
1718892000000,4.456,4.465,4.375,4.438,321108.870025
1718895600000,4.437,4.446,4.392,4.394,138687.796931
1718899200000,4.395,4.421,4.317,4.402,261611.725967
1718902800000,4.403,4.434,4.373,4.432,67187.409919
1718906400000,4.431,4.45,4.42,4.443,68904.549105
1718910000000,4.443,4.458,4.425,4.456,52851.574492
1718913600000,4.456,4.472,4.43,4.445,28363.800104
1718917200000,4.444,4.452,4.427,4.432,13384.79405
1718920800000,4.432,4.44,4.42,4.433,17154.5307
1718924400000,4.433,4.442,4.405,4.409,35170.663971
1718928000000,4.409,4.414,4.333,4.355,111160.659592
1718931600000,4.354,4.437,4.343,4.429,86730.228458
1718935200000,4.43,4.451,4.392,4.41,99106.294857
1718938800000,4.409,4.422,4.376,4.398,55329.706527
1718942400000,4.399,4.434,4.379,4.428,91806.108096
1718946000000,4.428,4.431,4.393,4.418,48185.233774
1718949600000,4.417,4.424,4.39,4.401,56746.254589
1718953200000,4.401,4.413,4.321,4.345,193792.663554
1718956800000,4.345,4.362,4.271,4.292,180512.949143
1718960400000,4.292,4.399,4.28,4.386,122883.578023
1718964000000,4.387,4.41,4.369,4.381,77744.665775
1718967600000,4.381,4.408,4.375,4.398,60377.966803
1718971200000,4.397,4.421,4.354,4.38,58037.795678
1718974800000,4.379,4.387,4.321,4.336,90329.642299
1718978400000,4.336,4.438,4.322,4.426,167897.434635
1718982000000,4.426,4.439,4.347,4.379,117719.477474
1718985600000,4.378,4.408,4.369,4.377,85066.712165
1718989200000,4.377,4.387,4.302,4.329,108991.357844
1718992800000,4.33,4.425,4.317,4.423,93405.684607
1718996400000,4.424,4.434,4.405,4.412,66582.101624
1719000000000,4.412,4.447,4.407,4.422,76306.144024
1719003600000,4.421,4.429,4.381,4.411,22525.33311
1719007200000,4.412,4.421,4.401,4.401,20070.125323
1719010800000,4.401,4.407,4.389,4.4,42962.815603
1719014400000,4.399,4.402,4.344,4.36,61025.997184
1719018000000,4.361,4.384,4.359,4.377,27650.404441
1719021600000,4.377,4.409,4.375,4.397,38041.741603
1719025200000,4.397,4.416,4.389,4.415,36990.625417
1719028800000,4.416,4.42,4.403,4.406,55353.23742
1719032400000,4.406,4.412,4.392,4.407,31267.408266
1719036000000,4.408,4.434,4.408,4.423,41288.350357
1719039600000,4.423,4.424,4.4,4.417,38704.791255
1719043200000,4.418,4.42,4.366,4.377,66915.578036
1719046800000,4.377,4.403,4.375,4.398,27156.0624
1719050400000,4.397,4.418,4.39,4.399,47204.040598
1719054000000,4.398,4.41,4.39,4.408,22592.443778
1719057600000,4.408,4.414,4.399,4.399,29144.364616
1719061200000,4.4,4.43,4.396,4.414,96050.066152
1719064800000,4.414,4.427,4.407,4.417,48816.108358
1719068400000,4.418,4.42,4.397,4.411,47767.593557
1719072000000,4.411,4.444,4.397,4.414,66806.138164
1719075600000,4.413,4.431,4.394,4.395,36967.265951
1719079200000,4.395,4.404,4.384,4.395,22092.018987
1719082800000,4.396,4.401,4.382,4.395,46830.696307
1719086400000,4.395,4.396,4.367,4.384,22732.519796
1719090000000,4.384,4.402,4.382,4.402,9317.656943
1719093600000,4.402,4.404,4.382,4.393,15395.417538
1719097200000,4.392,4.401,4.378,4.379,21503.580475
1719100800000,4.378,4.435,4.37,4.421,67605.871191
1719104400000,4.421,4.46,4.411,4.457,105610.857271
1719108000000,4.456,4.458,4.432,4.456,51801.885532
1719111600000,4.456,4.477,4.445,4.464,45897.42807
1719115200000,4.464,4.466,4.446,4.452,23588.223049
1719118800000,4.451,4.46,4.434,4.441,41721.674393
1719122400000,4.441,4.45,4.434,4.442,21424.002143
1719126000000,4.442,4.463,4.44,4.455,24003.258404
1719129600000,4.454,4.456,4.44,4.454,53387.940279
1719133200000,4.455,4.467,4.44,4.45,30103.953216
1719136800000,4.451,4.452,4.414,4.425,34065.005754
1719140400000,4.425,4.433,4.408,4.419,44761.396001
1719144000000,4.418,4.42,4.403,4.415,34016.381443
1719147600000,4.416,4.423,4.382,4.39,101324.766985
1719151200000,4.39,4.395,4.346,4.353,162197.431108
1719154800000,4.352,4.362,4.286,4.305,172376.077424
1719158400000,4.306,4.313,4.223,4.239,205612.421562
1719162000000,4.238,4.299,4.234,4.287,135542.883575
1719165600000,4.287,4.32,4.286,4.319,41212.556466
1719169200000,4.319,4.347,4.316,4.341,78326.409926
1719172800000,4.342,4.36,4.272,4.321,108876.31322
1719176400000,4.323,4.36,4.32,4.35,67145.423068
1719180000000,4.35,4.351,4.286,4.311,64838.110528
1719183600000,4.31,4.335,4.275,4.288,77972.366726
1719187200000,4.289,4.352,4.283,4.321,74378.149922
1719190800000,4.321,4.335,4.262,4.317,128696.686125
1719194400000,4.316,4.329,4.236,4.268,89145.084041
1719198000000,4.269,4.315,4.268,4.292,54050.251015
1719201600000,4.293,4.303,4.26,4.283,79073.600146
1719205200000,4.283,4.291,4.161,4.194,317442.775452
1719208800000,4.193,4.243,4.19,4.236,117459.246103
1719212400000,4.236,4.24,4.202,4.211,112077.405003
1719216000000,4.212,4.251,4.164,4.226,153908.582551
1719219600000,4.228,4.243,4.002,4.178,754535.274755
1719223200000,4.178,4.252,4.169,4.241,246430.792703
1719226800000,4.241,4.26,4.189,4.214,109448.523832
1719230400000,4.213,4.373,4.207,4.336,394264.90915
1719234000000,4.337,4.414,4.311,4.376,443295.560615
1719237600000,4.377,4.404,4.353,4.386,189126.503205
1719241200000,4.387,4.409,4.28,4.306,313943.017393
1719244800000,4.306,4.328,4.277,4.308,164063.902241
1719248400000,4.307,4.386,4.285,4.341,260624.852113
1719252000000,4.342,4.369,4.293,4.33,156660.672536
1719255600000,4.33,4.344,4.236,4.26,104973.904781
1719259200000,4.26,4.307,4.209,4.288,248304.58335
1719262800000,4.287,4.41,4.284,4.387,166542.761907
1719266400000,4.387,4.403,4.37,4.396,61756.271998
1719270000000,4.397,4.412,4.379,4.397,157474.959235
1719273600000,4.397,4.408,4.365,4.384,82233.517989
1719277200000,4.385,4.407,4.367,4.404,56423.27952
1719280800000,4.405,4.423,4.386,4.398,89600.777965
1719284400000,4.397,4.457,4.395,4.427,204323.295569
1719288000000,4.427,4.441,4.41,4.436,63201.080073
1719291600000,4.436,4.439,4.405,4.415,47989.931625
1719295200000,4.416,4.425,4.4,4.419,43982.239794
1719298800000,4.42,4.43,4.378,4.388,143772.675588
1719302400000,4.388,4.4,4.36,4.38,91062.487294
1719306000000,4.381,4.423,4.373,4.415,70979.049691
1719309600000,4.413,4.439,4.404,4.423,91562.447224
1719313200000,4.423,4.445,4.419,4.435,110945.825122
1719316800000,4.434,4.447,4.413,4.415,61869.099693
1719320400000,4.415,4.43,4.402,4.409,59179.437281
1719324000000,4.409,4.476,4.405,4.45,198682.288481
1719327600000,4.45,4.522,4.428,4.485,364422.32218
1719331200000,4.484,4.493,4.444,4.447,109490.537438
1719334800000,4.447,4.475,4.443,4.444,97411.957224
1719338400000,4.445,4.5,4.438,4.495,44060.466826
1719342000000,4.494,4.51,4.473,4.483,40215.368617
1719345600000,4.482,4.485,4.472,4.475,15025.184221
1719349200000,4.474,4.483,4.467,4.471,12191.334888
1719352800000,4.471,4.484,4.456,4.457,21116.983544
1719356400000,4.458,4.461,4.433,4.443,38191.363017
1719360000000,4.444,4.451,4.425,4.436,48515.262655
1719363600000,4.437,4.478,4.428,4.469,65376.896504
1719367200000,4.47,4.498,4.457,4.46,57652.929084
1719370800000,4.46,4.47,4.419,4.438,185259.522863
1719374400000,4.437,4.444,4.412,4.416,80733.275
1719378000000,4.416,4.434,4.388,4.404,102848.735687
1719381600000,4.403,4.421,4.403,4.407,25980.206938
1719385200000,4.408,4.44,4.4,4.432,73921.258612
1719388800000,4.431,4.436,4.395,4.406,45033.209276
1719392400000,4.407,4.416,4.399,4.409,26915.304249
1719396000000,4.408,4.413,4.395,4.403,35040.059469
1719399600000,4.403,4.421,4.388,4.402,35366.187869
1719403200000,4.401,4.409,4.367,4.373,94695.604498
1719406800000,4.374,4.41,4.359,4.404,104071.374559
1719410400000,4.405,4.42,4.361,4.38,112355.759225
1719414000000,4.38,4.384,4.329,4.381,189269.609655
1719417600000,4.381,4.396,4.373,4.378,42800.678726
1719421200000,4.377,4.394,4.32,4.394,136583.211468
1719424800000,4.395,4.395,4.372,4.386,42791.424734
1719428400000,4.386,4.426,4.379,4.423,49558.721334
1719432000000,4.423,4.449,4.408,4.435,39283.603621
1719435600000,4.435,4.44,4.42,4.429,18329.288647
1719439200000,4.428,4.43,4.401,4.411,18811.040958
1719442800000,4.411,4.414,4.383,4.396,57881.230738
1719446400000,4.396,4.397,4.358,4.376,39210.609064
1719450000000,4.375,4.375,4.35,4.356,50546.015598
1719453600000,4.357,4.36,4.331,4.345,53021.846337
1719457200000,4.345,4.37,4.332,4.347,36045.517076
1719460800000,4.348,4.354,4.337,4.342,39394.056108
1719464400000,4.343,4.347,4.287,4.3,159447.4475
1719468000000,4.301,4.312,4.285,4.307,103011.605737
1719471600000,4.307,4.32,4.291,4.314,61997.048036
1719475200000,4.315,4.333,4.311,4.332,47233.722278
1719478800000,4.332,4.391,4.332,4.382,98123.430804
1719482400000,4.383,4.405,4.376,4.377,94001.212
1719486000000,4.378,4.411,4.377,4.4,90683.571628
1719489600000,4.399,4.446,4.399,4.417,104169.973074
1719493200000,4.416,4.476,4.414,4.461,319833.464031
1719496800000,4.461,4.5,4.446,4.461,162659.442924
1719500400000,4.461,4.5,4.456,4.479,174690.117708
1719504000000,4.48,4.492,4.454,4.466,53259.936561
1719507600000,4.466,4.5,4.465,4.493,34254.181108
1719511200000,4.493,4.518,4.477,4.497,106559.72853
1719514800000,4.497,4.529,4.481,4.505,55203.476903
1719518400000,4.506,4.514,4.492,4.504,21309.77992
1719522000000,4.503,4.516,4.497,4.506,57709.428363
1719525600000,4.506,4.518,4.499,4.509,25621.201734
1719529200000,4.51,4.519,4.503,4.505,54558.419851
1719532800000,4.505,4.507,4.466,4.488,114325.897128
1719536400000,4.488,4.558,4.485,4.532,121214.396592
1719540000000,4.532,4.54,4.5,4.5,127750.901837
1719543600000,4.5,4.521,4.492,4.511,54793.941796
1719547200000,4.511,4.526,4.495,4.51,67335.522861
1719550800000,4.51,4.51,4.47,4.475,119654.244175
1719554400000,4.474,4.497,4.468,4.489,51500.488518
1719558000000,4.49,4.494,4.461,4.492,49517.912684
1719561600000,4.492,4.496,4.474,4.492,28388.363308
1719565200000,4.491,4.506,4.484,4.5,32942.943064
1719568800000,4.5,4.536,4.494,4.527,59049.858594
1719572400000,4.527,4.546,4.52,4.53,59010.469853
1719576000000,4.529,4.559,4.508,4.516,114007.255826
1719579600000,4.515,4.58,4.488,4.527,155992.857187
1719583200000,4.528,4.544,4.485,4.511,65669.520963
1719586800000,4.511,4.526,4.492,4.502,94788.241413
1719590400000,4.503,4.512,4.447,4.506,123304.703731
1719594000000,4.506,4.506,4.424,4.445,84493.815487
1719597600000,4.446,4.47,4.439,4.455,24334.886713
1719601200000,4.454,4.477,4.428,4.461,27050.534871
1719604800000,4.462,4.478,4.436,4.439,18907.460161
1719608400000,4.439,4.44,4.396,4.423,87872.313563
1719612000000,4.424,4.428,4.404,4.416,42433.976922
1719615600000,4.415,4.417,4.381,4.383,74142.957185
1719619200000,4.384,4.4,4.377,4.391,120894.719041
1719622800000,4.39,4.427,4.387,4.423,91380.756087
1719626400000,4.423,4.442,4.418,4.427,25826.043364
1719630000000,4.426,4.448,4.423,4.438,35958.801029
1719633600000,4.438,4.441,4.406,4.422,75785.553254
1719637200000,4.422,4.426,4.401,4.412,22828.287113
1719640800000,4.413,4.423,4.396,4.41,39577.872055
1719644400000,4.411,4.449,4.411,4.44,45805.915841
1719648000000,4.44,4.44,4.42,4.427,21075.459517
1719651600000,4.428,4.439,4.421,4.438,16218.082112
1719655200000,4.438,4.447,4.433,4.434,12100.928554
1719658800000,4.433,4.448,4.427,4.438,20936.687751
1719662400000,4.437,4.443,4.415,4.419,34974.071731
1719666000000,4.419,4.425,4.409,4.411,52862.405235
1719669600000,4.411,4.42,4.385,4.391,64444.832619
1719673200000,4.391,4.408,4.374,4.407,108273.234801
1719676800000,4.406,4.409,4.374,4.39,38114.385684
1719680400000,4.389,4.39,4.361,4.377,39353.237253
1719684000000,4.377,4.378,4.356,4.37,22409.822388
1719687600000,4.37,4.374,4.338,4.365,27307.711792
1719691200000,4.365,4.373,4.345,4.353,13843.785757
1719694800000,4.353,4.375,4.339,4.363,56200.023934
1719698400000,4.363,4.365,4.324,4.338,57706.714825
1719702000000,4.337,4.352,4.337,4.35,39153.015903
1719705600000,4.35,4.375,4.337,4.363,45247.167579
1719709200000,4.363,4.363,4.329,4.338,40564.208169
1719712800000,4.337,4.342,4.303,4.315,122755.50913
1719716400000,4.315,4.332,4.313,4.332,51829.296939
1719720000000,4.331,4.332,4.311,4.326,34365.971005
1719723600000,4.326,4.333,4.313,4.328,29119.746754
1719727200000,4.329,4.356,4.321,4.356,35587.820202
1719730800000,4.355,4.461,4.353,4.438,244469.071861
1719734400000,4.437,4.459,4.421,4.438,87537.806992
1719738000000,4.438,4.454,4.423,4.423,22053.889339
1719741600000,4.423,4.43,4.403,4.41,38935.85501
1719745200000,4.411,4.427,4.408,4.411,21745.252224
1719748800000,4.411,4.431,4.396,4.431,47128.153337
1719752400000,4.43,4.44,4.423,4.426,46755.372829
1719756000000,4.426,4.444,4.415,4.431,32921.178603
1719759600000,4.43,4.455,4.43,4.438,44500.186641
1719763200000,4.438,4.446,4.407,4.419,33444.505206
1719766800000,4.421,4.458,4.419,4.442,81192.644826
1719770400000,4.441,4.46,4.43,4.455,25291.436437
1719774000000,4.455,4.457,4.438,4.444,21929.360919
1719777600000,4.444,4.458,4.441,4.441,36050.456824
1719781200000,4.441,4.444,4.418,4.428,27108.207312
1719784800000,4.429,4.503,4.427,4.481,110100.151079
1719788400000,4.481,4.491,4.47,4.481,67306.118268
1719792000000,4.48,4.485,4.46,4.475,57311.646986
1719795600000,4.475,4.554,4.468,4.551,174735.495853
1719799200000,4.551,4.558,4.523,4.532,96707.18356
1719802800000,4.532,4.534,4.507,4.51,115562.285783
1719806400000,4.51,4.523,4.492,4.5,66471.614656
1719810000000,4.501,4.513,4.492,4.51,39699.391706
1719813600000,4.511,4.515,4.496,4.506,74503.931712
1719817200000,4.506,4.522,4.496,4.499,28552.873183
1719820800000,4.5,4.504,4.453,4.473,74924.034666
1719824400000,4.473,4.54,4.461,4.531,136985.738111
1719828000000,4.531,4.543,4.491,4.514,187774.007443
1719831600000,4.514,4.519,4.471,4.482,81064.773311
1719835200000,4.483,4.497,4.476,4.491,46982.71299
1719838800000,4.49,4.501,4.443,4.462,73625.53266
1719842400000,4.463,4.477,4.436,4.453,100312.728651
1719846000000,4.453,4.472,4.442,4.46,52628.107621
1719849600000,4.459,4.477,4.408,4.425,172014.579533
1719853200000,4.424,4.445,4.405,4.443,77147.380916
1719856800000,4.442,4.463,4.42,4.431,58730.58638
1719860400000,4.431,4.435,4.38,4.399,134102.994802
1719864000000,4.4,4.405,4.381,4.381,27076.528998
1719867600000,4.381,4.392,4.36,4.369,101852.030824
1719871200000,4.368,4.372,4.33,4.349,143149.511205
1719874800000,4.348,4.351,4.328,4.334,120334.69671
1719878400000,4.334,4.336,4.311,4.331,135885.977586
1719882000000,4.331,4.338,4.317,4.335,63890.512404
1719885600000,4.334,4.358,4.326,4.357,72987.158396
1719889200000,4.357,4.398,4.355,4.375,72208.926193
1719892800000,4.376,4.383,4.36,4.361,52732.372067
1719896400000,4.361,4.379,4.357,4.364,65698.510784
1719900000000,4.364,4.371,4.348,4.351,74298.006776
1719903600000,4.351,4.352,4.33,4.345,77020.344742
1719907200000,4.344,4.368,4.332,4.36,64482.117121
1719910800000,4.36,4.374,4.352,4.371,79294.864116
1719914400000,4.371,4.402,4.362,4.387,129909.988203
1719918000000,4.387,4.395,4.375,4.383,80507.923884
1719921600000,4.383,4.417,4.374,4.395,93964.316186
1719925200000,4.396,4.428,4.362,4.372,97023.682899
1719928800000,4.373,4.387,4.349,4.368,78666.603468
1719932400000,4.367,4.378,4.348,4.363,54093.360483
1719936000000,4.364,4.369,4.352,4.367,35146.573707
1719939600000,4.367,4.375,4.353,4.374,19101.030647
1719943200000,4.373,4.426,4.371,4.412,39204.793447
1719946800000,4.411,4.422,4.396,4.413,35218.897102
1719950400000,4.414,4.432,4.408,4.417,61524.736489
1719954000000,4.417,4.46,4.41,4.437,47620.206099
1719957600000,4.437,4.441,4.419,4.431,28265.199284
1719961200000,4.43,4.431,4.403,4.418,65266.10236
1719964800000,4.419,4.438,4.411,4.421,37809.868334
1719968400000,4.42,4.43,4.364,4.379,85261.75264
1719972000000,4.379,4.379,4.352,4.367,66915.991234
1719975600000,4.368,4.368,4.234,4.311,434124.099002
1719979200000,4.311,4.315,4.278,4.287,79911.985432
1719982800000,4.287,4.302,4.274,4.301,56909.620505
1719986400000,4.301,4.312,4.296,4.303,43565.947547
1719990000000,4.303,4.307,4.287,4.293,63416.781587
1719993600000,4.292,4.304,4.281,4.289,60063.167258
1719997200000,4.289,4.308,4.275,4.28,80630.293553
1720000800000,4.279,4.28,4.165,4.232,658962.344601
1720004400000,4.231,4.231,4.181,4.208,178875.436536
1720008000000,4.207,4.207,4.13,4.168,187022.365565
1720011600000,4.167,4.226,4.154,4.22,95004.119618
1720015200000,4.221,4.232,4.2,4.2,110210.451376
1720018800000,4.199,4.209,4.167,4.189,73538.329319
1720022400000,4.188,4.203,4.161,4.181,83057.475315
1720026000000,4.181,4.186,4.108,4.129,122208.758283
1720029600000,4.128,4.146,4.108,4.128,37880.138104
1720033200000,4.126,4.128,4.039,4.096,243576.960973
1720036800000,4.096,4.109,4.065,4.071,42786.820115
1720040400000,4.072,4.107,4.069,4.102,67163.265772
1720044000000,4.102,4.102,4.068,4.092,45823.856673
1720047600000,4.092,4.107,4.071,4.106,47221.752106
1720051200000,4.105,4.136,4.101,4.108,66898.674315
1720054800000,4.107,4.12,3.9,3.947,945704.080093
1720058400000,3.947,4.026,3.862,4.014,444268.772781
1720062000000,4.013,4.035,3.989,4.034,153590.308628
1720065600000,4.034,4.047,4.021,4.043,104029.331991
1720069200000,4.044,4.049,4.028,4.028,52232.81829
1720072800000,4.029,4.039,3.985,4.014,144219.571051
1720076400000,4.014,4.021,3.976,3.997,158546.91082
1720080000000,3.997,4.01,3.932,4.003,278040.051486
1720083600000,4.002,4.004,3.937,3.976,154800.118889
1720087200000,3.975,3.978,3.926,3.964,115661.297579
1720090800000,3.962,3.983,3.937,3.943,80611.005887
1720094400000,3.944,3.949,3.855,3.864,263791.047936
1720098000000,3.864,3.885,3.763,3.879,556919.342078
1720101600000,3.88,3.899,3.866,3.889,139393.563995
1720105200000,3.889,3.934,3.872,3.926,122672.001074
1720108800000,3.925,3.926,3.883,3.915,55712.004037
1720112400000,3.914,3.924,3.902,3.914,39616.182858
1720116000000,3.915,3.917,3.868,3.878,36338.371438
1720119600000,3.879,3.925,3.873,3.882,55210.917981
1720123200000,3.882,3.927,3.875,3.926,35366.08231
1720126800000,3.925,3.951,3.906,3.949,52073.275883
1720130400000,3.949,3.964,3.912,3.912,60261.874703
1720134000000,3.912,3.913,3.759,3.78,281722.931723
1720137600000,3.779,3.789,3.504,3.667,2074723.503377
1720141200000,3.668,3.68,3.5,3.653,505732.419549
1720144800000,3.651,3.652,3.263,3.351,1868629.622699
1720148400000,3.352,3.426,3.241,3.348,1999684.018999
1720152000000,3.347,3.455,3.262,3.42,669031.727899
1720155600000,3.423,3.465,3.408,3.439,318038.526725
1720159200000,3.439,3.439,3.35,3.356,312339.320085
1720162800000,3.355,3.411,3.35,3.402,379662.320679
1720166400000,3.401,3.401,3.286,3.3,557805.495138
1720170000000,3.301,3.434,3.29,3.433,405428.226694
1720173600000,3.434,3.485,3.426,3.458,203175.244387
1720177200000,3.458,3.526,3.456,3.511,190224.593267
1720180800000,3.51,3.545,3.467,3.477,407300.225237
1720184400000,3.477,3.562,3.474,3.547,165541.083494
1720188000000,3.546,3.549,3.498,3.53,126344.917443
1720191600000,3.531,3.587,3.519,3.554,193891.696709
1720195200000,3.554,3.594,3.532,3.543,184445.402364
1720198800000,3.544,3.578,3.526,3.568,109662.977038
1720202400000,3.567,3.586,3.522,3.58,139545.893256
1720206000000,3.579,3.588,3.55,3.555,44000.321515
1720209600000,3.556,3.565,3.543,3.559,18176.451046
1720213200000,3.562,3.57,3.532,3.542,103154.053223
1720216800000,3.542,3.572,3.522,3.536,89106.192514
1720220400000,3.538,3.559,3.533,3.545,74610.140544
1720224000000,3.542,3.668,3.522,3.582,266055.364377
1720227600000,3.582,3.585,3.526,3.535,179639.452332
1720231200000,3.535,3.567,3.503,3.554,105609.577002
1720234800000,3.554,3.563,3.539,3.554,53043.729392
1720238400000,3.553,3.564,3.522,3.528,97133.817747
1720242000000,3.528,3.555,3.522,3.549,124472.662776
1720245600000,3.548,3.602,3.541,3.581,130846.324989
1720249200000,3.58,3.624,3.58,3.612,94153.300746
1720252800000,3.611,3.628,3.597,3.603,105171.273449
1720256400000,3.602,3.647,3.586,3.636,109527.571641
1720260000000,3.636,3.68,3.627,3.675,176757.473836
1720263600000,3.674,3.703,3.666,3.691,92537.43594
1720267200000,3.689,3.716,3.669,3.694,139381.765099
1720270800000,3.694,3.713,3.672,3.682,127434.902416
1720274400000,3.682,3.716,3.654,3.71,188773.847307
1720278000000,3.71,3.768,3.708,3.745,205563.383402
1720281600000,3.745,3.857,3.724,3.851,253761.143642
1720285200000,3.851,3.884,3.84,3.87,106999.271994
1720288800000,3.87,3.898,3.865,3.898,47548.41684
1720292400000,3.898,3.906,3.873,3.896,164120.71944
1720296000000,3.896,3.936,3.894,3.912,64704.926022
1720299600000,3.913,3.95,3.901,3.935,79989.614524
1720303200000,3.936,4.012,3.936,4.001,173359.416875
1720306800000,4.001,4.016,3.955,3.975,294253.594224
1720310400000,3.974,3.974,3.914,3.92,133059.133834
1720314000000,3.919,3.933,3.878,3.897,167698.133532
1720317600000,3.895,3.929,3.894,3.923,49027.181142
1720321200000,3.924,3.926,3.879,3.905,92260.493145
1720324800000,3.907,3.91,3.854,3.864,132899.810229
1720328400000,3.865,3.895,3.835,3.874,107464.199632
1720332000000,3.872,3.903,3.866,3.883,47521.248606
1720335600000,3.883,3.9,3.809,3.847,156768.823235
1720339200000,3.847,3.864,3.829,3.846,41956.532424
1720342800000,3.846,3.884,3.835,3.862,102158.972437
1720346400000,3.864,3.884,3.843,3.858,42293.755682
1720350000000,3.857,3.87,3.848,3.861,25144.348402
1720353600000,3.861,3.883,3.812,3.831,144413.731698
1720357200000,3.831,3.831,3.72,3.725,222431.534589
1720360800000,3.724,3.728,3.662,3.692,194248.910128
1720364400000,3.692,3.744,3.685,3.71,93177.606451
1720368000000,3.711,3.761,3.693,3.757,94343.318784
1720371600000,3.758,3.783,3.729,3.773,46034.138181
1720375200000,3.773,3.783,3.745,3.755,78531.990303
1720378800000,3.755,3.758,3.731,3.734,12380.951129
1720382400000,3.734,3.746,3.712,3.724,19781.458163
1720386000000,3.717,3.717,3.624,3.683,97649.236872
1720389600000,3.684,3.705,3.636,3.64,71248.961397
1720393200000,3.64,3.673,3.611,3.637,98892.572702
1720396800000,3.637,3.654,3.502,3.519,423609.281282
1720400400000,3.52,3.531,3.456,3.531,564752.550601
1720404000000,3.53,3.611,3.515,3.602,197090.050756
1720407600000,3.604,3.624,3.565,3.603,183191.153854
1720411200000,3.603,3.698,3.59,3.693,337988.572358
1720414800000,3.693,3.714,3.657,3.678,84934.747342
1720418400000,3.681,3.714,3.652,3.689,89688.674748
1720422000000,3.688,3.72,3.66,3.714,71084.964945
1720425600000,3.716,3.911,3.703,3.904,778144.863178
1720429200000,3.903,3.945,3.846,3.864,289317.348951
1720432800000,3.867,3.922,3.832,3.841,262921.046269
1720436400000,3.842,3.92,3.841,3.893,118495.434835
1720440000000,3.894,3.902,3.854,3.873,173126.229067
1720443600000,3.872,3.899,3.84,3.868,195490.086384
1720447200000,3.868,3.88,3.65,3.791,844928.028583
1720450800000,3.79,3.849,3.744,3.75,464167.318372
1720454400000,3.75,3.786,3.705,3.759,136214.492624
1720458000000,3.756,3.799,3.74,3.783,44384.685903
1720461600000,3.782,3.809,3.772,3.787,32355.674295
1720465200000,3.786,3.805,3.778,3.791,17440.811389
1720468800000,3.792,3.811,3.753,3.765,61875.239705
1720472400000,3.764,3.809,3.746,3.799,46314.402881
1720476000000,3.797,3.822,3.79,3.807,26512.712321
1720479600000,3.807,3.836,3.802,3.817,74922.406992
1720483200000,3.816,3.817,3.772,3.804,58340.437256
1720486800000,3.805,3.88,3.76,3.779,198299.607914
1720490400000,3.778,3.844,3.752,3.843,108109.374012
1720494000000,3.845,3.851,3.8,3.818,105939.781373
1720497600000,3.82,3.856,3.81,3.842,138379.717688
1720501200000,3.839,3.859,3.818,3.857,103124.028317
1720504800000,3.855,3.88,3.841,3.848,57857.02893
1720508400000,3.849,3.862,3.831,3.838,101547.266134
1720512000000,3.839,3.9,3.831,3.859,84598.472493
1720515600000,3.861,3.877,3.852,3.852,47760.930633
1720519200000,3.853,3.864,3.843,3.854,91913.641008
1720522800000,3.854,3.879,3.828,3.874,112540.526889
1720526400000,3.874,3.885,3.862,3.872,38564.727297
1720530000000,3.873,3.895,3.855,3.878,52103.893366
1720533600000,3.879,3.959,3.863,3.883,197353.225692
1720537200000,3.883,3.922,3.847,3.919,123674.022164
1720540800000,3.918,3.946,3.903,3.935,90154.636304
1720544400000,3.934,3.944,3.881,3.892,49190.144247
1720548000000,3.893,3.942,3.886,3.918,68020.157165
1720551600000,3.919,3.921,3.905,3.915,21458.582165
1720555200000,3.915,3.935,3.907,3.918,26322.257269
1720558800000,3.919,3.933,3.908,3.914,12882.884239
1720562400000,3.912,3.944,3.898,3.914,41681.126845
1720566000000,3.915,3.921,3.901,3.909,30216.668922
1720569600000,3.91,3.91,3.844,3.851,101268.482039
1720573200000,3.851,3.893,3.836,3.87,140784.717933
1720576800000,3.87,3.891,3.847,3.883,96124.174853
1720580400000,3.882,3.913,3.88,3.907,40557.800204
1720584000000,3.907,3.987,3.907,3.976,237446.108041
1720587600000,3.976,3.994,3.942,3.954,114409.268647
1720591200000,3.955,3.984,3.937,3.978,56037.213163
1720594800000,3.979,3.983,3.926,3.94,56265.386047
1720598400000,3.94,3.942,3.901,3.914,63986.503069
1720602000000,3.914,3.919,3.876,3.896,110396.646823
1720605600000,3.896,3.918,3.88,3.912,49607.81542
1720609200000,3.912,3.914,3.868,3.881,66692.341141
1720612800000,3.881,3.896,3.845,3.889,151338.597875
1720616400000,3.89,3.907,3.867,3.897,86840.358948
1720620000000,3.896,3.918,3.874,3.888,80041.610372
1720623600000,3.887,3.939,3.864,3.912,101528.654121
1720627200000,3.912,3.954,3.905,3.921,145512.139899
1720630800000,3.922,3.937,3.888,3.935,90704.630322
1720634400000,3.934,3.947,3.924,3.936,25316.133618
1720638000000,3.934,3.946,3.923,3.946,25482.855984
1720641600000,3.947,3.961,3.918,3.943,50946.078369
1720645200000,3.942,3.942,3.907,3.928,21124.959594
1720648800000,3.925,3.957,3.925,3.954,49500.487169
1720652400000,3.953,3.988,3.942,3.971,76277.382474
1720656000000,3.971,3.991,3.947,3.988,78445.886217
1720659600000,3.987,4.075,3.949,4.057,370491.45077
1720663200000,4.056,4.061,4.005,4.024,149003.525583
1720666800000,4.024,4.038,3.939,3.971,184150.062402
1720670400000,3.97,3.987,3.959,3.987,47613.436331
1720674000000,3.988,4.038,3.983,4.03,92533.025404
1720677600000,4.03,4.03,3.998,4.004,76308.752045
1720681200000,4.004,4.018,3.995,4.01,37970.285814
1720684800000,4.009,4.023,3.979,3.985,41555.510281
1720688400000,3.987,4.004,3.979,4.001,28017.861687
1720692000000,4.002,4.021,3.986,4.02,65096.84619
1720695600000,4.02,4.047,4.009,4.027,134957.916217
1720699200000,4.028,4.1,4.019,4.075,392211.372825
1720702800000,4.072,4.107,4.025,4.102,195133.668711
1720706400000,4.102,4.156,4.051,4.088,268258.726094
1720710000000,4.09,4.138,4.056,4.094,325565.117146
1720713600000,4.094,4.218,4.073,4.189,501837.468702
1720717200000,4.188,4.195,4.139,4.193,250814.558207
1720720800000,4.192,4.222,4.177,4.195,168177.544253
1720724400000,4.195,4.207,4.16,4.186,223795.879976
1720728000000,4.186,4.233,4.158,4.219,140200.099814
1720731600000,4.218,4.221,4.133,4.161,143072.135253
1720735200000,4.162,4.162,4.073,4.097,176015.043452
1720738800000,4.098,4.116,4.065,4.081,91333.736886
1720742400000,4.081,4.146,4.074,4.089,104982.494513
1720746000000,4.09,4.105,4.005,4.065,167188.47367
1720749600000,4.063,4.1,4.055,4.09,76356.188304
1720753200000,4.088,4.091,4.012,4.02,114594.298252
1720756800000,4.02,4.027,3.984,4.01,129542.872492
1720760400000,4.012,4.054,4.002,4.048,51058.651867
1720764000000,4.048,4.067,4.034,4.044,51218.60461
1720767600000,4.044,4.052,4.01,4.038,55600.554787
1720771200000,4.041,4.076,4.038,4.062,72126.214477
1720774800000,4.061,4.062,3.985,3.995,80654.748551
1720778400000,3.995,4.036,3.967,4.013,196464.819053
1720782000000,4.011,4.014,3.99,3.996,53379.933255
1720785600000,3.999,4.04,3.992,4.014,131434.558868
1720789200000,4.014,4.057,4.007,4.048,100793.234648
1720792800000,4.05,4.06,3.976,3.988,131409.2557
1720796400000,3.987,4.021,3.972,4.009,147528.398047
1720800000000,4.012,4.03,3.982,4.005,70051.78575
1720803600000,4.003,4.033,3.987,4.001,61659.675848
1720807200000,4.001,4.048,3.992,4.023,90147.322196
1720810800000,4.023,4.027,3.982,3.99,51588.680993
1720814400000,3.99,4.004,3.954,3.999,75380.892163
1720818000000,3.999,4.027,3.999,4.012,37501.535942
1720821600000,4.012,4.088,4.008,4.08,70239.643112
1720825200000,4.079,4.124,4.065,4.122,104806.857594
1720828800000,4.123,4.132,4.105,4.127,99112.713084
1720832400000,4.126,4.138,4.113,4.116,96369.391204
1720836000000,4.116,4.122,4.087,4.114,99648.256511
1720839600000,4.116,4.179,4.105,4.14,177773.31731
1720843200000,4.141,4.165,4.136,4.146,102151.887825
1720846800000,4.146,4.23,4.142,4.205,211326.211527
1720850400000,4.204,4.244,4.204,4.238,171022.475277
1720854000000,4.239,4.276,4.22,4.273,232697.219391
1720857600000,4.272,4.28,4.233,4.234,121180.661279
1720861200000,4.235,4.254,4.222,4.237,144434.467396
1720864800000,4.237,4.252,4.197,4.203,108368.265983
1720868400000,4.204,4.204,4.165,4.187,99876.847983
1720872000000,4.188,4.19,4.168,4.182,90524.015151
1720875600000,4.182,4.211,4.169,4.204,139892.082903
1720879200000,4.203,4.211,4.183,4.209,77568.538715
1720882800000,4.208,4.256,4.198,4.25,134808.296308
1720886400000,4.25,4.278,4.225,4.263,166388.541992
1720890000000,4.263,4.265,4.238,4.252,67159.929766
1720893600000,4.25,4.26,4.223,4.247,63147.232091
1720897200000,4.246,4.299,4.246,4.296,93972.894561
1720900800000,4.296,4.315,4.265,4.273,75890.24117
1720904400000,4.275,4.306,4.267,4.293,28788.356777
1720908000000,4.293,4.31,4.241,4.293,127192.300294
1720911600000,4.294,4.312,4.26,4.283,108874.647904
1720915200000,4.283,4.293,4.242,4.276,81751.950205
1720918800000,4.275,4.291,4.258,4.29,116802.452727
1720922400000,4.289,4.297,4.245,4.264,82569.501129
1720926000000,4.265,4.28,4.259,4.268,35209.35292
1720929600000,4.267,4.338,4.263,4.285,148127.819434
1720933200000,4.286,4.308,4.26,4.29,165830.818936
1720936800000,4.29,4.291,4.258,4.265,39563.066035
1720940400000,4.264,4.269,4.232,4.237,84911.650354
1720944000000,4.237,4.281,4.223,4.268,52143.377631
1720947600000,4.269,4.284,4.249,4.28,65945.766807
1720951200000,4.278,4.279,4.235,4.239,51902.828176
1720954800000,4.238,4.247,4.229,4.233,30904.106304
1720958400000,4.234,4.239,4.198,4.212,65251.043959
1720962000000,4.212,4.219,4.2,4.213,49994.254491
1720965600000,4.212,4.229,4.185,4.225,78349.490693
1720969200000,4.226,4.242,4.2,4.236,39950.228295
1720972800000,4.238,4.26,4.229,4.25,76257.933654
1720976400000,4.25,4.254,4.231,4.24,17914.478812
1720980000000,4.24,4.244,4.216,4.221,10111.492363
1720983600000,4.219,4.22,4.201,4.207,31168.453459
1720987200000,4.208,4.23,4.205,4.207,23845.567537
1720990800000,4.207,4.305,4.205,4.305,91172.653146
1720994400000,4.305,4.346,4.274,4.282,102416.135055
1720998000000,4.282,4.297,4.262,4.274,122132.247977
1721001600000,4.272,4.321,4.242,4.314,158311.475557
1721005200000,4.312,4.344,4.283,4.293,172827.726029
1721008800000,4.292,4.358,4.282,4.328,215134.053445
1721012400000,4.33,4.348,4.312,4.331,139801.608173
1721016000000,4.331,4.344,4.302,4.323,125656.910621
1721019600000,4.323,4.33,4.309,4.31,78108.780557
1721023200000,4.31,4.338,4.3,4.326,114329.761673
1721026800000,4.326,4.358,4.315,4.327,84924.859462
1721030400000,4.327,4.335,4.27,4.279,207792.488132
1721034000000,4.278,4.279,4.25,4.262,177136.757746
1721037600000,4.263,4.264,4.224,4.233,109273.497299
1721041200000,4.235,4.262,4.226,4.247,69336.322102
1721044800000,4.247,4.281,4.244,4.268,118453.776107
1721048400000,4.266,4.305,4.262,4.276,190942.738558
1721052000000,4.279,4.292,4.244,4.29,134716.726331
1721055600000,4.29,4.309,4.21,4.241,292125.243268
1721059200000,4.24,4.337,4.225,4.284,322668.119597
1721062800000,4.285,4.312,4.27,4.277,105195.348717
1721066400000,4.276,4.327,4.265,4.315,53658.927125
1721070000000,4.315,4.351,4.299,4.326,157987.141647
1721073600000,4.324,4.369,4.318,4.362,107173.27726
1721077200000,4.364,4.408,4.359,4.367,162876.173561
1721080800000,4.37,4.461,4.37,4.432,157285.157702
1721084400000,4.433,4.456,4.415,4.444,143076.795845
1721088000000,4.443,4.479,4.406,4.438,317240.327529
1721091600000,4.44,4.465,4.413,4.438,162711.210781
1721095200000,4.437,4.45,4.405,4.42,101304.610209
1721098800000,4.419,4.476,4.41,4.463,109776.381597
1721102400000,4.463,4.471,4.425,4.437,113082.401448
1721106000000,4.438,4.487,4.36,4.382,228112.357196
1721109600000,4.381,4.436,4.3,4.321,308240.838974
1721113200000,4.322,4.37,4.284,4.298,333949.249131
1721116800000,4.299,4.327,4.235,4.287,244596.859126
1721120400000,4.288,4.334,4.282,4.323,134922.803329
1721124000000,4.32,4.349,4.299,4.319,95979.273614
1721127600000,4.318,4.327,4.288,4.319,97240.910387
1721131200000,4.32,4.35,4.265,4.277,157520.191825
1721134800000,4.279,4.353,4.27,4.319,156762.5288
1721138400000,4.321,4.398,4.305,4.382,228782.398277
1721142000000,4.383,4.461,4.381,4.446,257168.970551
1721145600000,4.448,4.536,4.426,4.533,515384.163377
1721149200000,4.53,4.598,4.497,4.577,337717.534995
1721152800000,4.576,4.597,4.543,4.566,153059.269793
1721156400000,4.568,4.59,4.532,4.564,122716.377703
1721160000000,4.564,4.585,4.543,4.569,71680.47508
1721163600000,4.57,4.622,4.525,4.528,164088.281485
1721167200000,4.53,4.542,4.488,4.504,159095.956103
1721170800000,4.502,4.552,4.497,4.534,111891.433315
1721174400000,4.534,4.587,4.523,4.563,122722.96822
1721178000000,4.56,4.6,4.514,4.537,206704.144512
1721181600000,4.537,4.559,4.508,4.514,111954.821898
1721185200000,4.514,4.533,4.483,4.531,143943.852268
1721188800000,4.532,4.549,4.506,4.548,233866.973168
1721192400000,4.548,4.559,4.534,4.552,169833.809477
1721196000000,4.553,4.622,4.55,4.597,222863.666363
1721199600000,4.595,4.608,4.58,4.588,155178.798088
1721203200000,4.588,4.6,4.507,4.57,177274.685676
1721206800000,4.569,4.634,4.56,4.6,129142.598196
1721210400000,4.599,4.601,4.566,4.581,101156.860746
1721214000000,4.58,4.582,4.518,4.563,164758.224917
1721217600000,4.562,4.588,4.545,4.578,82327.536788
1721221200000,4.576,4.739,4.544,4.732,534090.125878
1721224800000,4.732,4.767,4.647,4.715,500879.896393
1721228400000,4.716,4.837,4.692,4.71,430415.437406
1721232000000,4.708,4.708,4.54,4.601,632430.367166
1721235600000,4.6,4.623,4.548,4.621,241904.481249
1721239200000,4.619,4.644,4.6,4.62,101314.139589
1721242800000,4.621,4.641,4.61,4.62,64982.264155
1721246400000,4.62,4.645,4.611,4.631,44545.332693
1721250000000,4.63,4.641,4.581,4.628,63593.91391
1721253600000,4.628,4.631,4.584,4.592,67087.832769
1721257200000,4.591,4.597,4.545,4.555,168761.681481
1721260800000,4.556,4.653,4.55,4.638,174897.322344
1721264400000,4.64,4.655,4.612,4.63,89437.209902
1721268000000,4.63,4.652,4.567,4.594,107827.348583
1721271600000,4.594,4.614,4.573,4.605,99515.485492
1721275200000,4.605,4.608,4.557,4.568,68103.779771
1721278800000,4.569,4.574,4.484,4.558,330147.45647
1721282400000,4.563,4.603,4.543,4.579,176771.998848
1721286000000,4.58,4.586,4.522,4.525,196920.039327
1721289600000,4.526,4.544,4.495,4.54,125691.711999
1721293200000,4.539,4.542,4.509,4.51,63252.118858
1721296800000,4.511,4.524,4.467,4.524,143849.332308
1721300400000,4.522,4.535,4.507,4.528,86567.862689
1721304000000,4.528,4.553,4.525,4.528,85575.812078
1721307600000,4.529,4.558,4.506,4.522,79526.566524
1721311200000,4.522,4.53,4.429,4.466,169657.96106
1721314800000,4.462,4.465,4.388,4.395,415781.611959
1721318400000,4.395,4.425,4.335,4.424,236159.537626
1721322000000,4.424,4.434,4.38,4.383,75249.257569
1721325600000,4.382,4.388,4.329,4.347,90691.982285
1721329200000,4.346,4.356,4.308,4.336,58616.786595
1721332800000,4.336,4.358,4.312,4.357,29993.083296
1721336400000,4.356,4.362,4.337,4.354,33328.135243
1721340000000,4.353,4.391,4.342,4.376,65462.612726
1721343600000,4.377,4.393,4.374,4.387,51469.519868
1721347200000,4.387,4.404,4.346,4.356,72702.515408
1721350800000,4.356,4.4,4.292,4.393,149402.535928
1721354400000,4.394,4.453,4.376,4.398,200518.266705
1721358000000,4.397,4.477,4.39,4.464,114038.578155
1721361600000,4.465,4.48,4.435,4.435,88002.294051
1721365200000,4.435,4.452,4.403,4.421,100763.266774
1721368800000,4.42,4.474,4.419,4.431,73665.17033
1721372400000,4.432,4.434,4.356,4.37,108241.394252
1721376000000,4.369,4.383,4.319,4.369,140275.608643
1721379600000,4.37,4.4,4.315,4.316,146931.70466
1721383200000,4.317,4.353,4.303,4.334,100216.332439
1721386800000,4.334,4.363,4.326,4.345,50579.168047
1721390400000,4.346,4.38,4.343,4.371,65120.325584
1721394000000,4.371,4.432,4.328,4.413,129733.697583
1721397600000,4.416,4.486,4.405,4.478,294462.716399
1721401200000,4.478,4.493,4.427,4.48,128369.630499
1721404800000,4.479,4.595,4.479,4.586,352534.971362
1721408400000,4.585,4.628,4.563,4.616,207145.187484
1721412000000,4.615,4.684,4.606,4.662,232603.744887
1721415600000,4.662,4.709,4.642,4.679,161190.498415
1721419200000,4.679,4.698,4.658,4.665,94361.120796
1721422800000,4.666,4.691,4.646,4.646,128475.051542
1721426400000,4.646,4.666,4.62,4.626,65673.609479
1721430000000,4.627,4.66,4.627,4.652,51094.72245
1721433600000,4.653,4.665,4.595,4.623,156849.04707
1721437200000,4.623,4.739,4.617,4.625,354717.27903
1721440800000,4.625,4.687,4.623,4.678,89570.326394
1721444400000,4.679,4.734,4.661,4.716,139690.120089
1721448000000,4.717,4.732,4.7,4.729,202780.611272
1721451600000,4.729,4.73,4.683,4.699,109991.829227
1721455200000,4.698,4.701,4.678,4.685,35188.227103
1721458800000,4.684,4.705,4.669,4.693,79243.713759
1721462400000,4.692,4.7,4.643,4.647,70090.951369
1721466000000,4.647,4.666,4.623,4.634,79250.227158
1721469600000,4.634,4.643,4.614,4.625,85972.944281
1721473200000,4.626,4.635,4.608,4.611,85030.650324
1721476800000,4.612,4.64,4.61,4.623,73044.151417
1721480400000,4.624,4.634,4.573,4.624,153037.857981
1721484000000,4.625,4.674,4.615,4.646,90873.437907
1721487600000,4.647,4.7,4.645,4.695,126609.086696
1721491200000,4.694,4.77,4.686,4.719,450697.993396
1721494800000,4.72,4.784,4.702,4.765,285486.031121
1721498400000,4.765,4.768,4.718,4.746,76128.251893
1721502000000,4.746,4.771,4.709,4.724,64143.579636
1721505600000,4.724,4.739,4.715,4.719,28203.584071
1721509200000,4.72,4.722,4.673,4.7,100473.754408
1721512800000,4.701,4.708,4.669,4.684,57487.492495
1721516400000,4.685,4.718,4.68,4.711,56335.577928
1721520000000,4.711,4.734,4.681,4.689,90476.39041
1721523600000,4.688,4.736,4.68,4.713,55696.909856
1721527200000,4.713,4.726,4.7,4.702,38201.83445
1721530800000,4.702,4.733,4.698,4.715,69265.792342
1721534400000,4.714,4.723,4.676,4.681,91671.513751
1721538000000,4.681,4.698,4.652,4.688,73346.72324
1721541600000,4.689,4.697,4.642,4.648,115458.041582
1721545200000,4.647,4.663,4.617,4.636,99858.364072
1721548800000,4.637,4.653,4.629,4.63,46222.984625
1721552400000,4.63,4.67,4.627,4.662,61418.752912
1721556000000,4.661,4.663,4.633,4.633,54581.641741
1721559600000,4.634,4.644,4.61,4.641,93534.246233
1721563200000,4.642,4.652,4.613,4.625,197207.15009
1721566800000,4.625,4.635,4.594,4.616,91367.478171
1721570400000,4.617,4.676,4.587,4.673,154352.737079
1721574000000,4.673,4.716,4.64,4.644,143539.119557
1721577600000,4.644,4.717,4.637,4.714,108243.692716
1721581200000,4.715,4.721,4.578,4.617,236740.133258
1721584800000,4.617,4.643,4.493,4.582,393985.053048
1721588400000,4.581,4.656,4.558,4.646,214166.848295
1721592000000,4.646,4.777,4.638,4.735,218957.266684
1721595600000,4.735,4.789,4.719,4.782,116034.529692
1721599200000,4.781,4.799,4.769,4.775,112743.354791
1721602800000,4.776,4.792,4.766,4.777,89587.225331
1721606400000,4.777,4.823,4.768,4.784,200897.321891
1721610000000,4.785,4.785,4.736,4.739,120465.054473
1721613600000,4.74,4.776,4.726,4.769,121584.459185
1721617200000,4.769,4.772,4.713,4.714,132413.771881
1721620800000,4.715,4.719,4.687,4.715,173486.40651
1721624400000,4.715,4.716,4.64,4.659,160376.255032
1721628000000,4.658,4.672,4.575,4.615,201020.160174
1721631600000,4.615,4.661,4.597,4.656,150150.119059
1721635200000,4.656,4.666,4.61,4.626,325571.40455
1721638800000,4.625,4.661,4.612,4.656,48090.434621
1721642400000,4.656,4.677,4.64,4.644,70276.610028
1721646000000,4.645,4.667,4.63,4.663,118074.207925
1721649600000,4.662,4.665,4.63,4.648,63141.308586
1721653200000,4.647,4.66,4.579,4.591,118933.252552
1721656800000,4.589,4.725,4.571,4.626,419114.024636
1721660400000,4.624,4.68,4.611,4.651,132874.586787
1721664000000,4.652,4.692,4.628,4.645,205220.714816
1721667600000,4.644,4.684,4.632,4.68,50612.679636
1721671200000,4.68,4.699,4.663,4.693,80227.244364
1721674800000,4.694,4.714,4.683,4.709,94945.601324
1721678400000,4.709,4.711,4.668,4.681,38275.313835
1721682000000,4.682,4.682,4.611,4.628,36911.858976
1721685600000,4.625,4.626,4.523,4.539,258470.88158
1721689200000,4.539,4.541,4.481,4.513,288484.716449
1721692800000,4.513,4.57,4.504,4.555,120309.694287
1721696400000,4.555,4.604,4.545,4.561,98446.621474
1721700000000,4.562,4.58,4.525,4.551,83856.330492
1721703600000,4.552,4.558,4.523,4.527,35824.501151
1721707200000,4.526,4.54,4.463,4.478,159928.909178
1721710800000,4.476,4.486,4.411,4.426,197559.57688
1721714400000,4.426,4.465,4.415,4.452,110647.685098
1721718000000,4.452,4.473,4.424,4.454,81092.220694
1721721600000,4.453,4.552,4.444,4.54,161168.726981
1721725200000,4.541,4.563,4.52,4.535,85516.829788
1721728800000,4.535,4.559,4.509,4.523,67119.266488
1721732400000,4.522,4.542,4.485,4.533,101589.638713
1721736000000,4.532,4.539,4.487,4.52,77446.254641
1721739600000,4.519,4.529,4.447,4.467,139839.310802
1721743200000,4.469,4.561,4.455,4.552,134907.246878
1721746800000,4.552,4.563,4.481,4.494,146814.35744
1721750400000,4.493,4.494,4.339,4.344,297654.739546
1721754000000,4.344,4.399,4.335,4.397,143299.179461
1721757600000,4.396,4.405,4.375,4.381,57763.743561
1721761200000,4.382,4.432,4.373,4.421,56108.389863
1721764800000,4.421,4.475,4.42,4.45,91604.962292
1721768400000,4.451,4.463,4.435,4.435,27248.696714
1721772000000,4.434,4.452,4.408,4.436,49870.589887
1721775600000,4.436,4.462,4.427,4.454,48288.19904
1721779200000,4.454,4.468,4.415,4.416,70126.013627
1721782800000,4.416,4.458,4.402,4.415,42073.139718
1721786400000,4.416,4.448,4.402,4.444,58431.746732
1721790000000,4.443,4.469,4.43,4.465,39006.465351
1721793600000,4.465,4.468,4.444,4.452,29599.696587
1721797200000,4.453,4.455,4.408,4.446,90001.452196
1721800800000,4.447,4.457,4.438,4.457,53970.808295
1721804400000,4.457,4.478,4.448,4.476,67310.296023
1721808000000,4.476,4.518,4.467,4.515,135675.92052
1721811600000,4.516,4.517,4.496,4.512,64076.8609
1721815200000,4.513,4.528,4.5,4.52,67566.662127
1721818800000,4.521,4.544,4.509,4.525,113721.020494
1721822400000,4.526,4.535,4.493,4.5,50802.487917
1721826000000,4.501,4.537,4.473,4.478,93348.167758
1721829600000,4.478,4.537,4.468,4.501,114790.563331
1721833200000,4.501,4.511,4.43,4.434,233563.067937
1721836800000,4.436,4.45,4.401,4.428,150305.116013
1721840400000,4.428,4.443,4.416,4.418,103424.779908
1721844000000,4.417,4.419,4.322,4.335,258200.668318
1721847600000,4.335,4.36,4.3,4.322,189710.852523
1721851200000,4.322,4.34,4.305,4.337,75694.594817
1721854800000,4.337,4.341,4.215,4.298,306816.834432
1721858400000,4.299,4.3,4.25,4.257,74511.327729
1721862000000,4.257,4.274,4.223,4.271,102184.888368
1721865600000,4.271,4.292,4.261,4.279,101237.532678
1721869200000,4.278,4.279,4.063,4.151,821465.489588
1721872800000,4.151,4.153,4.097,4.141,227599.371816
1721876400000,4.141,4.142,4.111,4.127,73428.106315
1721880000000,4.127,4.178,4.107,4.168,244758.260947
1721883600000,4.169,4.184,4.147,4.159,104214.507136
1721887200000,4.158,4.189,4.142,4.181,79960.935165
1721890800000,4.181,4.192,4.165,4.171,76991.624093
1721894400000,4.17,4.193,4.16,4.188,121391.004776
1721898000000,4.187,4.202,4.173,4.186,70596.583312
1721901600000,4.186,4.187,4.154,4.171,53711.937799
1721905200000,4.171,4.184,4.164,4.175,30419.461084
1721908800000,4.175,4.193,4.129,4.151,70038.127191
1721912400000,4.153,4.161,4.116,4.133,78858.529459
1721916000000,4.133,4.189,4.098,4.188,316713.885511
1721919600000,4.188,4.21,4.147,4.16,145519.838168
1721923200000,4.161,4.208,4.13,4.179,117421.142164
1721926800000,4.179,4.207,4.174,4.196,44076.645309
1721930400000,4.195,4.2,4.082,4.106,105023.879852
1721934000000,4.106,4.148,4.068,4.126,139517.482174
1721937600000,4.127,4.164,4.037,4.164,191457.245022
1721941200000,4.163,4.2,4.155,4.187,117383.977038
1721944800000,4.186,4.214,4.177,4.197,88114.189572
1721948400000,4.196,4.214,4.196,4.2,29527.770684
1721952000000,4.2,4.22,4.186,4.21,124792.27145
1721955600000,4.209,4.232,4.197,4.205,89174.087867
1721959200000,4.206,4.274,4.202,4.265,144527.439907
1721962800000,4.265,4.3,4.256,4.276,159545.64104
1721966400000,4.275,4.308,4.271,4.295,65153.140539
1721970000000,4.295,4.325,4.287,4.321,64825.207517
1721973600000,4.321,4.386,4.316,4.382,127007.9162
1721977200000,4.383,4.392,4.359,4.366,101945.101949
1721980800000,4.366,4.4,4.365,4.4,92188.332613
1721984400000,4.4,4.423,4.389,4.389,114717.265863
1721988000000,4.389,4.411,4.383,4.394,90133.051108
1721991600000,4.394,4.41,4.377,4.402,84045.858732
1721995200000,4.403,4.419,4.377,4.394,146046.285842
1721998800000,4.394,4.436,4.373,4.431,123301.115406
1722002400000,4.43,4.447,4.367,4.418,200240.619959
1722006000000,4.417,4.5,4.417,4.494,320221.813467
1722009600000,4.494,4.601,4.49,4.586,356273.517885
1722013200000,4.586,4.663,4.58,4.65,324663.350739
1722016800000,4.651,4.698,4.63,4.678,264840.769947
1722020400000,4.68,4.71,4.67,4.678,184081.653836
1722024000000,4.678,4.682,4.624,4.636,149603.302254
1722027600000,4.637,4.66,4.624,4.638,68153.768908
1722031200000,4.638,4.645,4.62,4.626,73517.357018
1722034800000,4.627,4.65,4.625,4.642,70868.88592
1722038400000,4.642,4.661,4.629,4.641,94954.428302
1722042000000,4.641,4.649,4.612,4.616,84952.426359
1722045600000,4.617,4.621,4.585,4.601,364339.038751
1722049200000,4.601,4.61,4.564,4.573,63629.652325
1722052800000,4.573,4.631,4.573,4.631,73141.129246
1722056400000,4.63,4.635,4.595,4.597,41073.498273
1722060000000,4.597,4.616,4.594,4.609,65350.307259
1722063600000,4.609,4.635,4.603,4.611,97021.360606
1722067200000,4.61,4.626,4.586,4.593,72596.000419
1722070800000,4.592,4.628,4.584,4.621,93623.537489
1722074400000,4.62,4.621,4.59,4.599,75002.689383
1722078000000,4.599,4.632,4.587,4.629,56584.47989
1722081600000,4.629,4.638,4.618,4.621,55890.363851
1722085200000,4.62,4.67,4.62,4.646,121337.570247
1722088800000,4.645,4.651,4.597,4.616,81684.194152
1722092400000,4.615,4.631,4.569,4.607,182300.884026
1722096000000,4.607,4.609,4.573,4.59,107224.03578
1722099600000,4.59,4.613,4.579,4.585,59418.112687
1722103200000,4.585,4.611,4.556,4.562,64806.707844
1722106800000,4.563,4.625,4.525,4.618,170182.049512
1722110400000,4.619,4.621,4.515,4.595,283051.944807
1722114000000,4.595,4.639,4.58,4.621,86429.586731
1722117600000,4.621,4.622,4.594,4.604,61237.923971
1722121200000,4.604,4.604,4.572,4.573,71373.919897
1722124800000,4.574,4.587,4.528,4.585,123203.347258
1722128400000,4.585,4.628,4.582,4.615,62822.736452
1722132000000,4.615,4.645,4.613,4.615,75675.219565
1722135600000,4.615,4.618,4.564,4.567,77193.308468
1722139200000,4.568,4.571,4.526,4.526,79517.600549
1722142800000,4.525,4.535,4.486,4.53,149276.981216
1722146400000,4.53,4.579,4.528,4.559,53837.921444
1722150000000,4.558,4.56,4.539,4.549,39343.410391
1722153600000,4.549,4.55,4.52,4.528,73323.153862
1722157200000,4.527,4.55,4.525,4.548,22583.402792
1722160800000,4.549,4.556,4.53,4.538,39381.995875
1722164400000,4.538,4.553,4.532,4.532,71949.984756
1722168000000,4.533,4.552,4.521,4.542,41603.881294
1722171600000,4.541,4.554,4.536,4.54,25640.421148
1722175200000,4.539,4.54,4.49,4.499,98267.467201
1722178800000,4.498,4.514,4.482,4.498,75125.558686
1722182400000,4.498,4.51,4.484,4.486,47782.874416
1722186000000,4.486,4.503,4.461,4.501,65870.88593
1722189600000,4.5,4.518,4.481,4.485,106395.999076
1722193200000,4.486,4.49,4.466,4.474,27152.883355
1722196800000,4.474,4.48,4.452,4.455,25247.568007
1722200400000,4.455,4.459,4.422,4.431,52746.657585
1722204000000,4.432,4.439,4.397,4.417,91605.785205
1722207600000,4.417,4.451,4.417,4.447,50050.826912
1722211200000,4.448,4.535,4.441,4.526,150226.254099
1722214800000,4.527,4.573,4.511,4.524,187147.79008
1722218400000,4.524,4.596,4.5,4.594,194781.135147
1722222000000,4.593,4.625,4.563,4.573,209405.138122
1722225600000,4.572,4.594,4.557,4.571,113653.258774
1722229200000,4.572,4.617,4.559,4.612,63161.169528
1722232800000,4.611,4.624,4.589,4.591,155085.081496
1722236400000,4.591,4.618,4.591,4.613,112106.856491
1722240000000,4.614,4.646,4.602,4.609,93688.366456
1722243600000,4.609,4.617,4.59,4.613,57506.481673
1722247200000,4.614,4.625,4.6,4.603,72577.25299
1722250800000,4.604,4.61,4.59,4.593,42783.702253
1722254400000,4.592,4.604,4.573,4.596,77302.100572
1722258000000,4.596,4.638,4.583,4.593,159376.171936
1722261600000,4.594,4.611,4.551,4.581,151943.501214
1722265200000,4.58,4.582,4.488,4.518,247641.011145
1722268800000,4.518,4.526,4.434,4.442,213948.253965
1722272400000,4.442,4.49,4.421,4.46,132759.685285
1722276000000,4.459,4.501,4.44,4.499,93391.569475
1722279600000,4.498,4.5,4.469,4.482,48136.753644
1722283200000,4.482,4.507,4.469,4.496,38580.741859
1722286800000,4.495,4.496,4.432,4.472,60605.955467
1722290400000,4.472,4.496,4.438,4.44,51472.923829
1722294000000,4.439,4.453,4.405,4.441,89940.947279
1722297600000,4.442,4.476,4.376,4.468,267394.37377
1722301200000,4.468,4.534,4.431,4.446,124137.775026
1722304800000,4.445,4.475,4.413,4.439,65681.310914
1722308400000,4.438,4.476,4.43,4.46,113803.002546
1722312000000,4.461,4.48,4.446,4.462,30279.872639
1722315600000,4.462,4.464,4.418,4.43,43457.449085
1722319200000,4.43,4.455,4.423,4.454,29283.343155
1722322800000,4.454,4.476,4.445,4.446,61068.933328
1722326400000,4.446,4.463,4.43,4.446,71612.185485
1722330000000,4.446,4.451,4.415,4.418,43893.444435
1722333600000,4.417,4.438,4.405,4.417,31896.52775
1722337200000,4.417,4.426,4.403,4.42,41540.439732
1722340800000,4.419,4.452,4.399,4.437,68848.402275
1722344400000,4.437,4.466,4.413,4.415,48325.435293
1722348000000,4.415,4.435,4.398,4.41,56197.568294
1722351600000,4.41,4.452,4.392,4.426,69465.226102
1722355200000,4.426,4.445,4.406,4.406,45363.301377
1722358800000,4.407,4.41,4.33,4.355,124445.130809
1722362400000,4.354,4.355,4.312,4.327,73733.198569
1722366000000,4.325,4.327,4.28,4.308,87003.384598
1722369600000,4.309,4.312,4.238,4.299,104097.525368
1722373200000,4.299,4.299,4.25,4.293,71263.011667
1722376800000,4.293,4.331,4.278,4.329,67519.658148
1722380400000,4.329,4.349,4.318,4.333,38422.836279
1722384000000,4.334,4.354,4.298,4.349,62878.932488
1722387600000,4.349,4.377,4.34,4.367,48084.45766
1722391200000,4.366,4.377,4.339,4.345,38771.28394
1722394800000,4.344,4.357,4.33,4.342,33118.333744
1722398400000,4.342,4.343,4.295,4.319,128695.704218
1722402000000,4.32,4.35,4.283,4.337,110566.956793
1722405600000,4.336,4.368,4.331,4.346,104516.934504
1722409200000,4.346,4.35,4.326,4.332,51379.108783
1722412800000,4.332,4.335,4.308,4.323,73567.770007
1722416400000,4.322,4.329,4.305,4.316,47361.445553
1722420000000,4.315,4.317,4.289,4.29,82809.181518
1722423600000,4.289,4.313,4.283,4.308,66577.064654
1722427200000,4.307,4.336,4.302,4.313,47866.097286
1722430800000,4.312,4.368,4.312,4.342,69033.186322
1722434400000,4.342,4.362,4.305,4.347,266473.585853
1722438000000,4.348,4.36,4.309,4.311,89824.727392
1722441600000,4.311,4.354,4.298,4.305,136275.026947
1722445200000,4.305,4.378,4.295,4.366,121059.457744
1722448800000,4.366,4.375,4.295,4.371,108363.311487
1722452400000,4.371,4.376,4.243,4.285,184978.388578
1722456000000,4.285,4.286,4.174,4.187,246703.547687
1722459600000,4.187,4.26,4.169,4.251,164349.173058
1722463200000,4.251,4.259,4.22,4.245,78398.524295
1722466800000,4.244,4.246,4.201,4.208,92367.324488
1722470400000,4.208,4.239,4.195,4.239,169882.585369
1722474000000,4.238,4.247,4.181,4.225,194450.702212
1722477600000,4.225,4.237,4.179,4.201,121402.553553
1722481200000,4.201,4.214,4.165,4.185,86089.517117
1722484800000,4.184,4.205,4.105,4.121,191314.399703
1722488400000,4.122,4.183,4.1,4.178,154813.427567
1722492000000,4.179,4.179,4.13,4.132,53894.24696
1722495600000,4.133,4.175,4.133,4.161,92780.243624
1722499200000,4.161,4.191,4.159,4.189,62060.101821
1722502800000,4.189,4.219,4.185,4.198,71217.462588
1722506400000,4.197,4.226,4.189,4.223,44207.795816
1722510000000,4.223,4.251,4.211,4.245,78393.3678
1722513600000,4.244,4.299,4.232,4.281,134919.518807
1722517200000,4.281,4.288,4.222,4.236,92842.524649
1722520800000,4.237,4.242,4.129,4.13,164777.293697
1722524400000,4.13,4.143,4.071,4.095,614098.607057
1722528000000,4.095,4.095,3.963,3.996,514829.258313
1722531600000,3.995,4.014,3.957,4.011,154349.207156
1722535200000,4.012,4.053,3.88,4.003,577110.698648
1722538800000,4.003,4.062,3.99,4.034,99850.804131
1722542400000,4.034,4.115,4.006,4.077,320892.383426
1722546000000,4.078,4.129,4.056,4.094,177351.728565
1722549600000,4.095,4.183,4.095,4.161,142858.558151
1722553200000,4.161,4.175,4.141,4.164,52362.012253
1722556800000,4.163,4.189,4.143,4.143,112906.134734
1722560400000,4.142,4.142,4.093,4.093,214537.647723
1722564000000,4.095,4.114,4.035,4.066,115352.623046
1722567600000,4.068,4.114,4.053,4.108,53013.580644
1722571200000,4.107,4.12,4.093,4.108,64988.634119
1722574800000,4.108,4.109,4.049,4.05,51856.533351
1722578400000,4.05,4.085,3.999,4.07,117793.612252
1722582000000,4.07,4.08,4.038,4.051,120128.094609
1722585600000,4.05,4.07,4.014,4.068,230861.035074
1722589200000,4.068,4.081,4.055,4.077,129331.689348
1722592800000,4.075,4.112,4.054,4.1,83104.988386
1722596400000,4.099,4.117,4.085,4.092,63537.899895
1722600000000,4.092,4.125,4.064,4.123,160997.241677
1722603600000,4.122,4.196,4.092,4.159,375983.287499
1722607200000,4.159,4.164,3.955,3.964,499227.52749
1722610800000,3.967,3.979,3.823,3.941,705304.96962
1722614400000,3.941,3.972,3.905,3.948,325028.021959
1722618000000,3.948,3.98,3.928,3.936,85455.337498
1722621600000,3.936,3.939,3.894,3.913,90127.61405
1722625200000,3.913,3.926,3.866,3.913,135370.692058
1722628800000,3.913,3.958,3.887,3.934,111961.34902
1722632400000,3.932,3.933,3.86,3.898,73542.840308
1722636000000,3.9,3.903,3.862,3.881,122029.195177
1722639600000,3.882,3.893,3.853,3.871,124389.414428
1722643200000,3.872,3.918,3.836,3.851,170073.230838
1722646800000,3.85,3.898,3.775,3.884,578094.183267
1722650400000,3.883,3.92,3.873,3.886,226915.225134
1722654000000,3.885,3.929,3.88,3.925,91318.551674
1722657600000,3.925,3.934,3.901,3.93,80108.22056
1722661200000,3.93,3.941,3.924,3.933,85122.304619
1722664800000,3.933,3.946,3.915,3.929,100663.376651
1722668400000,3.929,3.954,3.925,3.932,48708.408372
1722672000000,3.931,3.931,3.888,3.916,111402.405373
1722675600000,3.916,3.926,3.893,3.915,73650.660592
1722679200000,3.915,3.918,3.89,3.892,65457.782135
1722682800000,3.892,3.915,3.884,3.9,58886.346112
1722686400000,3.9,3.937,3.895,3.911,86816.835951
1722690000000,3.911,3.915,3.894,3.904,40939.579044
1722693600000,3.905,3.925,3.89,3.893,77489.497989
1722697200000,3.894,3.908,3.776,3.78,260093.383685
1722700800000,3.78,3.811,3.703,3.738,631655.862327
1722704400000,3.74,3.743,3.65,3.664,422520.300534
1722708000000,3.664,3.681,3.605,3.641,319589.646715
1722711600000,3.643,3.679,3.621,3.628,330472.450149
1722715200000,3.628,3.658,3.6,3.615,280364.948734
1722718800000,3.616,3.686,3.595,3.674,341729.150769
1722722400000,3.675,3.69,3.649,3.668,88623.735164
1722726000000,3.669,3.711,3.653,3.689,137536.671028
1722729600000,3.69,3.725,3.677,3.718,121229.273538
1722733200000,3.719,3.723,3.675,3.717,134102.939793
1722736800000,3.716,3.775,3.715,3.747,110561.476525
1722740400000,3.746,3.754,3.73,3.742,48440.30633
1722744000000,3.741,3.75,3.708,3.708,103503.920761
1722747600000,3.709,3.738,3.707,3.726,83763.362884
1722751200000,3.726,3.738,3.714,3.728,49269.846151
1722754800000,3.728,3.728,3.682,3.689,100656.58204
1722758400000,3.69,3.725,3.665,3.712,83855.050164
1722762000000,3.712,3.725,3.697,3.712,54625.787715
1722765600000,3.712,3.722,3.69,3.72,58704.031979
1722769200000,3.721,3.735,3.697,3.708,101091.762742
1722772800000,3.709,3.721,3.697,3.718,64048.481136
1722776400000,3.718,3.725,3.681,3.681,65972.609563
1722780000000,3.682,3.685,3.54,3.556,518336.500573
1722783600000,3.557,3.564,3.515,3.551,370037.012242
1722787200000,3.551,3.57,3.46,3.469,500045.630036
1722790800000,3.467,3.486,3.375,3.449,691846.131773
1722794400000,3.449,3.495,3.398,3.489,278772.38893
1722798000000,3.487,3.567,3.461,3.54,176342.632929
1722801600000,3.541,3.579,3.524,3.558,133672.303625
1722805200000,3.559,3.577,3.533,3.546,41329.721625
1722808800000,3.543,3.609,3.534,3.576,208963.568221
1722812400000,3.576,3.576,3.523,3.531,97229.951883
1722816000000,3.532,3.569,3.33,3.372,611908.689513
1722819600000,3.37,3.389,3,3.202,4385457.358935
1722823200000,3.203,3.209,3.116,3.194,973636.426189
1722826800000,3.196,3.197,3.118,3.122,469698.263363
1722830400000,3.122,3.189,3.106,3.152,508932.56204
1722834000000,3.153,3.199,3.03,3.126,1062304.909081
1722837600000,3.127,3.148,2.853,3.01,3221528.869611
1722841200000,3.01,3.214,2.992,3.168,836902.506041
1722844800000,3.169,3.17,3.066,3.092,699179.589342
1722848400000,3.09,3.121,3.048,3.097,445720.369091
1722852000000,3.097,3.098,2.982,3.019,575250.961146
1722855600000,3.018,3.038,2.917,3.035,632587.127757
1722859200000,3.035,3.07,2.945,2.974,550014.173214
1722862800000,2.974,3.197,2.94,3.162,1142594.079499
1722866400000,3.162,3.296,3.162,3.272,886208.151189
1722870000000,3.275,3.318,3.237,3.288,526930.873466
1722873600000,3.289,3.355,3.258,3.263,484125.401156
1722877200000,3.264,3.345,3.243,3.302,275067.715323
1722880800000,3.303,3.305,3.185,3.188,220116.339573
1722884400000,3.187,3.254,3.178,3.222,179425.757804
1722888000000,3.225,3.268,3.219,3.247,85084.159517
1722891600000,3.247,3.285,3.218,3.232,105217.667872
1722895200000,3.234,3.284,3.228,3.27,96908.108439
1722898800000,3.271,3.301,3.234,3.237,130484.172775
1722902400000,3.238,3.394,3.23,3.389,331135.117177
1722906000000,3.389,3.446,3.367,3.377,416017.536543
1722909600000,3.377,3.39,3.35,3.385,146595.876175
1722913200000,3.386,3.39,3.36,3.363,117611.169931
1722916800000,3.364,3.405,3.35,3.399,161979.260585
1722920400000,3.399,3.453,3.387,3.442,225813.483239
1722924000000,3.442,3.485,3.42,3.453,222567.148846
1722927600000,3.452,3.476,3.427,3.463,158554.801534
1722931200000,3.461,3.468,3.363,3.396,360791.397312
1722934800000,3.396,3.415,3.341,3.406,350018.784169
1722938400000,3.404,3.413,3.37,3.401,180451.214691
1722942000000,3.401,3.417,3.383,3.402,115032.977034
1722945600000,3.402,3.434,3.384,3.402,245660.142472
1722949200000,3.4,3.434,3.365,3.413,239933.482127
1722952800000,3.412,3.564,3.41,3.536,664234.400087
1722956400000,3.537,3.567,3.504,3.55,273339.466675
1722960000000,3.552,3.588,3.524,3.556,247540.16059
1722963600000,3.555,3.577,3.51,3.511,94906.936478
1722967200000,3.511,3.544,3.51,3.523,78586.938541
1722970800000,3.52,3.536,3.478,3.506,136490.872338
1722974400000,3.504,3.527,3.485,3.522,97220.28877
1722978000000,3.523,3.533,3.503,3.525,60152.505075
1722981600000,3.526,3.557,3.49,3.51,65893.636786
1722985200000,3.512,3.523,3.482,3.499,72182.502053
1722988800000,3.498,3.508,3.441,3.478,134014.930507
1722992400000,3.48,3.533,3.431,3.522,158266.767041
1722996000000,3.523,3.555,3.48,3.502,159803.453133
1722999600000,3.502,3.522,3.485,3.507,75181.388424
1723003200000,3.509,3.539,3.5,3.522,80172.739186
1723006800000,3.521,3.549,3.516,3.521,73550.312741
1723010400000,3.522,3.539,3.503,3.521,44530.806577
1723014000000,3.52,3.539,3.496,3.516,73533.544139
1723017600000,3.516,3.542,3.508,3.534,96321.111573
1723021200000,3.535,3.565,3.514,3.541,124547.515501
1723024800000,3.541,3.565,3.522,3.526,77653.202388
1723028400000,3.526,3.53,3.489,3.495,157234.298547
1723032000000,3.494,3.523,3.477,3.518,90829.539926
1723035600000,3.518,3.531,3.477,3.487,80121.047724
1723039200000,3.485,3.496,3.342,3.386,470129.285227
1723042800000,3.385,3.413,3.356,3.393,237117.882077
1723046400000,3.395,3.405,3.368,3.386,116492.842856
1723050000000,3.386,3.394,3.336,3.373,80765.854351
1723053600000,3.372,3.389,3.317,3.335,124054.270416
1723057200000,3.333,3.36,3.318,3.348,70895.243819
1723060800000,3.35,3.421,3.334,3.391,136508.096679
1723064400000,3.391,3.42,3.377,3.384,72700.842407
1723068000000,3.383,3.399,3.336,3.378,113756.074276
1723071600000,3.377,3.385,3.344,3.355,46561.15007
1723075200000,3.355,3.373,3.3,3.355,217463.177139
1723078800000,3.355,3.487,3.353,3.472,173732.06201
1723082400000,3.472,3.532,3.471,3.525,242178.408853
1723086000000,3.526,3.54,3.488,3.49,111016.333781
1723089600000,3.488,3.537,3.488,3.504,85079.910688
1723093200000,3.503,3.55,3.501,3.542,83593.761336
1723096800000,3.542,3.551,3.521,3.529,60726.650553
1723100400000,3.529,3.543,3.504,3.505,53174.042632
1723104000000,3.506,3.53,3.502,3.527,53935.425466
1723107600000,3.527,3.536,3.513,3.517,43126.492289
1723111200000,3.517,3.527,3.506,3.521,32195.780442
1723114800000,3.522,3.533,3.511,3.514,63184.023919
1723118400000,3.513,3.6,3.496,3.549,210854.718106
1723122000000,3.549,3.586,3.486,3.527,211564.454883
1723125600000,3.526,3.63,3.521,3.63,232976.170622
1723129200000,3.629,3.687,3.615,3.683,249539.872154
1723132800000,3.683,3.769,3.68,3.759,254840.08218
1723136400000,3.759,3.811,3.746,3.771,217531.539546
1723140000000,3.772,3.784,3.746,3.75,72285.879575
1723143600000,3.749,3.759,3.724,3.732,49449.402184
1723147200000,3.733,3.748,3.73,3.733,21732.567465
1723150800000,3.732,3.806,3.722,3.8,55336.10328
1723154400000,3.802,3.831,3.748,3.814,201388.559709
1723158000000,3.816,3.833,3.788,3.831,144214.927261
1723161600000,3.832,3.86,3.808,3.831,159007.531453
1723165200000,3.829,3.842,3.797,3.803,102858.953262
1723168800000,3.803,3.821,3.786,3.801,76749.449958
1723172400000,3.801,3.813,3.791,3.803,46538.777633
1723176000000,3.804,3.804,3.74,3.744,112545.199852
1723179600000,3.745,3.777,3.734,3.774,95913.929883
1723183200000,3.774,3.784,3.762,3.766,62019.277701
1723186800000,3.766,3.792,3.762,3.771,69695.764944
1723190400000,3.771,3.799,3.762,3.79,54579.349255
1723194000000,3.791,3.799,3.758,3.761,60284.514708
1723197600000,3.762,3.779,3.724,3.776,101901.438865
1723201200000,3.776,3.794,3.75,3.781,43351.425485
1723204800000,3.781,3.801,3.757,3.79,57141.082235
1723208400000,3.789,3.801,3.716,3.765,158335.977351
1723212000000,3.765,3.807,3.692,3.755,358265.295286
1723215600000,3.754,3.772,3.723,3.725,137020.383879
1723219200000,3.725,3.782,3.719,3.776,151802.196412
1723222800000,3.776,3.797,3.749,3.753,52733.286454
1723226400000,3.753,3.765,3.739,3.759,35735.621437
1723230000000,3.759,3.767,3.742,3.76,15200.071079
1723233600000,3.76,3.777,3.741,3.749,22495.31341
1723237200000,3.748,3.763,3.717,3.752,54928.547818
1723240800000,3.751,3.777,3.738,3.758,32455.894003
1723244400000,3.758,3.769,3.737,3.764,48629.229154
1723248000000,3.764,3.821,3.756,3.768,130195.752567
1723251600000,3.769,3.801,3.764,3.78,74608.90956
1723255200000,3.778,3.793,3.758,3.76,71074.347447
1723258800000,3.76,3.769,3.737,3.758,85660.562925
1723262400000,3.759,3.765,3.74,3.758,104281.156653
1723266000000,3.757,3.759,3.743,3.753,15217.451548
1723269600000,3.753,3.768,3.744,3.758,30549.147671
1723273200000,3.758,3.791,3.756,3.782,70075.135628
1723276800000,3.782,3.785,3.752,3.754,42287.23155
1723280400000,3.754,3.781,3.754,3.769,68880.300155
1723284000000,3.77,3.771,3.741,3.753,57300.863445
1723287600000,3.754,3.768,3.75,3.759,37997.885382
1723291200000,3.76,3.762,3.741,3.747,37135.494925
1723294800000,3.746,3.759,3.728,3.735,66064.249054
1723298400000,3.736,3.78,3.732,3.772,54193.83533
1723302000000,3.774,3.791,3.763,3.763,84624.035856
1723305600000,3.764,3.798,3.759,3.783,62460.94662
1723309200000,3.783,3.8,3.779,3.794,28228.145963
1723312800000,3.793,3.81,3.778,3.792,41369.513576
1723316400000,3.791,3.81,3.786,3.788,37244.06607
1723320000000,3.79,3.804,3.787,3.799,25992.487428
1723323600000,3.799,3.821,3.799,3.811,30883.990298
1723327200000,3.81,3.818,3.8,3.806,22041.757059
1723330800000,3.806,3.806,3.773,3.777,32613.474795
1723334400000,3.777,3.794,3.777,3.789,36970.703703
1723338000000,3.79,3.804,3.779,3.801,57015.047868
1723341600000,3.801,3.81,3.793,3.799,38383.130227
1723345200000,3.799,3.849,3.799,3.814,114870.798692
1723348800000,3.816,3.836,3.808,3.82,52679.642076
1723352400000,3.821,3.826,3.8,3.825,37782.42768
1723356000000,3.823,3.835,3.814,3.827,33526.780601
1723359600000,3.828,3.832,3.816,3.826,31649.099096
1723363200000,3.825,3.835,3.814,3.814,55129.7364
1723366800000,3.815,3.837,3.78,3.792,89498.805013
1723370400000,3.791,3.792,3.763,3.764,56731.759673
1723374000000,3.766,3.766,3.723,3.728,172505.540902
1723377600000,3.726,3.733,3.677,3.684,160290.208242
1723381200000,3.684,3.691,3.654,3.685,113166.707043
1723384800000,3.686,3.688,3.618,3.629,116462.266979
1723388400000,3.628,3.643,3.601,3.613,132057.245926
1723392000000,3.613,3.636,3.603,3.621,39343.595862
1723395600000,3.62,3.651,3.619,3.644,122313.710558
1723399200000,3.641,3.65,3.625,3.632,41676.45252
1723402800000,3.63,3.634,3.544,3.551,125785.736216
1723406400000,3.552,3.557,3.513,3.528,141794.403358
1723410000000,3.527,3.533,3.501,3.516,83389.581319
1723413600000,3.515,3.526,3.448,3.493,169830.634803
1723417200000,3.493,3.503,3.467,3.491,124563.33944
1723420800000,3.491,3.542,3.491,3.522,178220.566631
1723424400000,3.523,3.544,3.509,3.531,50423.356075
1723428000000,3.532,3.539,3.516,3.531,47512.236716
1723431600000,3.529,3.538,3.502,3.512,100446.041999
1723435200000,3.512,3.532,3.511,3.517,37559.271805
1723438800000,3.517,3.53,3.51,3.523,27915.307745
1723442400000,3.522,3.526,3.505,3.513,53115.82156
1723446000000,3.51,3.578,3.472,3.561,183795.920848
1723449600000,3.561,3.608,3.545,3.556,176175.095419
1723453200000,3.556,3.591,3.553,3.591,48547.739287
1723456800000,3.59,3.648,3.57,3.646,113446.241645
1723460400000,3.647,3.75,3.638,3.745,293952.636218
1723464000000,3.746,3.767,3.717,3.739,179247.176027
1723467600000,3.74,3.745,3.605,3.628,259936.34237
1723471200000,3.628,3.766,3.588,3.745,389919.801747
1723474800000,3.744,3.775,3.697,3.769,237300.902495
1723478400000,3.77,3.793,3.724,3.733,101347.079924
1723482000000,3.732,3.75,3.708,3.715,34150.79277
1723485600000,3.716,3.729,3.652,3.658,49808.892585
1723489200000,3.658,3.702,3.658,3.682,55068.907821
1723492800000,3.683,3.7,3.661,3.669,29063.183469
1723496400000,3.667,3.683,3.631,3.675,43597.194827
1723500000000,3.676,3.697,3.671,3.683,23349.093667
1723503600000,3.682,3.757,3.682,3.735,90136.536027
1723507200000,3.734,3.756,3.717,3.732,46585.384881
1723510800000,3.733,3.761,3.71,3.757,130044.754969
1723514400000,3.757,3.761,3.712,3.756,62301.868309
1723518000000,3.756,3.77,3.689,3.7,111267.64359
1723521600000,3.699,3.719,3.676,3.719,57932.370059
1723525200000,3.72,3.724,3.687,3.688,52407.323594
1723528800000,3.688,3.708,3.668,3.701,35651.998502
1723532400000,3.701,3.705,3.674,3.676,38371.262627
1723536000000,3.675,3.686,3.649,3.663,68101.254404
1723539600000,3.662,3.662,3.627,3.64,47113.672779
1723543200000,3.639,3.64,3.594,3.622,107543.646649
1723546800000,3.621,3.627,3.605,3.617,45131.677255
1723550400000,3.619,3.665,3.61,3.642,74483.906486
1723554000000,3.644,3.678,3.629,3.675,51645.665443
1723557600000,3.676,3.697,3.626,3.694,101842.36102
1723561200000,3.694,3.699,3.658,3.679,53512.650551
1723564800000,3.68,3.759,3.674,3.757,163248.021057
1723568400000,3.758,3.772,3.731,3.752,122850.499664
1723572000000,3.751,3.751,3.703,3.707,46430.541591
1723575600000,3.707,3.715,3.665,3.714,66360.050042
1723579200000,3.715,3.716,3.686,3.686,27296.680783
1723582800000,3.686,3.724,3.684,3.717,30528.040628
1723586400000,3.719,3.723,3.695,3.707,22996.641394
1723590000000,3.705,3.72,3.7,3.706,74465.372948
1723593600000,3.705,3.706,3.668,3.678,80645.08506
1723597200000,3.678,3.68,3.621,3.64,107830.373351
1723600800000,3.64,3.664,3.631,3.653,161752.94393
1723604400000,3.654,3.685,3.654,3.663,64877.126117
1723608000000,3.664,3.682,3.664,3.668,50615.427662
1723611600000,3.666,3.684,3.656,3.657,31643.360108
1723615200000,3.657,3.681,3.642,3.675,39633.253712
1723618800000,3.674,3.674,3.663,3.667,21078.77406
1723622400000,3.669,3.68,3.653,3.673,19866.173563
1723626000000,3.673,3.686,3.662,3.677,29374.55853
1723629600000,3.677,3.717,3.677,3.694,56659.443362
1723633200000,3.694,3.701,3.669,3.684,46638.394912
1723636800000,3.683,3.731,3.66,3.674,257644.596066
1723640400000,3.675,3.685,3.572,3.586,304142.378146
1723644000000,3.582,3.615,3.535,3.603,329318.028504
1723647600000,3.603,3.638,3.58,3.618,85411.561186
1723651200000,3.618,3.63,3.586,3.611,136626.436056
1723654800000,3.608,3.614,3.589,3.594,31358.530138
1723658400000,3.591,3.616,3.573,3.589,95470.046225
1723662000000,3.59,3.597,3.572,3.593,38563.891395
1723665600000,3.593,3.597,3.577,3.581,30064.975589
1723669200000,3.58,3.59,3.566,3.568,35760.39945
1723672800000,3.567,3.595,3.542,3.594,70221.423509
1723676400000,3.595,3.601,3.583,3.585,38389.116935
1723680000000,3.584,3.614,3.575,3.604,117423.785769
1723683600000,3.605,3.608,3.573,3.584,34413.443289
1723687200000,3.583,3.635,3.569,3.611,106408.135799
1723690800000,3.611,3.638,3.611,3.628,47632.35053
1723694400000,3.63,3.656,3.63,3.647,95645.453023
1723698000000,3.647,3.651,3.604,3.607,70641.415234
1723701600000,3.608,3.626,3.583,3.593,101807.22297
1723705200000,3.593,3.611,3.581,3.606,57450.815958
1723708800000,3.606,3.636,3.591,3.632,86051.161834
1723712400000,3.632,3.651,3.62,3.622,90566.422247
1723716000000,3.624,3.625,3.601,3.607,38605.176145
1723719600000,3.611,3.638,3.61,3.635,57173.984474
1723723200000,3.637,3.669,3.622,3.631,110144.176376
1723726800000,3.633,3.67,3.615,3.668,100426.028963
1723730400000,3.668,3.677,3.642,3.658,81350.32023
1723734000000,3.659,3.672,3.632,3.646,73033.640167
1723737600000,3.646,3.658,3.611,3.623,63649.649328
1723741200000,3.619,3.625,3.527,3.532,161690.345818
1723744800000,3.533,3.533,3.431,3.475,422862.373818
1723748400000,3.473,3.476,3.438,3.464,163150.335072
1723752000000,3.463,3.473,3.437,3.472,111519.737201
1723755600000,3.47,3.479,3.446,3.479,75783.725342
1723759200000,3.476,3.517,3.46,3.503,69930.475332
1723762800000,3.504,3.523,3.497,3.503,57220.779515
1723766400000,3.504,3.531,3.5,3.523,85524.374221
1723770000000,3.522,3.53,3.494,3.512,51144.939294
1723773600000,3.511,3.558,3.488,3.523,127163.288717
1723777200000,3.522,3.53,3.509,3.513,41598.647082
1723780800000,3.513,3.534,3.507,3.534,38665.065396
1723784400000,3.533,3.551,3.525,3.542,37328.280353
1723788000000,3.542,3.583,3.538,3.569,91117.617392
1723791600000,3.571,3.572,3.549,3.561,50603.598572
1723795200000,3.56,3.562,3.538,3.54,43423.186144
1723798800000,3.539,3.553,3.529,3.553,51112.535804
1723802400000,3.554,3.554,3.534,3.538,29309.748601
1723806000000,3.537,3.542,3.506,3.516,77149.514734
1723809600000,3.516,3.525,3.408,3.437,245379.164329
1723813200000,3.438,3.535,3.431,3.492,178957.770367
1723816800000,3.491,3.524,3.447,3.482,244931.998414
1723820400000,3.482,3.502,3.435,3.45,99029.640726
1723824000000,3.451,3.519,3.442,3.487,76277.249699
1723827600000,3.484,3.541,3.448,3.53,83819.569211
1723831200000,3.531,3.554,3.517,3.54,47055.27403
1723834800000,3.54,3.553,3.529,3.546,25231.696724
1723838400000,3.546,3.575,3.525,3.526,157823.506773
1723842000000,3.527,3.529,3.5,3.506,37446.791247
1723845600000,3.507,3.517,3.498,3.501,23480.820375
1723849200000,3.503,3.51,3.488,3.5,40367.839269
1723852800000,3.5,3.517,3.487,3.516,107957.964014
1723856400000,3.514,3.525,3.508,3.509,35656.00982
1723860000000,3.51,3.517,3.498,3.5,43993.847771
1723863600000,3.5,3.513,3.489,3.493,32856.122451
1723867200000,3.494,3.517,3.488,3.517,26367.028186
1723870800000,3.517,3.521,3.506,3.513,37465.810632
1723874400000,3.511,3.533,3.505,3.52,124999.113005
1723878000000,3.519,3.527,3.51,3.521,24900.941939
1723881600000,3.521,3.524,3.511,3.52,25338.388249
1723885200000,3.52,3.536,3.513,3.529,50130.234855
1723888800000,3.529,3.533,3.512,3.512,27794.972021
1723892400000,3.512,3.522,3.504,3.515,21840.618947
1723896000000,3.514,3.54,3.507,3.535,23619.3867
1723899600000,3.536,3.547,3.521,3.524,41771.850203
1723903200000,3.525,3.537,3.511,3.532,44306.478469
1723906800000,3.534,3.548,3.526,3.526,48779.622664
1723910400000,3.527,3.556,3.525,3.551,33683.097823
1723914000000,3.552,3.575,3.549,3.55,110714.055156
1723917600000,3.549,3.554,3.539,3.549,13050.448463
1723921200000,3.551,3.557,3.543,3.556,26433.383558
1723924800000,3.556,3.56,3.547,3.553,13153.025825
1723928400000,3.553,3.567,3.549,3.567,21106.677551
1723932000000,3.567,3.584,3.562,3.563,21807.654891
1723935600000,3.564,3.574,3.558,3.57,13397.535984
1723939200000,3.568,3.575,3.551,3.566,24883.515729
1723942800000,3.564,3.567,3.538,3.542,31053.31883
1723946400000,3.544,3.572,3.532,3.568,24715.845305
1723950000000,3.57,3.576,3.526,3.526,51001.386984
1723953600000,3.527,3.535,3.511,3.534,29916.306102
1723957200000,3.534,3.542,3.526,3.531,18318.369398
1723960800000,3.53,3.545,3.528,3.54,33014.819652
1723964400000,3.54,3.541,3.527,3.529,14919.600031
1723968000000,3.529,3.545,3.527,3.545,21594.466072
1723971600000,3.546,3.562,3.531,3.552,50713.267466
1723975200000,3.552,3.596,3.552,3.578,127754.378784
1723978800000,3.58,3.587,3.572,3.585,45406.171007
1723982400000,3.584,3.633,3.572,3.607,99142.851949
1723986000000,3.608,3.627,3.591,3.595,57922.228794
1723989600000,3.595,3.603,3.578,3.598,52414.367311
1723993200000,3.597,3.617,3.587,3.606,67412.571633
1723996800000,3.607,3.616,3.594,3.602,27697.542134
1724000400000,3.604,3.61,3.575,3.579,19110.46591
1724004000000,3.581,3.603,3.575,3.603,21846.805656
1724007600000,3.602,3.617,3.596,3.617,8096.191214
1724011200000,3.618,3.625,3.612,3.621,17734.747969
1724014800000,3.619,3.62,3.591,3.599,11126.714906
1724018400000,3.601,3.62,3.601,3.603,15645.102918
1724022000000,3.603,3.606,3.547,3.549,64196.148737
1724025600000,3.551,3.559,3.531,3.535,75711.706644
1724029200000,3.533,3.598,3.533,3.579,40832.255577
1724032800000,3.579,3.6,3.567,3.59,25031.504532
1724036400000,3.59,3.594,3.573,3.582,24752.593765
1724040000000,3.582,3.584,3.564,3.57,12927.845875
1724043600000,3.569,3.574,3.551,3.561,16554.318761
1724047200000,3.559,3.575,3.546,3.568,24635.50954
1724050800000,3.568,3.577,3.559,3.565,17827.584186
1724054400000,3.566,3.593,3.561,3.586,23382.921689
1724058000000,3.586,3.62,3.558,3.566,99489.523149
1724061600000,3.564,3.589,3.541,3.573,59949.197684
1724065200000,3.573,3.6,3.552,3.591,93879.320848
1724068800000,3.593,3.604,3.577,3.581,74140.273927
1724072400000,3.579,3.62,3.558,3.57,181265.249116
1724076000000,3.572,3.58,3.544,3.577,94577.995707
1724079600000,3.579,3.599,3.57,3.572,43632.565486
1724083200000,3.572,3.577,3.541,3.57,36333.820533
1724086800000,3.571,3.634,3.571,3.601,81569.011233
1724090400000,3.601,3.621,3.586,3.607,26443.415316
1724094000000,3.61,3.612,3.589,3.6,10652.21931
1724097600000,3.601,3.615,3.597,3.608,8618.711268
1724101200000,3.606,3.611,3.585,3.587,17621.962913
1724104800000,3.587,3.607,3.579,3.603,26684.460782
1724108400000,3.602,3.625,3.594,3.623,23199.86929
1724112000000,3.623,3.677,3.612,3.664,163633.142294
1724115600000,3.666,3.687,3.647,3.664,129211.001928
1724119200000,3.662,3.666,3.648,3.664,90286.297679
1724122800000,3.664,3.667,3.652,3.659,35362.324892
1724126400000,3.66,3.676,3.66,3.671,75303.967894
1724130000000,3.672,3.699,3.668,3.676,87225.093819
1724133600000,3.676,3.677,3.663,3.674,103937.363311
1724137200000,3.674,3.678,3.656,3.67,42601.56229
1724140800000,3.672,3.675,3.641,3.648,59804.941919
1724144400000,3.648,3.662,3.643,3.655,20263.079889
1724148000000,3.656,3.661,3.641,3.643,25903.625507
1724151600000,3.641,3.646,3.626,3.635,51853.377198
1724155200000,3.635,3.653,3.633,3.65,54703.860322
1724158800000,3.648,3.677,3.635,3.666,66236.389437
1724162400000,3.664,3.67,3.608,3.61,119957.92843
1724166000000,3.61,3.63,3.555,3.594,151902.752291
1724169600000,3.594,3.629,3.587,3.629,42906.221486
1724173200000,3.628,3.639,3.618,3.632,18849.621575
1724176800000,3.633,3.674,3.632,3.663,125833.417584
1724180400000,3.664,3.696,3.663,3.681,30854.986051
1724184000000,3.687,3.704,3.677,3.677,43554.232244
1724187600000,3.676,3.685,3.655,3.674,19336.137803
1724191200000,3.677,3.687,3.664,3.669,15487.122248
1724194800000,3.667,3.672,3.648,3.651,28950.545295
1724198400000,3.65,3.661,3.638,3.638,54403.768116
1724202000000,3.638,3.646,3.608,3.645,78696.422135
1724205600000,3.645,3.665,3.643,3.654,70112.202337
1724209200000,3.655,3.662,3.648,3.656,31724.986366
1724212800000,3.657,3.677,3.655,3.676,42881.184381
1724216400000,3.676,3.685,3.67,3.681,58629.792775
1724220000000,3.681,3.699,3.672,3.678,82280.359363
1724223600000,3.678,3.693,3.678,3.685,46885.490272
1724227200000,3.684,3.695,3.662,3.669,67846.799258
1724230800000,3.67,3.671,3.638,3.656,62471.919446
1724234400000,3.658,3.679,3.651,3.678,30278.047079
1724238000000,3.678,3.682,3.663,3.668,23015.90128
1724241600000,3.668,3.677,3.651,3.662,27059.525499
1724245200000,3.661,3.69,3.612,3.683,98397.412354
1724248800000,3.683,3.698,3.63,3.655,119847.969272
1724252400000,3.655,3.685,3.65,3.673,39954.668033
1724256000000,3.673,3.696,3.659,3.692,32570.285554
1724259600000,3.69,3.741,3.679,3.738,276338.650592
1724263200000,3.739,3.806,3.736,3.8,331247.838557
1724266800000,3.799,3.835,3.798,3.821,108963.191778
1724270400000,3.822,3.832,3.8,3.814,86367.414685
1724274000000,3.815,3.819,3.793,3.816,84525.557078
1724277600000,3.816,3.822,3.795,3.797,65799.508225
1724281200000,3.797,3.8,3.778,3.793,46921.226505
1724284800000,3.793,3.814,3.791,3.793,54880.060799
1724288400000,3.79,3.814,3.79,3.813,38958.585728
1724292000000,3.812,3.821,3.756,3.796,102708.722327
1724295600000,3.796,3.816,3.784,3.8,53733.35641
1724299200000,3.802,3.82,3.797,3.82,40227.489314
1724302800000,3.82,3.82,3.801,3.814,32536.986818
1724306400000,3.814,3.833,3.811,3.831,43345.675279
1724310000000,3.832,3.854,3.832,3.849,114718.191426
1724313600000,3.848,3.879,3.838,3.862,87716.440588
1724317200000,3.862,3.895,3.86,3.867,131435.687358
1724320800000,3.867,3.901,3.862,3.897,95807.791066
1724324400000,3.898,3.943,3.882,3.926,96716.398196
1724328000000,3.925,3.934,3.877,3.881,211210.276073
1724331600000,3.883,3.922,3.878,3.91,65474.343862
1724335200000,3.91,3.918,3.888,3.9,116672.87713
1724338800000,3.899,3.937,3.886,3.904,224820.0845
1724342400000,3.904,3.914,3.89,3.899,81123.971795
1724346000000,3.898,3.903,3.876,3.889,46373.57401
1724349600000,3.889,3.903,3.88,3.882,34806.286602
1724353200000,3.884,3.894,3.867,3.871,29393.757001
1724356800000,3.873,3.898,3.871,3.898,41161.449281
1724360400000,3.899,3.907,3.892,3.904,43718.077716
1724364000000,3.905,3.934,3.904,3.932,24719.383681
1724367600000,3.932,3.956,3.922,3.947,99202.467032
1724371200000,3.947,4.058,3.942,4.03,279941.640547
1724374800000,4.032,4.042,3.994,4.02,194687.287167
1724378400000,4.02,4.025,3.993,4.002,76282.97083
1724382000000,4.001,4.023,3.997,4.004,39159.542795
1724385600000,4.005,4.012,3.991,3.998,43270.665786
1724389200000,3.999,4.019,3.994,3.995,60561.196478
1724392800000,3.995,4.026,3.993,4.016,41716.911997
1724396400000,4.016,4.025,4.005,4.021,36497.890998
1724400000000,4.021,4.051,4.014,4.048,75601.093196
1724403600000,4.05,4.053,4.033,4.045,61847.604473
1724407200000,4.045,4.115,4.044,4.105,317061.2399
1724410800000,4.104,4.112,4.057,4.057,87993.33187
1724414400000,4.058,4.126,4.058,4.119,76850.62926
1724418000000,4.118,4.144,4.092,4.122,133558.077658
1724421600000,4.123,4.169,4.087,4.133,296589.714448
1724425200000,4.133,4.182,4.125,4.159,176278.589089
1724428800000,4.161,4.169,4.131,4.153,77008.903433
1724432400000,4.153,4.22,4.138,4.216,119539.542561
1724436000000,4.215,4.27,4.193,4.253,102963.383048
1724439600000,4.255,4.282,4.238,4.258,81503.07928
1724443200000,4.257,4.288,4.255,4.267,61393.912158
1724446800000,4.266,4.291,4.244,4.266,88134.65715
1724450400000,4.265,4.291,4.221,4.237,111267.74283
1724454000000,4.238,4.249,4.213,4.225,134041.37844
1724457600000,4.225,4.269,4.22,4.243,54739.72483
1724461200000,4.242,4.249,4.226,4.243,88323.37432
1724464800000,4.241,4.241,4.215,4.227,87695.921546
1724468400000,4.225,4.228,4.195,4.2,66392.205896
1724472000000,4.2,4.221,4.198,4.2,83041.313706
1724475600000,4.2,4.22,4.197,4.215,64994.446451
1724479200000,4.215,4.24,4.205,4.208,88182.252014
1724482800000,4.208,4.242,4.208,4.238,38376.745597
1724486400000,4.238,4.269,4.227,4.262,45887.542391
1724490000000,4.26,4.286,4.237,4.281,105429.255704
1724493600000,4.28,4.333,4.27,4.306,136091.939831
1724497200000,4.306,4.337,4.306,4.316,52812.141366
1724500800000,4.316,4.324,4.267,4.275,142627.255178
1724504400000,4.276,4.328,4.271,4.303,68309.544722
1724508000000,4.303,4.311,4.283,4.292,113238.184154
1724511600000,4.291,4.291,4.23,4.252,104013.275336
1724515200000,4.251,4.291,4.247,4.282,130342.193464
1724518800000,4.28,4.304,4.246,4.257,80332.838559
1724522400000,4.257,4.317,4.246,4.286,57588.939242
1724526000000,4.288,4.302,4.28,4.283,20803.234916
1724529600000,4.284,4.296,4.265,4.267,31641.14799
1724533200000,4.267,4.267,4.167,4.184,127757.520661
1724536800000,4.183,4.218,4.181,4.207,62144.546239
1724540400000,4.207,4.248,4.207,4.245,57371.274094
1724544000000,4.243,4.262,4.184,4.185,89280.668208
1724547600000,4.185,4.222,4.127,4.156,186545.124227
1724551200000,4.156,4.193,4.156,4.178,70655.115374
1724554800000,4.18,4.187,4.144,4.18,200581.264598
1724558400000,4.181,4.184,4.137,4.169,61748.387087
1724562000000,4.169,4.184,4.157,4.165,25631.423076
1724565600000,4.169,4.179,4.14,4.145,48870.87726
1724569200000,4.144,4.146,4.055,4.091,171787.849545
1724572800000,4.089,4.145,4.071,4.124,105484.969273
1724576400000,4.125,4.137,4.109,4.135,26849.229844
1724580000000,4.132,4.141,4.112,4.118,18539.56329
1724583600000,4.118,4.164,4.118,4.149,35677.321918
1724587200000,4.149,4.17,4.142,4.162,52141.497371
1724590800000,4.161,4.215,4.154,4.207,86492.811719
1724594400000,4.203,4.221,4.187,4.202,42863.350326
1724598000000,4.201,4.244,4.187,4.197,99901.89166
1724601600000,4.2,4.232,4.165,4.176,42638.506432
1724605200000,4.176,4.19,4.149,4.16,20033.957694
1724608800000,4.159,4.195,4.156,4.182,13277.923351
1724612400000,4.181,4.191,4.171,4.178,7723.738171
1724616000000,4.181,4.199,4.177,4.177,6653.220625
1724619600000,4.178,4.233,4.173,4.228,20495.868141
1724623200000,4.228,4.24,4.191,4.202,24556.444581
1724626800000,4.201,4.215,4.147,4.159,77003.749439
1724630400000,4.161,4.191,4.135,4.154,79200.493345
1724634000000,4.154,4.168,4.121,4.127,57678.480159
1724637600000,4.125,4.133,4.082,4.127,61254.445801
1724641200000,4.126,4.128,4.104,4.124,54386.756765
1724644800000,4.124,4.128,4.104,4.114,31552.617987
1724648400000,4.114,4.117,4.084,4.091,37941.877789
1724652000000,4.092,4.098,4.058,4.069,91177.871344
1724655600000,4.069,4.1,4.038,4.078,106020.092608
1724659200000,4.08,4.114,4.077,4.095,37510.632604
1724662800000,4.093,4.105,4.05,4.101,58416.562444
1724666400000,4.1,4.109,4.075,4.075,44693.224732
1724670000000,4.077,4.091,4.064,4.069,38708.08202
1724673600000,4.069,4.105,4.019,4.039,158548.557681
1724677200000,4.037,4.063,4.016,4.037,64496.633967
1724680800000,4.039,4.066,4.015,4.066,127480.90723
1724684400000,4.066,4.072,4.019,4.019,128467.560705
1724688000000,4.018,4.021,3.964,4.004,151190.39144
1724691600000,4.002,4.011,3.927,3.934,74311.168256
1724695200000,3.934,3.969,3.919,3.951,63376.844521
1724698800000,3.949,3.957,3.912,3.924,91851.298837
1724702400000,3.925,3.939,3.886,3.936,110022.69994
1724706000000,3.936,3.942,3.897,3.927,43156.016861
1724709600000,3.923,3.945,3.918,3.938,59817.056265
1724713200000,3.938,3.959,3.921,3.93,72705.224546
1724716800000,3.929,3.972,3.929,3.95,94586.983521
1724720400000,3.947,3.993,3.947,3.966,50147.13203
1724724000000,3.966,4.013,3.96,3.994,91711.842782
1724727600000,3.993,4.013,3.978,4.013,50338.343837
1724731200000,4.013,4.024,3.989,4.009,76335.26708
1724734800000,4.01,4.049,4.008,4.047,103094.055252
1724738400000,4.048,4.048,3.972,3.981,139578.859823
1724742000000,3.981,3.995,3.973,3.986,34131.397098
1724745600000,3.986,4.001,3.947,3.975,83777.838651
1724749200000,3.975,3.997,3.949,3.955,62404.418673
1724752800000,3.956,3.957,3.905,3.919,79448.711298
1724756400000,3.918,3.944,3.896,3.912,102049.712338
1724760000000,3.912,3.914,3.857,3.897,154064.569923
1724763600000,3.897,3.906,3.87,3.891,39594.151556
1724767200000,3.891,3.936,3.854,3.91,113252.99176
1724770800000,3.912,3.944,3.886,3.929,70289.195725
1724774400000,3.928,3.975,3.919,3.942,146861.04704
1724778000000,3.946,3.968,3.929,3.947,19099.317755
1724781600000,3.946,3.961,3.933,3.953,27926.530104
1724785200000,3.953,3.971,3.927,3.937,84980.754257
1724788800000,3.936,3.936,3.897,3.901,70248.137942
1724792400000,3.901,3.915,3.75,3.803,320595.612394
1724796000000,3.8,3.809,3.652,3.714,622506.049756
1724799600000,3.712,3.741,3.695,3.722,207089.800665
1724803200000,3.722,3.722,3.663,3.683,151462.151417
1724806800000,3.684,3.714,3.666,3.712,126627.736114
1724810400000,3.712,3.718,3.664,3.69,109256.890851
1724814000000,3.69,3.726,3.687,3.717,60929.63415
1724817600000,3.716,3.719,3.683,3.688,66889.09618
1724821200000,3.688,3.714,3.683,3.694,50803.421114
1724824800000,3.693,3.717,3.687,3.705,22226.443161
1724828400000,3.705,3.711,3.654,3.657,107850.123927
1724832000000,3.657,3.712,3.633,3.698,170386.604016
1724835600000,3.699,3.806,3.688,3.803,131125.732544
1724839200000,3.803,3.816,3.765,3.786,113175.00072
1724842800000,3.783,3.812,3.775,3.783,64952.168679
1724846400000,3.782,3.831,3.776,3.801,105238.581655
1724850000000,3.801,3.802,3.717,3.723,101150.15492
1724853600000,3.725,3.781,3.708,3.735,92065.333501
1724857200000,3.732,3.732,3.67,3.712,172149.326652
1724860800000,3.711,3.711,3.555,3.658,524715.478203
1724864400000,3.657,3.672,3.604,3.606,159036.173739
1724868000000,3.605,3.705,3.599,3.703,109026.972408
1724871600000,3.702,3.728,3.648,3.659,89231.395585
1724875200000,3.658,3.718,3.635,3.667,80928.331292
1724878800000,3.665,3.679,3.64,3.646,24284.287463
1724882400000,3.647,3.651,3.598,3.648,77436.88248
1724886000000,3.648,3.662,3.627,3.646,49495.832374
1724889600000,3.646,3.679,3.636,3.671,49609.534749
1724893200000,3.67,3.705,3.665,3.68,86830.083488
1724896800000,3.679,3.703,3.674,3.7,43683.098474
1724900400000,3.701,3.709,3.687,3.697,36636.477157
1724904000000,3.696,3.697,3.663,3.683,136466.488338
1724907600000,3.682,3.716,3.678,3.711,56402.662557
1724911200000,3.711,3.731,3.697,3.717,71337.415263
1724914800000,3.717,3.727,3.71,3.711,31435.52512
1724918400000,3.71,3.726,3.693,3.699,60244.681018
1724922000000,3.699,3.722,3.695,3.696,38574.613089
1724925600000,3.696,3.716,3.685,3.691,59258.276542
1724929200000,3.69,3.754,3.684,3.715,151566.768045
1724932800000,3.716,3.751,3.711,3.735,124095.091771
1724936400000,3.737,3.752,3.724,3.748,63061.569078
1724940000000,3.751,3.766,3.727,3.757,108325.194373
1724943600000,3.758,3.799,3.751,3.77,92437.881993
1724947200000,3.768,3.785,3.713,3.729,73361.189524
1724950800000,3.726,3.732,3.708,3.725,49455.062911
1724954400000,3.724,3.724,3.612,3.617,216434.906242
1724958000000,3.617,3.664,3.595,3.644,209852.017116
1724961600000,3.646,3.668,3.627,3.654,33463.342665
1724965200000,3.653,3.662,3.643,3.649,32413.815455
1724968800000,3.649,3.649,3.61,3.634,81927.881496
1724972400000,3.632,3.65,3.628,3.646,43551.648577
1724976000000,3.643,3.671,3.632,3.657,24928.816996
1724979600000,3.656,3.666,3.635,3.655,45185.811102
1724983200000,3.655,3.661,3.629,3.643,26057.056256
1724986800000,3.642,3.642,3.624,3.632,42986.485377
1724990400000,3.632,3.653,3.632,3.64,26418.034015
1724994000000,3.64,3.653,3.619,3.639,26404.628299
1724997600000,3.644,3.684,3.633,3.682,78984.480622
1725001200000,3.682,3.702,3.67,3.683,64960.172314
1725004800000,3.684,3.712,3.684,3.689,47432.133186
1725008400000,3.691,3.702,3.681,3.694,30146.404526
1725012000000,3.696,3.698,3.674,3.679,19383.840274
1725015600000,3.678,3.694,3.661,3.663,36597.610464
1725019200000,3.664,3.703,3.662,3.668,109769.705265
1725022800000,3.668,3.686,3.617,3.673,82992.957815
1725026400000,3.672,3.691,3.546,3.551,287796.517646
1725030000000,3.55,3.565,3.46,3.479,589020.479117
1725033600000,3.48,3.542,3.457,3.539,177988.171511
1725037200000,3.539,3.567,3.525,3.552,59264.585141
1725040800000,3.552,3.631,3.55,3.622,171879.438689
1725044400000,3.622,3.623,3.584,3.598,37782.111391
1725048000000,3.601,3.613,3.591,3.606,17792.430937
1725051600000,3.606,3.629,3.605,3.62,30471.102946
1725055200000,3.623,3.649,3.621,3.637,58552.190828
1725058800000,3.637,3.653,3.632,3.641,59707.455201
1725062400000,3.641,3.66,3.625,3.639,40311.32918
1725066000000,3.639,3.649,3.63,3.632,14698.258682
1725069600000,3.633,3.639,3.631,3.638,12533.731668
1725073200000,3.64,3.653,3.629,3.649,14983.496187
1725076800000,3.649,3.67,3.647,3.665,48274.086081
1725080400000,3.665,3.665,3.644,3.644,44341.642517
1725084000000,3.644,3.657,3.64,3.642,22500.441398
1725087600000,3.644,3.648,3.63,3.636,26155.030663
1725091200000,3.637,3.644,3.601,3.601,35620.127656
1725094800000,3.601,3.613,3.573,3.597,75585.969398
1725098400000,3.596,3.631,3.594,3.625,36520.666894
1725102000000,3.627,3.633,3.618,3.621,33794.953201
1725105600000,3.619,3.625,3.609,3.61,17569.003359
1725109200000,3.61,3.616,3.564,3.565,53277.284433
1725112800000,3.565,3.605,3.565,3.59,36178.062438
1725116400000,3.592,3.595,3.572,3.588,43839.869307
1725120000000,3.588,3.588,3.555,3.566,61403.681351
1725123600000,3.562,3.57,3.533,3.556,50183.387664
1725127200000,3.554,3.59,3.55,3.557,30784.151874
1725130800000,3.556,3.567,3.552,3.565,13258.050051
1725134400000,3.565,3.578,3.551,3.574,33123.586328
1725138000000,3.575,3.594,3.566,3.589,30676.480604
1725141600000,3.588,3.589,3.575,3.577,12608.695472
1725145200000,3.577,3.579,3.563,3.57,29701.528059
1725148800000,3.569,3.581,3.565,3.574,23281.558121
1725152400000,3.574,3.58,3.531,3.533,48389.722778
1725156000000,3.532,3.538,3.497,3.532,122093.940506
1725159600000,3.532,3.548,3.528,3.538,41941.472002
1725163200000,3.539,3.547,3.525,3.532,31273.997936
1725166800000,3.533,3.537,3.457,3.465,164759.550773
1725170400000,3.465,3.495,3.462,3.472,108979.648366
1725174000000,3.472,3.497,3.458,3.497,58272.076188
1725177600000,3.496,3.501,3.479,3.484,40438.759398
1725181200000,3.483,3.502,3.469,3.477,60120.180217
1725184800000,3.476,3.477,3.451,3.456,116338.295192
1725188400000,3.456,3.474,3.434,3.472,135452.426007
1725192000000,3.472,3.483,3.443,3.443,38001.735376
1725195600000,3.444,3.459,3.41,3.445,89661.233606
1725199200000,3.444,3.446,3.375,3.422,228607.044616
1725202800000,3.42,3.482,3.412,3.475,94594.634541
1725206400000,3.473,3.502,3.433,3.444,117718.317913
1725210000000,3.445,3.461,3.385,3.409,63014.7126
1725213600000,3.411,3.481,3.411,3.464,32320.729247
1725217200000,3.461,3.489,3.444,3.465,31335.444573
1725220800000,3.464,3.494,3.453,3.46,31995.178607
1725224400000,3.46,3.46,3.416,3.44,19440.95538
1725228000000,3.44,3.443,3.308,3.325,346978.17871
1725231600000,3.326,3.37,3.32,3.362,97998.554329
1725235200000,3.36,3.384,3.342,3.372,93125.512934
1725238800000,3.372,3.394,3.361,3.365,62657.625537
1725242400000,3.366,3.391,3.355,3.365,41390.840915
1725246000000,3.364,3.382,3.364,3.38,48488.323947
1725249600000,3.381,3.385,3.344,3.344,84341.637643
1725253200000,3.345,3.403,3.343,3.387,87816.907193
1725256800000,3.387,3.395,3.362,3.366,48053.310738
1725260400000,3.368,3.375,3.317,3.336,80519.984577
1725264000000,3.336,3.4,3.336,3.38,183089.290618
1725267600000,3.381,3.417,3.361,3.41,175587.177411
1725271200000,3.411,3.463,3.401,3.444,221182.73736
1725274800000,3.444,3.455,3.423,3.428,92074.199098
1725278400000,3.428,3.445,3.422,3.439,72550.749798
1725282000000,3.438,3.451,3.404,3.404,54050.041283
1725285600000,3.404,3.51,3.376,3.504,314077.600703
1725289200000,3.503,3.516,3.486,3.489,118528.565351
1725292800000,3.489,3.51,3.458,3.462,73863.672641
1725296400000,3.461,3.503,3.461,3.494,24110.344321
1725300000000,3.495,3.506,3.425,3.442,164151.596232
1725303600000,3.441,3.458,3.428,3.449,17444.003862
1725307200000,3.449,3.513,3.445,3.504,88864.260808
1725310800000,3.506,3.522,3.482,3.493,57065.53628
1725314400000,3.492,3.502,3.478,3.492,43569.951377
1725318000000,3.493,3.497,3.484,3.489,31345.968442
1725321600000,3.49,3.507,3.477,3.507,56960.614987
1725325200000,3.507,3.522,3.494,3.521,131411.358048
1725328800000,3.518,3.558,3.51,3.511,107351.276267
1725332400000,3.513,3.522,3.49,3.496,51018.915191
1725336000000,3.497,3.506,3.48,3.492,47754.300424
1725339600000,3.492,3.504,3.484,3.503,30070.080619
1725343200000,3.504,3.504,3.473,3.474,45415.649576
1725346800000,3.476,3.505,3.475,3.501,78319.190416
1725350400000,3.501,3.502,3.45,3.458,69028.463449
1725354000000,3.46,3.471,3.456,3.456,28706.938739
1725357600000,3.456,3.483,3.455,3.475,54962.679684
1725361200000,3.477,3.489,3.466,3.484,24992.168822
1725364800000,3.486,3.505,3.485,3.489,38636.343823
1725368400000,3.489,3.506,3.413,3.43,120411.524858
1725372000000,3.429,3.429,3.386,3.411,125575.048832
1725375600000,3.409,3.424,3.378,3.385,70047.160676
1725379200000,3.384,3.414,3.38,3.395,135595.235626
1725382800000,3.394,3.431,3.394,3.412,41956.749542
1725386400000,3.413,3.418,3.394,3.404,51646.585525
1725390000000,3.406,3.422,3.389,3.399,24554.564901
1725393600000,3.4,3.42,3.4,3.415,38620.381409
1725397200000,3.41,3.411,3.377,3.393,34793.274427
1725400800000,3.394,3.401,3.38,3.38,35172.37617
1725404400000,3.379,3.383,3.343,3.353,115306.068911
1725408000000,3.355,3.381,3.305,3.314,96322.802788
1725411600000,3.316,3.317,3.168,3.277,542303.878214
1725415200000,3.278,3.306,3.27,3.291,106052.873884
1725418800000,3.291,3.335,3.291,3.33,76993.173202
1725422400000,3.331,3.376,3.328,3.371,84278.332218
1725426000000,3.37,3.371,3.328,3.331,67108.804399
1725429600000,3.332,3.358,3.33,3.334,98668.320084
1725433200000,3.337,3.373,3.331,3.352,96536.950875
1725436800000,3.356,3.37,3.342,3.367,46055.031672
1725440400000,3.366,3.384,3.357,3.359,51571.759372
1725444000000,3.359,3.364,3.325,3.325,56837.408036
1725447600000,3.327,3.348,3.327,3.331,43417.134842
1725451200000,3.33,3.355,3.327,3.337,40894.196485
1725454800000,3.338,3.344,3.311,3.338,91849.156571
1725458400000,3.336,3.433,3.327,3.414,156290.889239
1725462000000,3.415,3.433,3.392,3.428,132899.060482
1725465600000,3.428,3.469,3.417,3.444,166873.219643
1725469200000,3.443,3.446,3.411,3.411,35209.086243
1725472800000,3.411,3.417,3.376,3.377,53746.326819
1725476400000,3.379,3.399,3.376,3.399,15399.832469
1725480000000,3.399,3.409,3.389,3.407,12946.6249
1725483600000,3.409,3.432,3.396,3.428,40087.311536
1725487200000,3.432,3.437,3.411,3.418,16900.135678
1725490800000,3.418,3.418,3.389,3.394,22648.721324
1725494400000,3.392,3.414,3.383,3.383,36445.42182
1725498000000,3.382,3.414,3.381,3.405,41645.11783
1725501600000,3.408,3.409,3.383,3.386,65721.271505
1725505200000,3.384,3.385,3.336,3.343,147198.700691
1725508800000,3.34,3.36,3.328,3.352,35027.019255
1725512400000,3.352,3.367,3.341,3.362,28880.18541
1725516000000,3.361,3.366,3.322,3.364,60197.524729
1725519600000,3.363,3.392,3.358,3.386,54595.923784
1725523200000,3.385,3.398,3.363,3.371,45584.503415
1725526800000,3.371,3.389,3.363,3.38,33542.22093
1725530400000,3.378,3.383,3.368,3.374,28237.701033
1725534000000,3.375,3.387,3.369,3.373,44425.750541
1725537600000,3.374,3.398,3.363,3.385,46972.477262
1725541200000,3.384,3.426,3.384,3.412,98294.565652
1725544800000,3.413,3.434,3.35,3.362,148576.801852
1725548400000,3.362,3.377,3.328,3.35,154849.299136
1725552000000,3.35,3.354,3.316,3.332,66905.652307
1725555600000,3.331,3.373,3.326,3.372,58862.516269
1725559200000,3.374,3.379,3.362,3.366,22739.149888
1725562800000,3.366,3.367,3.317,3.333,48585.182294
1725566400000,3.332,3.361,3.329,3.344,24370.104797
1725570000000,3.343,3.361,3.322,3.359,37796.333035
1725573600000,3.361,3.365,3.338,3.363,8164.733831
1725577200000,3.364,3.367,3.355,3.358,26490.831938
1725580800000,3.357,3.365,3.338,3.357,36979.037384
1725584400000,3.354,3.388,3.341,3.381,58068.06431
1725588000000,3.379,3.411,3.376,3.402,60325.962943
1725591600000,3.402,3.417,3.391,3.391,66325.409666
1725595200000,3.393,3.398,3.377,3.381,49878.92722
1725598800000,3.38,3.389,3.364,3.385,58000.137711
1725602400000,3.385,3.386,3.368,3.383,40730.846185
1725606000000,3.383,3.386,3.323,3.344,157286.806633
1725609600000,3.345,3.363,3.33,3.343,63468.239383
1725613200000,3.343,3.347,3.327,3.335,90236.32523
1725616800000,3.335,3.36,3.334,3.343,65339.554647
1725620400000,3.345,3.351,3.333,3.343,46453.597291
1725624000000,3.344,3.41,3.332,3.407,150295.32355
1725627600000,3.408,3.411,3.348,3.37,113237.754708
1725631200000,3.367,3.374,3.309,3.33,212235.721039
1725634800000,3.328,3.348,3.274,3.33,224655.518636
1725638400000,3.33,3.331,3.266,3.295,158118.923921
1725642000000,3.294,3.334,3.272,3.307,49796.563168
1725645600000,3.304,3.31,3.247,3.249,83256.840007
1725649200000,3.25,3.275,3.227,3.252,133076.358492
1725652800000,3.251,3.262,3.156,3.169,328114.099494
1725656400000,3.167,3.238,3.144,3.238,151321.665425
1725660000000,3.237,3.273,3.23,3.257,80342.111502
1725663600000,3.257,3.282,3.256,3.275,23856.689604
1725667200000,3.274,3.306,3.272,3.302,124432.24123
1725670800000,3.302,3.307,3.274,3.282,92126.703627
1725674400000,3.283,3.299,3.28,3.288,99228.557291
1725678000000,3.287,3.304,3.286,3.287,49842.993104
1725681600000,3.288,3.31,3.286,3.309,27922.126719
1725685200000,3.31,3.343,3.308,3.334,91479.028402
1725688800000,3.336,3.338,3.322,3.331,33117.887675
1725692400000,3.332,3.348,3.325,3.338,71565.390619
1725696000000,3.338,3.359,3.331,3.359,48811.813883
1725699600000,3.358,3.359,3.331,3.334,60988.866698
1725703200000,3.334,3.347,3.334,3.335,32932.668186
1725706800000,3.336,3.347,3.33,3.331,33364.457442
1725710400000,3.332,3.345,3.331,3.333,38189.947308
1725714000000,3.335,3.348,3.33,3.334,71567.257437
1725717600000,3.334,3.348,3.332,3.343,32465.331571
1725721200000,3.345,3.37,3.344,3.359,122799.823334
1725724800000,3.358,3.371,3.342,3.35,51841.254878
1725728400000,3.349,3.353,3.318,3.335,61287.310693
1725732000000,3.333,3.357,3.323,3.351,31588.264517
1725735600000,3.352,3.373,3.343,3.368,22325.358529
1725739200000,3.367,3.37,3.34,3.344,35849.882574
1725742800000,3.343,3.354,3.329,3.337,13174.342403
1725746400000,3.339,3.347,3.325,3.328,22514.884906
1725750000000,3.327,3.351,3.32,3.349,65394.860065
1725753600000,3.349,3.352,3.334,3.344,40716.150675
1725757200000,3.344,3.386,3.343,3.384,53763.15347
1725760800000,3.384,3.398,3.378,3.393,67148.699667
1725764400000,3.395,3.397,3.382,3.395,57971.626972
1725768000000,3.395,3.4,3.386,3.396,35651.835857
1725771600000,3.396,3.397,3.377,3.377,34267.392221
1725775200000,3.377,3.385,3.373,3.38,22721.581337
1725778800000,3.381,3.407,3.379,3.397,61596.137395
1725782400000,3.397,3.404,3.382,3.4,51208.979395
1725786000000,3.401,3.417,3.384,3.388,60582.537549
1725789600000,3.389,3.404,3.389,3.399,23362.404838
1725793200000,3.399,3.404,3.374,3.377,58586.365194
1725796800000,3.377,3.383,3.347,3.352,67095.056747
1725800400000,3.352,3.369,3.338,3.366,32543.818935
1725804000000,3.366,3.368,3.339,3.34,72146.937079
1725807600000,3.341,3.351,3.33,3.335,77340.81148
1725811200000,3.335,3.351,3.32,3.342,32917.023104
1725814800000,3.341,3.374,3.341,3.372,29379.120328
1725818400000,3.374,3.376,3.363,3.374,24409.449336
1725822000000,3.376,3.381,3.359,3.365,24084.047901
1725825600000,3.365,3.371,3.356,3.37,13359.48365
1725829200000,3.369,3.405,3.366,3.385,65092.175561
1725832800000,3.387,3.442,3.38,3.391,150262.721941
1725836400000,3.392,3.424,3.382,3.407,70354.369245
1725840000000,3.407,3.439,3.4,3.428,89209.046637
1725843600000,3.429,3.441,3.41,3.435,63257.020413
1725847200000,3.436,3.438,3.404,3.418,36135.783154
1725850800000,3.417,3.418,3.377,3.408,93986.002316
1725854400000,3.409,3.412,3.386,3.388,44525.085036
1725858000000,3.389,3.392,3.37,3.376,48581.149224
1725861600000,3.376,3.409,3.376,3.408,37205.136861
1725865200000,3.408,3.43,3.399,3.428,65859.740909
1725868800000,3.428,3.459,3.417,3.446,271804.529414
1725872400000,3.449,3.461,3.426,3.427,79948.75152
1725876000000,3.426,3.455,3.419,3.444,165513.295345
1725879600000,3.444,3.446,3.434,3.438,15562.405116
1725883200000,3.437,3.439,3.418,3.43,69779.977764
1725886800000,3.43,3.476,3.422,3.472,126222.842087
1725890400000,3.471,3.518,3.427,3.446,340845.896462
1725894000000,3.446,3.483,3.444,3.477,77377.110049
1725897600000,3.475,3.645,3.475,3.632,349838.007059
1725901200000,3.634,3.676,3.57,3.572,490971.087666
1725904800000,3.573,3.585,3.559,3.576,112724.47505
1725908400000,3.578,3.617,3.576,3.617,50279.57516
1725912000000,3.617,3.62,3.601,3.612,42093.449
1725915600000,3.613,3.651,3.601,3.623,99385.726322
1725919200000,3.623,3.633,3.598,3.599,78457.846797
1725922800000,3.6,3.608,3.595,3.601,164320.999991
1725926400000,3.6,3.603,3.564,3.575,110741.518309
1725930000000,3.577,3.579,3.553,3.565,66249.094458
1725933600000,3.566,3.566,3.545,3.553,49063.062855
1725937200000,3.553,3.557,3.541,3.547,33312.758783
1725940800000,3.547,3.567,3.547,3.566,49028.530416
1725944400000,3.567,3.6,3.563,3.597,49922.161036
1725948000000,3.598,3.598,3.574,3.588,35278.909872
1725951600000,3.589,3.609,3.577,3.601,52744.380633
1725955200000,3.6,3.613,3.577,3.581,136834.51942
1725958800000,3.581,3.599,3.566,3.588,35523.944272
1725962400000,3.589,3.599,3.575,3.598,30359.045791
1725966000000,3.599,3.623,3.595,3.621,90954.571006
1725969600000,3.621,3.628,3.597,3.597,68621.781523
1725973200000,3.597,3.61,3.577,3.597,88384.328312
1725976800000,3.598,3.625,3.579,3.602,61520.488317
1725980400000,3.602,3.617,3.579,3.579,73973.33243
1725984000000,3.58,3.624,3.576,3.616,107083.676365
1725987600000,3.618,3.659,3.613,3.656,74871.434932
1725991200000,3.656,3.679,3.64,3.646,90079.793778
1725994800000,3.644,3.678,3.633,3.675,27205.38912
1725998400000,3.673,3.694,3.659,3.668,92022.250907
1726002000000,3.669,3.672,3.65,3.651,60386.111593
1726005600000,3.653,3.666,3.641,3.666,36330.402695
1726009200000,3.665,3.673,3.658,3.658,28059.415253
1726012800000,3.659,3.664,3.64,3.646,34673.466762
1726016400000,3.645,3.652,3.586,3.601,156330.988276
1726020000000,3.603,3.62,3.594,3.609,60258.426639
1726023600000,3.607,3.611,3.589,3.591,92067.099773
1726027200000,3.591,3.592,3.515,3.549,202293.591154
1726030800000,3.547,3.549,3.521,3.545,45472.301091
1726034400000,3.545,3.581,3.54,3.569,71619.946434
1726038000000,3.57,3.583,3.566,3.58,22589.330717
1726041600000,3.58,3.58,3.538,3.542,151872.25279
1726045200000,3.541,3.568,3.541,3.563,29460.066007
1726048800000,3.564,3.573,3.546,3.559,53213.591276
1726052400000,3.558,3.575,3.552,3.556,41604.695245
1726056000000,3.557,3.587,3.548,3.58,104094.963907
1726059600000,3.578,3.644,3.523,3.524,268361.36681
1726063200000,3.523,3.544,3.485,3.52,288862.82137
1726066800000,3.521,3.585,3.511,3.561,200183.662169
1726070400000,3.56,3.606,3.555,3.591,70232.512085
1726074000000,3.59,3.607,3.579,3.581,51333.720037
1726077600000,3.582,3.605,3.574,3.588,37029.873328
1726081200000,3.585,3.606,3.572,3.599,15391.15789
1726084800000,3.599,3.614,3.598,3.609,17038.434717
1726088400000,3.609,3.616,3.601,3.607,11831.695664
1726092000000,3.607,3.607,3.585,3.596,45192.248707
1726095600000,3.597,3.611,3.594,3.601,28230.088253
1726099200000,3.602,3.628,3.592,3.616,60623.071076
1726102800000,3.617,3.664,3.617,3.652,145708.105196
1726106400000,3.652,3.681,3.625,3.635,85474.345565
1726110000000,3.635,3.657,3.635,3.64,40412.397605
1726113600000,3.64,3.659,3.63,3.633,49576.081758
1726117200000,3.63,3.64,3.62,3.629,26714.107705
1726120800000,3.628,3.634,3.609,3.622,90760.496963
1726124400000,3.623,3.627,3.613,3.618,24995.680075
1726128000000,3.618,3.645,3.614,3.624,51546.258916
1726131600000,3.625,3.629,3.613,3.618,29234.865113
1726135200000,3.618,3.623,3.599,3.6,35290.818404
1726138800000,3.599,3.608,3.597,3.599,37249.425587
1726142400000,3.599,3.607,3.576,3.604,84015.361559
1726146000000,3.603,3.637,3.601,3.618,75525.671871
1726149600000,3.617,3.66,3.602,3.603,233508.921443
1726153200000,3.602,3.635,3.591,3.6,50436.756848
1726156800000,3.6,3.641,3.597,3.638,50396.632018
1726160400000,3.638,3.661,3.633,3.655,102610.569479
1726164000000,3.657,3.658,3.624,3.637,43587.846646
1726167600000,3.637,3.658,3.635,3.658,19180.750973
1726171200000,3.659,3.66,3.638,3.651,17245.002092
1726174800000,3.652,3.656,3.632,3.654,34305.56319
1726178400000,3.653,3.668,3.648,3.665,36275.962375
1726182000000,3.664,3.666,3.652,3.655,33004.437999
1726185600000,3.656,3.661,3.642,3.647,33972.242967
1726189200000,3.647,3.666,3.632,3.664,27091.502532
1726192800000,3.665,3.684,3.653,3.664,51368.237153
1726196400000,3.664,3.673,3.654,3.654,23243.079286
1726200000000,3.654,3.668,3.643,3.643,48547.955416
1726203600000,3.643,3.656,3.64,3.649,27068.002005
1726207200000,3.648,3.66,3.626,3.626,78181.140692
1726210800000,3.626,3.642,3.622,3.64,22547.569053
1726214400000,3.64,3.641,3.628,3.631,20058.836417
1726218000000,3.632,3.658,3.63,3.646,28270.046385
1726221600000,3.644,3.688,3.642,3.685,71088.676132
1726225200000,3.686,3.693,3.64,3.645,116158.393289
1726228800000,3.646,3.664,3.625,3.659,63003.869095
1726232400000,3.659,3.674,3.63,3.668,94051.392302
1726236000000,3.668,3.7,3.643,3.698,133155.252895
1726239600000,3.699,3.76,3.694,3.743,247163.262373
1726243200000,3.742,3.762,3.725,3.743,135156.638267
1726246800000,3.743,3.769,3.737,3.741,129646.026824
1726250400000,3.742,3.76,3.736,3.75,70862.329581
1726254000000,3.75,3.754,3.721,3.724,44765.613453
1726257600000,3.725,3.735,3.723,3.727,24758.619961
1726261200000,3.728,3.76,3.728,3.74,47446.76105
1726264800000,3.74,3.756,3.738,3.738,42009.871008
1726268400000,3.739,3.74,3.717,3.725,44915.897499
1726272000000,3.726,3.731,3.709,3.716,56316.538325
1726275600000,3.717,3.745,3.717,3.725,34571.524021
1726279200000,3.725,3.738,3.719,3.719,33258.606703
1726282800000,3.718,3.731,3.715,3.721,60775.349087
1726286400000,3.721,3.721,3.703,3.705,34291.254759
1726290000000,3.703,3.708,3.682,3.682,60682.400375
1726293600000,3.681,3.694,3.674,3.685,52952.046438
1726297200000,3.685,3.695,3.682,3.689,41631.818743
1726300800000,3.688,3.695,3.674,3.678,45032.955747
1726304400000,3.677,3.688,3.668,3.681,24047.389806
1726308000000,3.681,3.681,3.647,3.653,46440.036249
1726311600000,3.653,3.659,3.637,3.658,57376.633216
1726315200000,3.658,3.669,3.647,3.665,63607.219288
1726318800000,3.665,3.677,3.663,3.676,53413.9845
1726322400000,3.676,3.697,3.667,3.692,56703.91311
1726326000000,3.691,3.698,3.664,3.669,57535.965225
1726329600000,3.67,3.685,3.667,3.676,38925.800269
1726333200000,3.675,3.685,3.667,3.685,13356.730939
1726336800000,3.682,3.683,3.646,3.672,50833.861127
1726340400000,3.672,3.672,3.646,3.646,19252.276012
1726344000000,3.646,3.667,3.64,3.667,42153.630253
1726347600000,3.665,3.677,3.658,3.661,64859.402799
1726351200000,3.66,3.67,3.65,3.663,12431.354706
1726354800000,3.663,3.664,3.644,3.661,124450.21647
1726358400000,3.661,3.67,3.655,3.663,28984.183011
1726362000000,3.663,3.677,3.663,3.673,18753.191161
1726365600000,3.673,3.685,3.669,3.685,28214.593655
1726369200000,3.685,3.686,3.66,3.66,42671.117648
1726372800000,3.66,3.664,3.647,3.648,43868.857692
1726376400000,3.647,3.662,3.643,3.658,19391.879054
1726380000000,3.658,3.67,3.655,3.667,29585.858555
1726383600000,3.668,3.668,3.651,3.658,21371.233863
1726387200000,3.658,3.663,3.643,3.648,34617.229581
1726390800000,3.647,3.651,3.605,3.608,87039.179774
1726394400000,3.607,3.61,3.586,3.601,180551.771023
1726398000000,3.6,3.6,3.555,3.579,115790.563898
1726401600000,3.579,3.595,3.564,3.588,62831.757656
1726405200000,3.588,3.605,3.568,3.573,87196.376215
1726408800000,3.572,3.58,3.537,3.568,110224.277823
1726412400000,3.567,3.579,3.555,3.568,37514.274729
1726416000000,3.568,3.576,3.528,3.53,45488.973795
1726419600000,3.529,3.539,3.51,3.522,99055.904303
1726423200000,3.521,3.549,3.519,3.535,35618.4868
1726426800000,3.534,3.547,3.526,3.528,15516.419822
1726430400000,3.527,3.537,3.516,3.519,40159.645612
1726434000000,3.517,3.517,3.463,3.477,144455.928046
1726437600000,3.477,3.482,3.451,3.477,72939.342824
1726441200000,3.476,3.477,3.413,3.448,185925.163932
1726444800000,3.447,3.468,3.432,3.459,70784.203805
1726448400000,3.458,3.465,3.431,3.447,93543.038269
1726452000000,3.447,3.45,3.405,3.417,51690.2999
1726455600000,3.416,3.457,3.408,3.457,53304.851092
1726459200000,3.457,3.475,3.435,3.438,125148.785012
1726462800000,3.437,3.463,3.437,3.461,34060.9567
1726466400000,3.46,3.462,3.441,3.443,18660.018288
1726470000000,3.442,3.473,3.439,3.466,20886.063202
1726473600000,3.466,3.479,3.447,3.452,32506.679149
1726477200000,3.451,3.46,3.412,3.423,68828.591101
1726480800000,3.423,3.444,3.416,3.437,42551.797173
1726484400000,3.436,3.444,3.432,3.435,27633.138515
1726488000000,3.434,3.443,3.413,3.417,33387.244115
1726491600000,3.417,3.436,3.388,3.419,172371.827231
1726495200000,3.419,3.423,3.362,3.378,170468.58987
1726498800000,3.377,3.414,3.371,3.399,79173.760332
1726502400000,3.397,3.422,3.39,3.406,87557.471915
1726506000000,3.406,3.429,3.384,3.424,58376.596688
1726509600000,3.423,3.425,3.385,3.392,51565.482805
1726513200000,3.391,3.431,3.388,3.418,71448.899072
1726516800000,3.417,3.426,3.39,3.39,27357.034642
1726520400000,3.39,3.414,3.387,3.414,15322.69118
1726524000000,3.413,3.414,3.387,3.4,30162.017685
1726527600000,3.4,3.423,3.4,3.415,31449.562374
1726531200000,3.414,3.42,3.388,3.391,39193.428696
1726534800000,3.39,3.419,3.389,3.413,50917.684236
1726538400000,3.413,3.439,3.41,3.426,72645.815772
1726542000000,3.425,3.444,3.42,3.443,19067.414618
1726545600000,3.442,3.448,3.432,3.448,18413.742436
1726549200000,3.448,3.479,3.446,3.473,48887.607703
1726552800000,3.473,3.474,3.454,3.458,44344.393334
1726556400000,3.457,3.473,3.45,3.47,38330.387567
1726560000000,3.468,3.48,3.452,3.453,29613.028123
1726563600000,3.454,3.467,3.44,3.458,64490.993248
1726567200000,3.458,3.469,3.451,3.464,40818.081397
1726570800000,3.462,3.466,3.433,3.443,59894.610578
1726574400000,3.443,3.461,3.437,3.458,45863.35419
1726578000000,3.458,3.458,3.414,3.421,53054.750394
1726581600000,3.419,3.497,3.417,3.477,192935.903369
1726585200000,3.477,3.533,3.476,3.518,234138.178824
1726588800000,3.519,3.524,3.467,3.475,116218.743342
1726592400000,3.476,3.497,3.466,3.487,20124.354725
1726596000000,3.485,3.489,3.46,3.474,36695.35542
1726599600000,3.475,3.479,3.425,3.453,67447.273435
1726603200000,3.452,3.473,3.447,3.457,35569.333111
1726606800000,3.457,3.47,3.455,3.47,33740.265323
1726610400000,3.469,3.473,3.459,3.461,43119.390369
1726614000000,3.46,3.466,3.447,3.465,32638.032772
1726617600000,3.465,3.466,3.425,3.453,67384.584299
1726621200000,3.452,3.457,3.436,3.448,43563.369865
1726624800000,3.448,3.482,3.444,3.482,33671.657252
1726628400000,3.483,3.505,3.483,3.497,65585.71345
1726632000000,3.496,3.5,3.471,3.48,33046.098931
1726635600000,3.479,3.489,3.468,3.486,34129.378259
1726639200000,3.486,3.497,3.481,3.493,27833.947592
1726642800000,3.492,3.5,3.485,3.486,94246.872432
1726646400000,3.486,3.486,3.449,3.453,109330.158031
1726650000000,3.452,3.454,3.401,3.402,176315.3761
1726653600000,3.401,3.42,3.377,3.419,197051.855736
1726657200000,3.419,3.425,3.407,3.415,60436.329393
1726660800000,3.414,3.433,3.407,3.43,77521.9649
1726664400000,3.43,3.442,3.39,3.403,81953.32328
1726668000000,3.403,3.422,3.397,3.405,36483.678277
1726671600000,3.405,3.42,3.37,3.379,158234.173911
1726675200000,3.378,3.41,3.366,3.409,147363.105416
1726678800000,3.408,3.424,3.377,3.412,41686.226802
1726682400000,3.411,3.529,3.407,3.502,272319.453892
1726686000000,3.499,3.527,3.475,3.49,131902.012457
1726689600000,3.49,3.509,3.448,3.508,65371.266415
1726693200000,3.509,3.527,3.498,3.499,63371.790778
1726696800000,3.499,3.55,3.499,3.521,137977.673907
1726700400000,3.521,3.618,3.521,3.615,211390.941132
1726704000000,3.615,3.7,3.615,3.693,377109.088029
1726707600000,3.693,3.723,3.669,3.7,296943.104456
1726711200000,3.7,3.703,3.667,3.683,119757.634438
1726714800000,3.684,3.688,3.66,3.661,77537.085341
1726718400000,3.661,3.67,3.64,3.668,153830.855304
1726722000000,3.668,3.677,3.644,3.654,101795.01621
1726725600000,3.653,3.662,3.635,3.651,72634.28491
1726729200000,3.651,3.678,3.638,3.674,148638.616189
1726732800000,3.673,3.691,3.637,3.645,85207.733535
1726736400000,3.645,3.674,3.645,3.658,58508.996003
1726740000000,3.658,3.678,3.648,3.65,91010.254861
1726743600000,3.65,3.682,3.647,3.682,37811.967094
1726747200000,3.682,3.708,3.668,3.671,114515.562133
1726750800000,3.673,3.693,3.66,3.693,73531.344473
1726754400000,3.693,3.708,3.676,3.678,82835.02415
1726758000000,3.678,3.709,3.675,3.694,70277.151123
1726761600000,3.694,3.752,3.692,3.738,253292.787906
1726765200000,3.74,3.753,3.723,3.74,104289.817815
1726768800000,3.741,3.751,3.716,3.721,88659.900641
1726772400000,3.72,3.729,3.701,3.705,113415.929278
1726776000000,3.707,3.732,3.704,3.719,96211.978594
1726779600000,3.72,3.722,3.691,3.691,76434.189123
1726783200000,3.691,3.706,3.676,3.697,219944.955945
1726786800000,3.698,3.709,3.684,3.685,61271.727241
1726790400000,3.686,3.709,3.667,3.676,137390.193739
1726794000000,3.675,3.692,3.652,3.686,127272.820377
1726797600000,3.687,3.696,3.672,3.696,45917.395582
1726801200000,3.695,3.763,3.693,3.762,203129.387275
1726804800000,3.763,3.831,3.758,3.817,375447.81721
1726808400000,3.817,3.82,3.781,3.796,133851.22194
1726812000000,3.796,3.824,3.775,3.824,108595.815256
1726815600000,3.824,3.84,3.785,3.833,140703.513299
1726819200000,3.834,3.837,3.782,3.808,97804.192686
1726822800000,3.808,3.825,3.802,3.808,105450.904392
1726826400000,3.808,3.832,3.798,3.827,74952.825321
1726830000000,3.827,3.827,3.758,3.774,90083.270753
1726833600000,3.774,3.794,3.772,3.778,59667.291257
1726837200000,3.778,3.783,3.72,3.73,267708.239045
1726840800000,3.732,3.756,3.72,3.74,110632.921051
1726844400000,3.742,3.773,3.725,3.767,172445.755646
1726848000000,3.768,3.778,3.72,3.73,97905.185886
1726851600000,3.733,3.737,3.708,3.719,84771.271262
1726855200000,3.719,3.746,3.694,3.743,77241.669785
1726858800000,3.742,3.747,3.732,3.732,16356.065827
1726862400000,3.733,3.745,3.73,3.742,10085.18229
1726866000000,3.742,3.785,3.741,3.781,50353.048184
1726869600000,3.783,3.799,3.779,3.789,41457.88942
1726873200000,3.788,3.788,3.765,3.778,46475.421894
1726876800000,3.778,3.792,3.761,3.771,37789.063692
1726880400000,3.771,3.786,3.742,3.744,47445.588839
1726884000000,3.742,3.755,3.732,3.75,60326.746002
1726887600000,3.75,3.762,3.728,3.728,47885.445153
1726891200000,3.728,3.733,3.698,3.711,85430.01842
1726894800000,3.712,3.733,3.708,3.731,36117.365741
1726898400000,3.731,3.756,3.728,3.746,27546.931013
1726902000000,3.746,3.768,3.745,3.763,31595.490176
1726905600000,3.762,3.772,3.754,3.767,47477.612836
1726909200000,3.769,3.822,3.768,3.789,161973.266805
1726912800000,3.789,3.79,3.768,3.78,57147.57766
1726916400000,3.781,3.784,3.765,3.774,12875.003126
1726920000000,3.774,3.802,3.763,3.799,54599.010828
1726923600000,3.798,3.822,3.793,3.814,82522.070397
1726927200000,3.814,3.869,3.811,3.855,155572.338728
1726930800000,3.856,3.859,3.811,3.827,97013.154623
1726934400000,3.829,3.846,3.811,3.824,75154.05889
1726938000000,3.825,3.84,3.815,3.82,31356.276357
1726941600000,3.822,3.825,3.81,3.813,26655.318923
1726945200000,3.812,3.829,3.806,3.815,20446.605919
1726948800000,3.814,3.832,3.808,3.828,12913.521247
1726952400000,3.83,3.831,3.814,3.824,12824.140143
1726956000000,3.826,3.843,3.826,3.843,57628.938526
1726959600000,3.843,3.884,3.841,3.865,103230.187716
1726963200000,3.865,3.876,3.827,3.845,130566.748492
1726966800000,3.843,3.85,3.813,3.815,109084.284507
1726970400000,3.814,3.821,3.778,3.793,134909.0004
1726974000000,3.792,3.814,3.79,3.806,60087.226836
1726977600000,3.805,3.813,3.797,3.807,40557.375507
1726981200000,3.808,3.811,3.77,3.772,65312.776425
1726984800000,3.771,3.777,3.744,3.753,82094.244656
1726988400000,3.754,3.76,3.744,3.759,68096.404354
1726992000000,3.759,3.771,3.753,3.769,22061.538321
1726995600000,3.768,3.768,3.724,3.73,112143.003145
1726999200000,3.73,3.737,3.7,3.714,70264.572227
1727002800000,3.714,3.725,3.699,3.717,95818.586579
1727006400000,3.715,3.728,3.707,3.721,54642.422086
1727010000000,3.721,3.729,3.663,3.669,135368.826254
1727013600000,3.67,3.693,3.652,3.674,88471.542606
1727017200000,3.673,3.69,3.658,3.681,69366.431363
1727020800000,3.68,3.692,3.65,3.673,139743.302146
1727024400000,3.674,3.714,3.674,3.705,118300.742379
1727028000000,3.704,3.705,3.672,3.692,120180.849037
1727031600000,3.69,3.71,3.669,3.7,34146.454253
1727035200000,3.7,3.715,3.689,3.694,37206.35258
1727038800000,3.693,3.705,3.626,3.637,112975.260292
1727042400000,3.634,3.735,3.608,3.729,164608.986082
1727046000000,3.729,3.735,3.699,3.723,112468.808349
1727049600000,3.722,3.756,3.657,3.739,163034.239047
1727053200000,3.738,3.78,3.733,3.773,114954.183745
1727056800000,3.771,3.778,3.743,3.768,82308.151162
1727060400000,3.768,3.81,3.762,3.79,213419.018454
1727064000000,3.79,3.799,3.747,3.759,118746.573109
1727067600000,3.759,3.782,3.743,3.771,34957.264934
1727071200000,3.772,3.788,3.758,3.779,66175.091279
1727074800000,3.775,3.786,3.722,3.733,140459.6399
1727078400000,3.733,3.737,3.697,3.721,188943.454327
1727082000000,3.72,3.758,3.72,3.754,88227.292289
1727085600000,3.753,3.755,3.719,3.726,96106.810769
1727089200000,3.729,3.737,3.709,3.723,39837.678259
1727092800000,3.724,3.74,3.699,3.716,84395.0028
1727096400000,3.716,3.748,3.708,3.736,147749.94609
1727100000000,3.736,3.793,3.732,3.769,137580.234609
1727103600000,3.769,3.779,3.735,3.767,61560.325381
1727107200000,3.768,3.792,3.734,3.738,71586.607391
1727110800000,3.735,3.746,3.725,3.744,36694.370995
1727114400000,3.743,3.769,3.74,3.761,23832.900606
1727118000000,3.76,3.765,3.745,3.747,45262.566316
1727121600000,3.746,3.755,3.735,3.748,14026.575195
1727125200000,3.747,3.76,3.72,3.76,47426.923502
1727128800000,3.757,3.769,3.742,3.754,31010.899142
1727132400000,3.752,3.772,3.741,3.76,30496.527365
1727136000000,3.76,3.776,3.715,3.715,132358.159605
1727139600000,3.716,3.742,3.696,3.727,96789.297166
1727143200000,3.725,3.744,3.703,3.741,51118.692123
1727146800000,3.742,3.767,3.731,3.765,58666.578826
1727150400000,3.763,3.765,3.715,3.723,57107.109577
1727154000000,3.721,3.743,3.719,3.733,75946.992176
1727157600000,3.732,3.748,3.723,3.743,89931.982581
1727161200000,3.743,3.782,3.741,3.781,128021.65343
1727164800000,3.779,3.806,3.766,3.799,206972.096146
1727168400000,3.8,3.812,3.757,3.764,79687.503762
1727172000000,3.765,3.796,3.76,3.777,48349.213231
1727175600000,3.775,3.798,3.76,3.794,49799.720591
1727179200000,3.793,3.809,3.78,3.787,80201.908524
1727182800000,3.787,3.824,3.787,3.792,103336.643124
1727186400000,3.79,3.796,3.7,3.744,284065.592461
1727190000000,3.743,3.753,3.732,3.741,175126.597775
1727193600000,3.741,3.763,3.74,3.752,56190.841044
1727197200000,3.75,3.809,3.748,3.795,137276.241477
1727200800000,3.798,3.816,3.782,3.782,99580.324235
1727204400000,3.783,3.841,3.78,3.836,50011.687898
1727208000000,3.835,3.852,3.814,3.828,91451.682573
1727211600000,3.831,3.855,3.821,3.838,50817.97133
1727215200000,3.839,3.881,3.839,3.872,145544.703912
1727218800000,3.872,3.876,3.849,3.855,60390.400857
1727222400000,3.856,3.903,3.852,3.87,235982.982161
1727226000000,3.869,3.953,3.866,3.93,314102.090951
1727229600000,3.931,3.961,3.928,3.96,110596.950796
1727233200000,3.958,3.959,3.93,3.954,94608.205693
1727236800000,3.956,3.977,3.923,3.926,211290.259864
1727240400000,3.926,3.954,3.926,3.929,96579.636241
1727244000000,3.928,3.931,3.901,3.907,188726.394479
1727247600000,3.907,3.933,3.888,3.918,136655.273958
1727251200000,3.918,3.95,3.899,3.908,179880.982779
1727254800000,3.908,3.922,3.9,3.903,76823.466566
1727258400000,3.905,3.944,3.898,3.931,57901.443333
1727262000000,3.93,3.94,3.908,3.938,27140.365758
1727265600000,3.938,3.94,3.908,3.909,53128.201444
1727269200000,3.908,3.931,3.891,3.912,191581.992062
1727272800000,3.912,3.994,3.912,3.979,277253.359987
1727276400000,3.977,3.999,3.925,3.925,424154.927634
1727280000000,3.926,3.98,3.925,3.962,264511.679674
1727283600000,3.962,3.971,3.915,3.926,265033.58421
1727287200000,3.924,3.979,3.921,3.975,189443.752274
1727290800000,3.973,4.005,3.955,3.955,95936.725672
1727294400000,3.957,4.001,3.956,3.98,68892.178511
1727298000000,3.981,4.047,3.977,4.002,134703.622799
1727301600000,4.001,4.002,3.942,3.957,108220.90962
1727305200000,3.957,3.96,3.912,3.942,143469.043673
1727308800000,3.942,3.967,3.901,3.911,171698.771633
1727312400000,3.912,3.946,3.881,3.943,163471.501198
1727316000000,3.943,3.975,3.938,3.954,103647.89354
1727319600000,3.952,3.99,3.951,3.971,101084.988233
1727323200000,3.972,4.008,3.964,3.985,167154.623543
1727326800000,3.984,4.118,3.982,4.082,321895.954067
1727330400000,4.08,4.11,4.067,4.095,228842.759027
1727334000000,4.096,4.106,4.078,4.088,81737.191348
1727337600000,4.088,4.105,4.073,4.082,98942.780008
1727341200000,4.082,4.104,4.074,4.094,137293.627853
1727344800000,4.093,4.133,4.082,4.11,220095.124412
1727348400000,4.11,4.132,4.096,4.126,89294.006
1727352000000,4.126,4.145,4.083,4.095,117786.616829
1727355600000,4.095,4.122,4.078,4.081,114554.774844
1727359200000,4.082,4.121,4.055,4.056,156022.194476
1727362800000,4.057,4.134,4.049,4.116,152162.249875
1727366400000,4.115,4.146,4.105,4.122,127823.962752
1727370000000,4.122,4.145,4.072,4.077,101618.031533
1727373600000,4.077,4.112,4.077,4.111,20157.279115
1727377200000,4.111,4.118,4.096,4.096,17937.877134
1727380800000,4.095,4.105,4.049,4.057,63205.232123
1727384400000,4.054,4.095,4.053,4.081,112135.306521
1727388000000,4.081,4.1,4.074,4.098,56682.229262
1727391600000,4.098,4.103,4.056,4.102,71101.827772
1727395200000,4.102,4.131,4.094,4.119,85043.353517
1727398800000,4.119,4.163,4.104,4.139,107509.479712
1727402400000,4.143,4.156,4.11,4.115,89565.017221
1727406000000,4.114,4.188,4.111,4.184,87265.301195
1727409600000,4.182,4.192,4.165,4.175,82641.379204
1727413200000,4.175,4.222,4.173,4.215,194938.030838
1727416800000,4.217,4.238,4.204,4.204,109459.002094
1727420400000,4.204,4.214,4.181,4.188,84371.282506
1727424000000,4.188,4.214,4.181,4.188,89493.681228
1727427600000,4.189,4.204,4.155,4.163,188431.778871
1727431200000,4.163,4.164,4.119,4.12,130317.510666
1727434800000,4.12,4.134,4.109,4.13,152478.601981
1727438400000,4.129,4.178,4.117,4.178,153884.307768
1727442000000,4.177,4.183,4.135,4.17,85914.206656
1727445600000,4.171,4.292,4.163,4.241,419273.312537
1727449200000,4.24,4.265,4.192,4.192,288644.73606
1727452800000,4.193,4.227,4.164,4.226,243445.456326
1727456400000,4.226,4.23,4.155,4.186,140619.663607
1727460000000,4.183,4.194,4.166,4.194,37087.402384
1727463600000,4.194,4.21,4.177,4.198,141389.277039
1727467200000,4.2,4.204,4.175,4.183,46543.828391
1727470800000,4.183,4.194,4.173,4.178,50426.425737
1727474400000,4.179,4.218,4.166,4.208,42884.421353
1727478000000,4.209,4.218,4.191,4.196,92202.317285
1727481600000,4.196,4.213,4.187,4.203,47175.747661
1727485200000,4.201,4.204,4.182,4.194,54072.098167
1727488800000,4.197,4.224,4.188,4.211,95147.78329
1727492400000,4.211,4.222,4.173,4.181,91648.608582
1727496000000,4.181,4.189,4.161,4.161,78605.234947
1727499600000,4.161,4.165,4.125,4.127,152772.298064
1727503200000,4.128,4.137,4.087,4.101,318929.62177
1727506800000,4.101,4.118,4.094,4.099,107065.339438
1727510400000,4.099,4.106,4.058,4.06,224177.358783
1727514000000,4.06,4.079,4.018,4.077,250740.165235
1727517600000,4.077,4.102,4.063,4.101,56985.774093
1727521200000,4.101,4.102,4.081,4.1,55005.607669
1727524800000,4.1,4.102,4.069,4.076,155601.981338
1727528400000,4.078,4.08,4.053,4.075,110173.73092
1727532000000,4.077,4.122,4.077,4.117,243566.737434
1727535600000,4.117,4.128,4.106,4.118,73098.849358
1727539200000,4.119,4.18,4.109,4.122,253074.519166
1727542800000,4.121,4.162,4.12,4.156,32934.085721
1727546400000,4.155,4.164,4.139,4.141,39680.949173
1727550000000,4.14,4.156,4.14,4.152,8958.432206
1727553600000,4.153,4.163,4.125,4.125,15693.921039
1727557200000,4.126,4.128,4.076,4.128,103403.604092
1727560800000,4.129,4.146,4.113,4.134,59538.053946
1727564400000,4.134,4.138,4.117,4.128,56533.907277
1727568000000,4.127,4.159,4.094,4.101,146273.881376
1727571600000,4.1,4.12,4.092,4.12,69447.84336
1727575200000,4.12,4.143,4.116,4.118,66863.982835
1727578800000,4.118,4.127,4.099,4.122,125985.325349
1727582400000,4.124,4.124,4.086,4.099,61454.466258
1727586000000,4.098,4.11,4.075,4.084,103218.715809
1727589600000,4.084,4.095,4.062,4.074,92984.637293
1727593200000,4.073,4.088,4.04,4.049,135582.489563
1727596800000,4.049,4.067,4.031,4.042,102776.760649
1727600400000,4.042,4.077,4.042,4.06,103321.546444
1727604000000,4.061,4.063,4.028,4.049,72846.160504
1727607600000,4.048,4.063,4.046,4.059,58798.311171
1727611200000,4.059,4.072,4.029,4.033,66281.588586
1727614800000,4.035,4.088,4.008,4.08,179972.144712
1727618400000,4.08,4.092,4.058,4.064,207378.824384
1727622000000,4.065,4.086,4.045,4.084,277670.029331
1727625600000,4.085,4.094,4.053,4.085,114384.684871
1727629200000,4.085,4.111,4.08,4.093,113526.163448
1727632800000,4.093,4.118,4.085,4.096,73282.086049
1727636400000,4.095,4.138,4.094,4.133,108227.073645
1727640000000,4.134,4.153,4.101,4.104,80291.406859
1727643600000,4.105,4.135,4.102,4.114,33501.073306
1727647200000,4.113,4.129,4.076,4.087,59037.269372
1727650800000,4.086,4.089,4.06,4.084,77191.618143
1727654400000,4.083,4.094,4.025,4.08,362015.783035
1727658000000,4.079,4.098,4.006,4.01,412765.911198
1727661600000,4.009,4.02,3.957,3.96,339308.821769
1727665200000,3.96,4,3.935,3.999,177692.304298
1727668800000,3.998,3.998,3.955,3.971,89787.990307
1727672400000,3.969,4.008,3.963,4.004,184720.068515
1727676000000,4.005,4.036,3.99,3.991,167502.165211
1727679600000,3.989,4.037,3.989,4.032,73859.551182
1727683200000,4.031,4.034,3.995,4.028,99151.40746
1727686800000,4.026,4.026,3.935,3.935,264884.65268
1727690400000,3.935,3.954,3.905,3.943,214027.866804
1727694000000,3.943,3.966,3.926,3.949,96496.651743
1727697600000,3.949,3.955,3.93,3.952,71791.86234
1727701200000,3.951,3.966,3.941,3.942,108635.368687
1727704800000,3.941,3.946,3.91,3.92,130408.963851
1727708400000,3.918,3.933,3.863,3.866,273291.852384
1727712000000,3.867,3.893,3.861,3.891,160504.525441
1727715600000,3.89,3.925,3.88,3.925,68955.779889
1727719200000,3.925,3.929,3.886,3.909,70979.718797
1727722800000,3.907,3.915,3.888,3.894,49410.954315
1727726400000,3.894,3.925,3.889,3.906,62021.689795
1727730000000,3.905,3.911,3.879,3.886,34466.408351
1727733600000,3.886,3.887,3.827,3.828,176530.452919
1727737200000,3.829,3.841,3.78,3.814,419780.99769
1727740800000,3.813,3.866,3.807,3.862,219325.738734
1727744400000,3.861,3.884,3.855,3.866,152314.128689
1727748000000,3.866,3.874,3.827,3.874,113028.859648
1727751600000,3.874,3.915,3.87,3.913,132001.092664
1727755200000,3.913,3.927,3.898,3.911,96993.83476
1727758800000,3.911,3.912,3.89,3.896,26834.191032
1727762400000,3.897,3.926,3.895,3.922,91893.310801
1727766000000,3.922,3.935,3.91,3.919,101774.444594
1727769600000,3.918,3.926,3.897,3.907,67976.560572
1727773200000,3.906,3.925,3.905,3.914,41451.11355
1727776800000,3.914,3.94,3.912,3.939,59521.318761
1727780400000,3.938,3.942,3.918,3.921,68921.087281
1727784000000,3.921,3.93,3.898,3.912,63970.385051
1727787600000,3.912,3.914,3.788,3.838,416983.612902
1727791200000,3.835,3.863,3.725,3.751,479547.380393
1727794800000,3.749,3.761,3.602,3.715,1054269.935195
1727798400000,3.714,3.725,3.625,3.674,330864.571482
1727802000000,3.671,3.672,3.44,3.605,1106449.013173
1727805600000,3.603,3.62,3.561,3.578,188146.412609
1727809200000,3.576,3.598,3.553,3.563,142948.620515
1727812800000,3.562,3.579,3.497,3.566,206183.742672
1727816400000,3.563,3.595,3.532,3.586,80207.37531
1727820000000,3.584,3.586,3.531,3.541,109579.546407
1727823600000,3.542,3.56,3.53,3.558,154918.829944
1727827200000,3.557,3.581,3.532,3.558,148374.489863
1727830800000,3.557,3.608,3.554,3.605,80513.008189
1727834400000,3.604,3.64,3.595,3.633,129566.000123
1727838000000,3.632,3.657,3.624,3.645,93115.018275
1727841600000,3.644,3.646,3.624,3.635,89622.171626
1727845200000,3.634,3.653,3.629,3.65,68742.589796
1727848800000,3.648,3.685,3.633,3.679,117951.486029
1727852400000,3.679,3.686,3.655,3.664,86452.579222
1727856000000,3.662,3.667,3.647,3.655,57120.467469
1727859600000,3.654,3.657,3.58,3.586,221343.688401
1727863200000,3.585,3.631,3.568,3.569,161529.527566
1727866800000,3.569,3.606,3.545,3.585,124345.170719
1727870400000,3.584,3.599,3.55,3.562,112859.812911
1727874000000,3.563,3.619,3.543,3.61,229220.855597
1727877600000,3.609,3.625,3.571,3.573,186092.055696
1727881200000,3.571,3.628,3.57,3.619,114570.938782
1727884800000,3.619,3.654,3.598,3.601,131232.022114
1727888400000,3.6,3.618,3.574,3.593,66888.982254
1727892000000,3.592,3.597,3.482,3.485,284303.330344
1727895600000,3.485,3.528,3.446,3.511,286871.084228
1727899200000,3.512,3.567,3.494,3.549,137033.132414
1727902800000,3.55,3.56,3.518,3.538,51971.932478
1727906400000,3.538,3.56,3.499,3.56,65051.680296
1727910000000,3.558,3.561,3.538,3.538,46398.528572
1727913600000,3.537,3.576,3.515,3.561,191545.316438
1727917200000,3.56,3.602,3.559,3.599,234454.595802
1727920800000,3.597,3.612,3.586,3.601,92191.467124
1727924400000,3.6,3.649,3.596,3.644,160173.21719
1727928000000,3.644,3.655,3.622,3.631,87334.082345
1727931600000,3.63,3.639,3.609,3.628,103164.279052
1727935200000,3.627,3.64,3.612,3.62,110425.89826
1727938800000,3.62,3.624,3.56,3.573,163660.147245
1727942400000,3.573,3.582,3.487,3.506,381496.949485
1727946000000,3.504,3.535,3.452,3.533,233844.430588
1727949600000,3.533,3.54,3.508,3.534,143934.146126
1727953200000,3.535,3.543,3.484,3.486,144897.09009
1727956800000,3.485,3.511,3.456,3.497,155649.004613
1727960400000,3.497,3.535,3.465,3.518,271064.59151
1727964000000,3.517,3.564,3.49,3.495,259056.831105
1727967600000,3.496,3.522,3.423,3.518,391536.829887
1727971200000,3.517,3.528,3.476,3.51,184111.367656
1727974800000,3.507,3.549,3.484,3.536,96278.015421
1727978400000,3.534,3.55,3.521,3.529,46066.003056
1727982000000,3.527,3.575,3.525,3.566,59958.819016
1727985600000,3.566,3.576,3.532,3.537,58734.084534
1727989200000,3.537,3.568,3.519,3.561,57601.458881
1727992800000,3.561,3.582,3.549,3.571,66455.827286
1727996400000,3.571,3.588,3.555,3.574,44645.781802
1728000000000,3.572,3.582,3.548,3.551,86089.984977
1728003600000,3.549,3.613,3.546,3.605,160223.976124
1728007200000,3.605,3.613,3.588,3.589,100657.301412
1728010800000,3.589,3.592,3.566,3.588,91100.448963
1728014400000,3.588,3.616,3.581,3.589,58918.299361
1728018000000,3.589,3.615,3.587,3.613,33283.356826
1728021600000,3.612,3.623,3.588,3.59,54113.326063
1728025200000,3.589,3.608,3.579,3.601,48776.793532
1728028800000,3.6,3.635,3.598,3.605,84297.694629
1728032400000,3.606,3.627,3.599,3.606,69312.573944
1728036000000,3.606,3.618,3.59,3.591,53213.253986
1728039600000,3.592,3.616,3.588,3.613,66538.895915
1728043200000,3.613,3.639,3.587,3.636,172377.889946
1728046800000,3.635,3.644,3.595,3.606,136332.105899
1728050400000,3.606,3.611,3.568,3.603,150827.708541
1728054000000,3.602,3.642,3.601,3.641,178097.564162
1728057600000,3.64,3.656,3.623,3.64,121702.172718
1728061200000,3.64,3.649,3.618,3.631,57840.064569
1728064800000,3.631,3.655,3.622,3.651,35503.853139
1728068400000,3.652,3.655,3.637,3.645,42505.02601
1728072000000,3.644,3.651,3.632,3.65,30946.173935
1728075600000,3.649,3.65,3.634,3.638,11099.60763
1728079200000,3.638,3.64,3.625,3.633,28697.854241
1728082800000,3.632,3.65,3.624,3.647,60150.273642
1728086400000,3.647,3.675,3.646,3.675,99812.538474
1728090000000,3.674,3.68,3.645,3.654,57660.666698
1728093600000,3.654,3.657,3.621,3.624,53077.181053
1728097200000,3.623,3.638,3.607,3.623,83666.250433
1728100800000,3.622,3.645,3.612,3.638,68912.408682
1728104400000,3.638,3.664,3.637,3.659,41209.811622
1728108000000,3.658,3.664,3.645,3.662,28131.704322
1728111600000,3.663,3.666,3.641,3.642,48625.665518
1728115200000,3.641,3.661,3.641,3.651,21978.81235
1728118800000,3.652,3.67,3.649,3.669,37668.407549
1728122400000,3.668,3.675,3.65,3.655,44836.676505
1728126000000,3.655,3.667,3.65,3.658,37204.330581
1728129600000,3.658,3.669,3.658,3.669,51821.638395
1728133200000,3.67,3.673,3.641,3.645,36052.513835
1728136800000,3.645,3.657,3.636,3.649,32188.866065
1728140400000,3.648,3.672,3.634,3.661,78206.075503
1728144000000,3.66,3.666,3.607,3.614,165266.998812
1728147600000,3.614,3.628,3.608,3.623,63498.786341
1728151200000,3.624,3.628,3.596,3.605,42583.038499
1728154800000,3.604,3.606,3.588,3.593,42597.774853
1728158400000,3.594,3.594,3.565,3.569,71083.555703
1728162000000,3.567,3.595,3.556,3.575,51705.944393
1728165600000,3.575,3.625,3.575,3.623,26622.352456
1728169200000,3.623,3.623,3.605,3.617,39500.311778
1728172800000,3.617,3.62,3.604,3.61,21885.760706
1728176400000,3.61,3.653,3.606,3.637,67983.233119
1728180000000,3.638,3.638,3.622,3.629,26903.45842
1728183600000,3.63,3.649,3.62,3.622,37855.47381
1728187200000,3.623,3.636,3.608,3.616,31599.724573
1728190800000,3.617,3.638,3.615,3.635,28763.99083
1728194400000,3.635,3.645,3.626,3.633,27631.967672
1728198000000,3.636,3.646,3.632,3.641,45826.110201
1728201600000,3.64,3.647,3.626,3.629,42879.7291
1728205200000,3.63,3.647,3.627,3.636,22629.716451
1728208800000,3.637,3.643,3.631,3.633,28798.244737
1728212400000,3.634,3.656,3.634,3.649,66604.00103
1728216000000,3.65,3.673,3.646,3.67,114590.447005
1728219600000,3.672,3.685,3.665,3.667,110149.732689
1728223200000,3.668,3.713,3.66,3.707,183865.428486
1728226800000,3.707,3.709,3.679,3.691,103608.409873
1728230400000,3.692,3.706,3.665,3.666,95995.110444
1728234000000,3.666,3.683,3.666,3.666,31292.837132
1728237600000,3.666,3.676,3.659,3.67,64641.979501
1728241200000,3.671,3.712,3.658,3.664,131449.690951
1728244800000,3.664,3.68,3.664,3.67,26653.800708
1728248400000,3.668,3.681,3.645,3.646,54794.815034
1728252000000,3.648,3.684,3.648,3.684,23307.602953
1728255600000,3.685,3.703,3.681,3.699,104391.059797
1728259200000,3.699,3.749,3.684,3.747,141319.710563
1728262800000,3.746,3.779,3.732,3.775,148078.411552
1728266400000,3.776,3.809,3.775,3.788,206413.174407
1728270000000,3.789,3.806,3.763,3.792,130993.824053
1728273600000,3.793,3.812,3.776,3.78,77629.919082
1728277200000,3.781,3.803,3.763,3.766,158323.414887
1728280800000,3.767,3.791,3.765,3.781,82685.740517
1728284400000,3.781,3.783,3.761,3.77,74831.540245
1728288000000,3.77,3.793,3.768,3.778,61470.567832
1728291600000,3.778,3.779,3.724,3.752,117706.111384
1728295200000,3.749,3.751,3.698,3.716,238604.102285
1728298800000,3.714,3.744,3.683,3.743,142395.711656
1728302400000,3.742,3.742,3.718,3.722,108911.164131
1728306000000,3.722,3.751,3.714,3.74,103678.924293
1728309600000,3.74,3.807,3.739,3.783,345170.827262
1728313200000,3.782,3.786,3.753,3.769,125934.07494
1728316800000,3.769,3.8,3.762,3.793,83218.911026
1728320400000,3.794,3.807,3.776,3.796,104884.061306
1728324000000,3.797,3.799,3.714,3.718,93814.243065
1728327600000,3.721,3.769,3.716,3.765,104769.479781
1728331200000,3.766,3.772,3.747,3.749,22843.250171
1728334800000,3.749,3.783,3.747,3.783,37268.272294
1728338400000,3.782,3.785,3.723,3.729,74037.211248
1728342000000,3.727,3.752,3.696,3.711,179709.12779
1728345600000,3.712,3.747,3.712,3.747,71052.932762
1728349200000,3.748,3.769,3.728,3.748,181831.333122
1728352800000,3.75,3.776,3.738,3.768,132874.331555
1728356400000,3.77,3.77,3.748,3.762,46692.517423
1728360000000,3.762,3.776,3.736,3.745,61014.781723
1728363600000,3.744,3.748,3.692,3.712,160504.515333
1728367200000,3.71,3.715,3.672,3.711,215183.549586
1728370800000,3.71,3.71,3.649,3.684,115079.546386
1728374400000,3.684,3.702,3.669,3.689,63113.255053
1728378000000,3.69,3.711,3.673,3.702,84682.34527
1728381600000,3.705,3.714,3.689,3.706,47562.730848
1728385200000,3.703,3.73,3.699,3.728,36919.540811
1728388800000,3.727,3.728,3.688,3.69,65003.221479
1728392400000,3.689,3.73,3.638,3.727,374172.774659
1728396000000,3.727,3.743,3.658,3.706,294472.454866
1728399600000,3.705,3.708,3.614,3.645,213916.532884
1728403200000,3.647,3.676,3.623,3.673,76861.61007
1728406800000,3.674,3.676,3.622,3.646,59803.984447
1728410400000,3.647,3.663,3.588,3.608,104978.464085
1728414000000,3.608,3.632,3.589,3.626,60222.707474
1728417600000,3.627,3.649,3.617,3.644,28827.680119
1728421200000,3.643,3.669,3.639,3.665,22898.31853
1728424800000,3.665,3.665,3.629,3.631,38115.36667
1728428400000,3.628,3.635,3.609,3.629,35655.720267
1728432000000,3.628,3.642,3.607,3.629,75967.704393
1728435600000,3.629,3.668,3.623,3.653,110252.938057
1728439200000,3.651,3.651,3.632,3.632,56619.733301
1728442800000,3.632,3.655,3.618,3.642,88446.808579
1728446400000,3.642,3.661,3.632,3.643,88495.714592
1728450000000,3.645,3.676,3.645,3.67,48788.356996
1728453600000,3.67,3.676,3.65,3.658,83437.520762
1728457200000,3.657,3.665,3.632,3.649,82231.813962
1728460800000,3.647,3.655,3.622,3.631,75939.921376
1728464400000,3.629,3.641,3.624,3.638,33395.100019
1728468000000,3.639,3.641,3.604,3.616,114383.867179
1728471600000,3.616,3.627,3.613,3.621,35878.005703
1728475200000,3.621,3.621,3.579,3.596,157985.909071
1728478800000,3.595,3.602,3.544,3.546,209940.161993
1728482400000,3.546,3.58,3.54,3.557,177410.400563
1728486000000,3.557,3.619,3.557,3.604,171483.511648
1728489600000,3.604,3.608,3.556,3.568,110733.439064
1728493200000,3.567,3.573,3.55,3.563,22353.489892
1728496800000,3.562,3.572,3.514,3.524,111181.476802
1728500400000,3.523,3.538,3.511,3.529,42353.128834
1728504000000,3.529,3.529,3.457,3.474,318535.963351
1728507600000,3.472,3.51,3.461,3.507,90408.834069
1728511200000,3.506,3.506,3.483,3.496,38539.09339
1728514800000,3.495,3.509,3.488,3.504,46273.338347
1728518400000,3.504,3.513,3.485,3.501,52379.156812
1728522000000,3.5,3.528,3.5,3.519,77639.900504
1728525600000,3.518,3.528,3.512,3.526,52551.937197
1728529200000,3.525,3.533,3.519,3.521,40757.28122
1728532800000,3.52,3.531,3.519,3.529,31708.945051
1728536400000,3.529,3.534,3.51,3.528,56578.049247
1728540000000,3.528,3.534,3.519,3.533,38210.6136
1728543600000,3.532,3.534,3.511,3.512,38410.015225
1728547200000,3.512,3.519,3.484,3.488,94931.46654
1728550800000,3.487,3.494,3.46,3.485,140008.583463
1728554400000,3.484,3.512,3.483,3.508,59502.75692
1728558000000,3.508,3.538,3.508,3.529,103186.164305
1728561600000,3.528,3.537,3.488,3.512,92600.740543
1728565200000,3.509,3.532,3.47,3.493,143717.35549
1728568800000,3.492,3.503,3.46,3.496,155537.897329
1728572400000,3.495,3.513,3.477,3.5,84132.169959
1728576000000,3.5,3.514,3.471,3.473,70615.279193
1728579600000,3.474,3.494,3.442,3.456,161343.554388
1728583200000,3.454,3.494,3.435,3.492,340734.085563
1728586800000,3.493,3.515,3.478,3.513,62861.135461
1728590400000,3.511,3.525,3.504,3.516,53204.247875
1728594000000,3.514,3.536,3.504,3.536,74883.294134
1728597600000,3.535,3.535,3.507,3.523,77389.279714
1728601200000,3.523,3.541,3.523,3.539,47373.791136
1728604800000,3.539,3.547,3.53,3.542,40424.73015
1728608400000,3.541,3.568,3.523,3.56,76937.971165
1728612000000,3.56,3.565,3.541,3.561,75922.946278
1728615600000,3.561,3.57,3.549,3.551,63452.252306
1728619200000,3.551,3.561,3.529,3.537,106748.687037
1728622800000,3.536,3.544,3.511,3.52,99185.962884
1728626400000,3.519,3.535,3.504,3.51,79470.433154
1728630000000,3.509,3.527,3.506,3.519,33229.120462
1728633600000,3.518,3.529,3.512,3.513,36251.435166
1728637200000,3.512,3.539,3.511,3.538,61374.646418
1728640800000,3.538,3.55,3.521,3.532,96475.995297
1728644400000,3.531,3.538,3.522,3.532,40217.286601
1728648000000,3.53,3.545,3.523,3.544,156527.746772
1728651600000,3.543,3.563,3.527,3.56,119892.584918
1728655200000,3.56,3.569,3.539,3.551,139456.827846
1728658800000,3.551,3.589,3.551,3.586,144445.068517
1728662400000,3.583,3.596,3.566,3.579,96729.590441
1728666000000,3.579,3.592,3.563,3.589,79461.160056
1728669600000,3.588,3.593,3.568,3.572,40835.703413
1728673200000,3.573,3.603,3.57,3.593,58283.601223
1728676800000,3.591,3.601,3.587,3.599,31379.798167
1728680400000,3.599,3.618,3.597,3.603,44822.60971
1728684000000,3.603,3.61,3.586,3.594,41921.032786
1728687600000,3.593,3.601,3.574,3.587,48018.559022
1728691200000,3.587,3.61,3.584,3.601,48770.593843
1728694800000,3.601,3.62,3.591,3.617,78705.057146
1728698400000,3.616,3.616,3.585,3.594,63396.797046
1728702000000,3.593,3.599,3.574,3.581,63132.601129
1728705600000,3.582,3.593,3.58,3.589,37539.821571
1728709200000,3.589,3.609,3.582,3.609,38230.358027
1728712800000,3.609,3.613,3.602,3.602,66275.291272
1728716400000,3.604,3.617,3.593,3.615,39864.331478
1728720000000,3.614,3.649,3.612,3.633,157641.645711
1728723600000,3.634,3.647,3.627,3.637,36357.70957
1728727200000,3.637,3.655,3.632,3.646,48936.780054
1728730800000,3.647,3.652,3.622,3.629,50570.525396
1728734400000,3.628,3.636,3.617,3.633,80776.37016
1728738000000,3.632,3.643,3.624,3.643,70372.410486
1728741600000,3.642,3.653,3.628,3.635,71596.077527
1728745200000,3.636,3.65,3.621,3.631,96511.8089
1728748800000,3.633,3.656,3.61,3.614,195120.752086
1728752400000,3.613,3.629,3.608,3.613,88158.708953
1728756000000,3.615,3.623,3.59,3.596,82468.958964
1728759600000,3.596,3.604,3.586,3.599,85508.072119
1728763200000,3.598,3.608,3.594,3.602,20061.967946
1728766800000,3.602,3.62,3.602,3.615,30640.224207
1728770400000,3.614,3.625,3.6,3.623,34039.243848
1728774000000,3.623,3.63,3.605,3.614,69614.17135
1728777600000,3.614,3.63,3.603,3.608,49846.155213
1728781200000,3.607,3.608,3.57,3.581,119750.651805
1728784800000,3.581,3.597,3.575,3.595,31306.115133
1728788400000,3.595,3.6,3.573,3.577,67602.895607
1728792000000,3.577,3.594,3.577,3.585,46554.570341
1728795600000,3.584,3.605,3.583,3.592,53188.351254
1728799200000,3.591,3.604,3.584,3.586,26397.858649
1728802800000,3.587,3.589,3.566,3.584,42137.720534
1728806400000,3.582,3.589,3.565,3.57,71474.066982
1728810000000,3.569,3.592,3.569,3.589,32552.736016
1728813600000,3.588,3.593,3.571,3.571,53704.767273
1728817200000,3.572,3.58,3.548,3.548,99652.196977
1728820800000,3.547,3.575,3.543,3.559,66864.361009
1728824400000,3.557,3.587,3.556,3.585,166407.210384
1728828000000,3.584,3.586,3.519,3.531,120238.213585
1728831600000,3.529,3.541,3.487,3.507,245303.458045
1728835200000,3.506,3.543,3.501,3.535,63014.142334
1728838800000,3.534,3.542,3.502,3.505,69302.854286
1728842400000,3.504,3.516,3.479,3.504,70902.602209
1728846000000,3.504,3.522,3.504,3.519,12783.344235
1728849600000,3.52,3.532,3.511,3.532,19038.160401
1728853200000,3.532,3.561,3.519,3.551,47810.26578
1728856800000,3.552,3.578,3.545,3.56,30831.903499
1728860400000,3.559,3.572,3.547,3.572,45180.510704
1728864000000,3.571,3.576,3.537,3.538,56830.189855
1728867600000,3.537,3.579,3.537,3.558,85783.744027
1728871200000,3.556,3.557,3.532,3.543,90945.912424
1728874800000,3.542,3.643,3.541,3.637,421020.558829
1728878400000,3.637,3.663,3.622,3.644,259387.538078
1728882000000,3.644,3.65,3.616,3.633,269696.584439
1728885600000,3.633,3.659,3.62,3.642,129496.205243
1728889200000,3.641,3.657,3.635,3.648,98943.916836
1728892800000,3.648,3.66,3.631,3.636,65607.760553
1728896400000,3.636,3.662,3.625,3.658,105045.354156
1728900000000,3.658,3.679,3.655,3.666,127951.934502
1728903600000,3.666,3.676,3.658,3.67,77571.887291
1728907200000,3.67,3.685,3.659,3.675,100748.616776
1728910800000,3.675,3.708,3.669,3.708,293216.004907
1728914400000,3.707,3.768,3.703,3.746,440024.788194
1728918000000,3.747,3.779,3.746,3.772,158018.373705
1728921600000,3.772,3.807,3.756,3.771,321724.382663
1728925200000,3.771,3.829,3.765,3.823,247034.76302
1728928800000,3.825,3.856,3.823,3.83,148371.321124
1728932400000,3.831,3.852,3.826,3.836,103145.116256
1728936000000,3.837,3.856,3.833,3.847,38495.702439
1728939600000,3.848,3.868,3.837,3.842,95127.557424
1728943200000,3.843,3.899,3.843,3.893,177934.602596
1728946800000,3.893,3.899,3.85,3.855,248711.814289
1728950400000,3.856,3.879,3.841,3.859,161933.54413
1728954000000,3.859,3.887,3.854,3.877,98463.173873
1728957600000,3.878,3.895,3.871,3.873,109193.242211
1728961200000,3.874,3.877,3.823,3.826,161659.058274
1728964800000,3.828,3.859,3.814,3.85,104402.610837
1728968400000,3.851,3.853,3.804,3.822,167210.391138
1728972000000,3.823,3.845,3.805,3.839,101649.3909
1728975600000,3.84,3.85,3.813,3.824,229420.427459
1728979200000,3.824,3.858,3.824,3.857,105867.529129
1728982800000,3.858,3.859,3.83,3.842,118694.402736
1728986400000,3.841,3.88,3.831,3.863,100340.837465
1728990000000,3.861,3.871,3.728,3.747,419725.821961
1728993600000,3.747,3.818,3.746,3.796,222096.348495
1728997200000,3.796,3.893,3.773,3.88,266794.05197
1729000800000,3.881,3.932,3.716,3.749,803299.495837
1729004400000,3.748,3.782,3.689,3.758,464278.926188
1729008000000,3.759,3.822,3.759,3.796,238285.921644
1729011600000,3.797,3.804,3.762,3.78,94248.372077
1729015200000,3.779,3.805,3.775,3.775,89864.224417
1729018800000,3.774,3.78,3.738,3.759,96511.766435
1729022400000,3.759,3.764,3.695,3.701,180514.08761
1729026000000,3.7,3.742,3.69,3.739,71430.061491
1729029600000,3.736,3.766,3.727,3.758,62235.992276
1729033200000,3.759,3.806,3.759,3.804,100673.025132
1729036800000,3.803,3.81,3.77,3.77,102123.719774
1729040400000,3.771,3.807,3.763,3.797,126142.586278
1729044000000,3.798,3.828,3.789,3.791,104627.647048
1729047600000,3.791,3.809,3.785,3.785,69665.077216
1729051200000,3.785,3.803,3.756,3.773,145229.554324
1729054800000,3.775,3.795,3.768,3.781,66897.069783
1729058400000,3.78,3.789,3.729,3.747,150834.52961
1729062000000,3.746,3.746,3.709,3.723,108938.301091
1729065600000,3.723,3.749,3.716,3.73,55076.924008
1729069200000,3.729,3.767,3.722,3.749,166190.896136
1729072800000,3.745,3.753,3.728,3.732,126764.916638
1729076400000,3.731,3.782,3.711,3.759,232049.074996
1729080000000,3.76,3.778,3.741,3.746,114468.49599
1729083600000,3.746,3.759,3.696,3.708,234960.391176
1729087200000,3.709,3.768,3.707,3.726,204561.134441
1729090800000,3.727,3.746,3.706,3.713,92078.865251
1729094400000,3.711,3.754,3.703,3.748,161375.58046
1729098000000,3.747,3.763,3.737,3.745,90609.941386
1729101600000,3.743,3.754,3.74,3.743,49848.902995
1729105200000,3.744,3.764,3.739,3.756,24310.340971
1729108800000,3.756,3.788,3.754,3.778,79296.903175
1729112400000,3.779,3.786,3.761,3.775,156154.390522
1729116000000,3.775,3.79,3.772,3.779,127649.402724
1729119600000,3.78,3.782,3.745,3.75,65267.162211
1729123200000,3.75,3.771,3.746,3.748,61493.650537
1729126800000,3.75,3.765,3.726,3.76,127509.32638
1729130400000,3.76,3.76,3.713,3.714,124597.033495
1729134000000,3.714,3.74,3.711,3.728,55559.503817
1729137600000,3.728,3.729,3.71,3.712,70533.149699
1729141200000,3.712,3.726,3.695,3.701,78581.821735
1729144800000,3.7,3.725,3.692,3.713,150241.0207
1729148400000,3.714,3.72,3.677,3.711,205113.793319
1729152000000,3.712,3.722,3.692,3.712,304830.086263
1729155600000,3.714,3.719,3.687,3.688,53597.820878
1729159200000,3.687,3.693,3.634,3.667,118788.757988
1729162800000,3.666,3.673,3.633,3.642,87953.674235
1729166400000,3.641,3.677,3.631,3.675,75831.234967
1729170000000,3.675,3.688,3.639,3.671,90901.631763
1729173600000,3.669,3.687,3.642,3.676,88650.590126
1729177200000,3.677,3.711,3.666,3.702,65817.5667
1729180800000,3.702,3.703,3.672,3.685,115845.838539
1729184400000,3.685,3.698,3.649,3.657,51594.259918
1729188000000,3.657,3.659,3.602,3.608,160491.256932
1729191600000,3.607,3.657,3.606,3.647,20916.858468
1729195200000,3.648,3.668,3.647,3.654,32748.294505
1729198800000,3.653,3.668,3.652,3.659,37177.581365
1729202400000,3.66,3.676,3.659,3.661,34926.822959
1729206000000,3.661,3.661,3.633,3.642,75615.185622
1729209600000,3.642,3.652,3.626,3.631,72013.823878
1729213200000,3.628,3.704,3.628,3.691,165778.258566
1729216800000,3.693,3.7,3.676,3.696,98422.735327
1729220400000,3.697,3.697,3.663,3.664,64300.899296
1729224000000,3.665,3.685,3.665,3.672,34641.657787
1729227600000,3.671,3.697,3.664,3.694,34872.694542
1729231200000,3.693,3.714,3.689,3.707,101521.541284
1729234800000,3.708,3.717,3.692,3.709,78382.634844
1729238400000,3.708,3.715,3.691,3.697,33294.253045
1729242000000,3.697,3.701,3.679,3.683,59736.14936
1729245600000,3.683,3.693,3.673,3.685,56391.621613
1729249200000,3.687,3.69,3.667,3.671,36590.362731
1729252800000,3.67,3.681,3.648,3.651,80376.758406
1729256400000,3.652,3.685,3.652,3.685,39921.645161
1729260000000,3.685,3.715,3.665,3.711,149697.258709
1729263600000,3.712,3.74,3.702,3.73,156199.914696
1729267200000,3.73,3.749,3.699,3.744,128223.561413
1729270800000,3.744,3.756,3.724,3.728,52459.363055
1729274400000,3.728,3.752,3.723,3.743,48528.277977
1729278000000,3.743,3.75,3.729,3.734,36969.705018
1729281600000,3.735,3.746,3.731,3.742,16741.364143
1729285200000,3.742,3.742,3.723,3.735,37000.786806
1729288800000,3.734,3.769,3.725,3.761,90345.941456
1729292400000,3.761,3.781,3.757,3.775,83699.044295
1729296000000,3.776,3.788,3.767,3.782,71059.956255
1729299600000,3.782,3.806,3.777,3.777,157730.352018
1729303200000,3.777,3.804,3.777,3.802,42859.79203
1729306800000,3.803,3.821,3.791,3.792,117450.88943
1729310400000,3.793,3.806,3.771,3.773,91444.460863
1729314000000,3.774,3.784,3.77,3.781,62489.800963
1729317600000,3.782,3.785,3.775,3.78,41259.053635
1729321200000,3.781,3.787,3.763,3.766,60055.717088
1729324800000,3.767,3.774,3.754,3.762,77939.883369
1729328400000,3.762,3.765,3.754,3.763,45827.249447
1729332000000,3.763,3.767,3.743,3.748,81462.09054
1729335600000,3.747,3.757,3.721,3.721,81659.912901
1729339200000,3.72,3.744,3.719,3.74,77105.823373
1729342800000,3.741,3.741,3.725,3.73,61483.943801
1729346400000,3.732,3.754,3.731,3.752,66893.029915
1729350000000,3.754,3.757,3.729,3.735,43667.344977
1729353600000,3.734,3.74,3.714,3.714,54357.530177
1729357200000,3.714,3.727,3.7,3.713,68561.076598
1729360800000,3.713,3.728,3.709,3.723,24959.413358
1729364400000,3.724,3.732,3.706,3.71,17878.245559
1729368000000,3.71,3.728,3.708,3.727,26989.077129
1729371600000,3.726,3.75,3.726,3.739,142954.555043
1729375200000,3.739,3.772,3.738,3.765,157187.378843
1729378800000,3.766,3.782,3.762,3.768,55789.853465
1729382400000,3.768,3.79,3.759,3.779,160654.683322
1729386000000,3.779,3.785,3.746,3.748,85981.113602
1729389600000,3.748,3.759,3.723,3.726,58184.849528
1729393200000,3.726,3.736,3.711,3.734,62149.097592
1729396800000,3.733,3.762,3.725,3.762,63784.007735
1729400400000,3.761,3.797,3.761,3.782,116795.864862
1729404000000,3.781,3.813,3.771,3.807,154295.691652
1729407600000,3.807,3.818,3.792,3.801,225669.560414
1729411200000,3.801,3.814,3.788,3.804,150259.975985
1729414800000,3.805,3.84,3.794,3.837,329365.864045
1729418400000,3.836,3.848,3.813,3.814,105936.410404
1729422000000,3.814,3.826,3.812,3.821,60011.385292
1729425600000,3.82,3.833,3.797,3.806,132779.049013
1729429200000,3.807,3.966,3.806,3.963,610426.616425
1729432800000,3.962,3.979,3.924,3.941,423237.059998
1729436400000,3.941,3.95,3.9,3.918,194456.481358
1729440000000,3.918,3.997,3.918,3.985,249526.840235
1729443600000,3.985,4.017,3.949,3.956,373812.761395
1729447200000,3.956,3.981,3.947,3.95,118946.195432
1729450800000,3.948,3.95,3.924,3.927,42429.144241
1729454400000,3.926,3.957,3.926,3.947,64850.280265
1729458000000,3.947,3.951,3.936,3.945,41651.446465
1729461600000,3.946,3.99,3.941,3.985,148037.845399
1729465200000,3.984,3.988,3.961,3.985,106166.82296
1729468800000,3.985,4.02,3.973,3.984,321644.433127
1729472400000,3.984,3.998,3.968,3.989,122253.25672
1729476000000,3.99,3.998,3.96,3.965,119601.221779
1729479600000,3.965,3.977,3.947,3.975,111625.656547
1729483200000,3.975,3.992,3.958,3.992,80808.120269
1729486800000,3.992,3.994,3.974,3.978,82811.334289
1729490400000,3.977,3.987,3.923,3.929,170848.436299
1729494000000,3.929,3.947,3.923,3.931,91813.529343
1729497600000,3.932,3.948,3.912,3.914,106815.638706
1729501200000,3.915,3.927,3.883,3.901,226543.847025
1729504800000,3.901,3.907,3.884,3.887,139002.716521
1729508400000,3.887,3.901,3.872,3.88,115187.788566
1729512000000,3.879,3.903,3.867,3.887,113956.969472
1729515600000,3.886,3.895,3.806,3.829,531218.055119
1729519200000,3.829,3.84,3.807,3.837,383884.765091
1729522800000,3.837,3.837,3.805,3.832,147385.080614
1729526400000,3.832,3.833,3.78,3.821,185507.077021
1729530000000,3.821,3.84,3.815,3.83,74827.757622
1729533600000,3.831,3.832,3.812,3.829,37689.062717
1729537200000,3.83,3.864,3.829,3.861,51329.146704
1729540800000,3.862,3.868,3.848,3.861,34202.293034
1729544400000,3.862,3.881,3.862,3.881,44294.565162
1729548000000,3.881,3.891,3.872,3.88,42485.045675
1729551600000,3.881,3.881,3.847,3.849,60374.187901
1729555200000,3.849,3.869,3.801,3.853,291931.742554
1729558800000,3.856,3.909,3.836,3.893,170032.272675
1729562400000,3.894,3.906,3.859,3.863,101231.40277
1729566000000,3.864,3.892,3.864,3.884,72142.998959
1729569600000,3.883,3.892,3.872,3.88,50319.712805
1729573200000,3.879,3.896,3.872,3.876,59786.131123
1729576800000,3.877,3.905,3.877,3.891,59335.981762
1729580400000,3.891,3.898,3.86,3.863,40401.556628
1729584000000,3.863,3.865,3.818,3.821,186201.77117
1729587600000,3.821,3.835,3.786,3.806,279148.886225
1729591200000,3.806,3.827,3.791,3.819,108921.585641
1729594800000,3.82,3.852,3.813,3.833,200876.029018
1729598400000,3.833,3.835,3.777,3.786,137174.218086
1729602000000,3.786,3.791,3.737,3.768,184411.940647
1729605600000,3.768,3.807,3.752,3.801,296528.642273
1729609200000,3.8,3.809,3.758,3.779,92193.632647
1729612800000,3.777,3.787,3.73,3.732,98993.121535
1729616400000,3.732,3.783,3.729,3.782,89530.798713
1729620000000,3.783,3.798,3.772,3.774,203194.029221
1729623600000,3.774,3.804,3.774,3.799,74887.062632
1729627200000,3.8,3.809,3.788,3.808,46312.677154
1729630800000,3.809,3.823,3.804,3.82,26793.198426
1729634400000,3.819,3.834,3.816,3.827,57801.379781
1729638000000,3.826,3.829,3.793,3.808,60970.919272
1729641600000,3.805,3.815,3.777,3.783,75350.157766
1729645200000,3.782,3.805,3.775,3.794,63968.493599
1729648800000,3.793,3.794,3.768,3.769,29457.711868
1729652400000,3.767,3.783,3.748,3.776,102967.756075
1729656000000,3.775,3.78,3.753,3.767,36655.782044
1729659600000,3.767,3.776,3.756,3.762,27034.196995
1729663200000,3.762,3.789,3.753,3.756,54047.083235
1729666800000,3.755,3.764,3.724,3.731,103811.005965
1729670400000,3.731,3.749,3.708,3.717,149546.806585
1729674000000,3.717,3.732,3.707,3.727,107567.819719
1729677600000,3.727,3.737,3.711,3.713,56580.480243
1729681200000,3.712,3.725,3.695,3.704,147866.901014
1729684800000,3.703,3.718,3.686,3.705,136306.666295
1729688400000,3.705,3.737,3.701,3.726,64924.054797
1729692000000,3.726,3.735,3.707,3.711,53028.872869
1729695600000,3.711,3.714,3.665,3.688,279331.865619
1729699200000,3.688,3.702,3.66,3.666,126232.359182
1729702800000,3.664,3.692,3.647,3.655,122608.837922
1729706400000,3.654,3.655,3.608,3.647,224033.385331
1729710000000,3.647,3.672,3.64,3.668,67559.08175
1729713600000,3.668,3.683,3.657,3.682,52621.03677
1729717200000,3.681,3.683,3.67,3.671,20894.886474
1729720800000,3.671,3.692,3.67,3.68,55093.972081
1729724400000,3.68,3.702,3.676,3.695,67984.713137
1729728000000,3.694,3.745,3.679,3.744,120676.680631
1729731600000,3.745,3.75,3.714,3.725,140628.808431
1729735200000,3.724,3.739,3.713,3.736,43718.849376
1729738800000,3.736,3.74,3.716,3.717,43052.558703
1729742400000,3.715,3.738,3.712,3.737,49267.446201
1729746000000,3.737,3.744,3.729,3.734,48038.961519
1729749600000,3.733,3.743,3.706,3.708,53548.564471
1729753200000,3.707,3.718,3.69,3.693,79348.154139
1729756800000,3.691,3.71,3.661,3.661,89837.572228
1729760400000,3.661,3.677,3.652,3.663,79017.89887
1729764000000,3.663,3.691,3.661,3.687,46921.534791
1729767600000,3.686,3.705,3.686,3.702,27552.985365
1729771200000,3.701,3.709,3.684,3.704,104026.721583
1729774800000,3.704,3.72,3.696,3.714,69539.581764
1729778400000,3.713,3.716,3.684,3.707,55177.996049
1729782000000,3.708,3.739,3.697,3.728,73966.021337
1729785600000,3.727,3.738,3.711,3.719,58809.085564
1729789200000,3.719,3.724,3.707,3.715,23679.439742
1729792800000,3.715,3.742,3.714,3.724,32645.44327
1729796400000,3.723,3.75,3.719,3.745,35007.837485
1729800000000,3.745,3.748,3.729,3.741,22607.056282
1729803600000,3.741,3.77,3.735,3.751,63848.218735
1729807200000,3.751,3.759,3.726,3.728,41230.005494
1729810800000,3.727,3.74,3.718,3.74,29652.240819
1729814400000,3.74,3.75,3.719,3.728,67792.776407
1729818000000,3.726,3.73,3.71,3.715,42277.343893
1729821600000,3.715,3.72,3.696,3.71,76608.830661
1729825200000,3.71,3.729,3.71,3.718,25031.594342
1729828800000,3.717,3.721,3.666,3.686,185185.627959
1729832400000,3.685,3.689,3.662,3.681,107204.156779
1729836000000,3.681,3.691,3.671,3.676,41512.934979
1729839600000,3.675,3.685,3.648,3.675,83981.59344
1729843200000,3.674,3.7,3.648,3.697,106585.42129
1729846800000,3.697,3.723,3.694,3.721,76165.115402
1729850400000,3.72,3.721,3.705,3.717,38381.426651
1729854000000,3.717,3.731,3.712,3.728,47301.449684
1729857600000,3.727,3.737,3.703,3.705,79360.113646
1729861200000,3.704,3.731,3.696,3.727,76446.595778
1729864800000,3.727,3.75,3.715,3.726,137914.34845
1729868400000,3.725,3.732,3.664,3.681,182461.618699
1729872000000,3.679,3.698,3.655,3.689,95402.03954
1729875600000,3.69,3.704,3.639,3.646,178494.9164
1729879200000,3.643,3.652,3.558,3.615,670898.408168
1729882800000,3.613,3.621,3.582,3.601,100196.930749
1729886400000,3.6,3.604,3.568,3.585,76298.04417
1729890000000,3.586,3.629,3.586,3.628,58714.346506
1729893600000,3.627,3.634,3.579,3.58,34334.156892
1729897200000,3.578,3.583,3.274,3.445,1411154.165262
1729900800000,3.444,3.465,3.391,3.457,330320.923422
1729904400000,3.458,3.473,3.441,3.457,189607.285252
1729908000000,3.457,3.493,3.431,3.467,77849.1278
1729911600000,3.466,3.489,3.458,3.479,111962.067475
1729915200000,3.478,3.48,3.458,3.468,67859.22211
1729918800000,3.468,3.488,3.465,3.478,117590.459191
1729922400000,3.477,3.484,3.464,3.472,89997.373998
1729926000000,3.473,3.474,3.456,3.458,33884.748397
1729929600000,3.456,3.472,3.447,3.464,35988.597643
1729933200000,3.464,3.478,3.455,3.459,56507.460163
1729936800000,3.46,3.463,3.447,3.452,31960.91794
1729940400000,3.452,3.47,3.443,3.465,49528.15371
1729944000000,3.465,3.469,3.451,3.454,28789.553083
1729947600000,3.454,3.455,3.409,3.413,106534.907319
1729951200000,3.411,3.428,3.375,3.381,244670.594968
1729954800000,3.38,3.427,3.377,3.408,158785.684715
1729958400000,3.408,3.43,3.396,3.428,63809.20661
1729962000000,3.426,3.446,3.422,3.439,105430.672672
1729965600000,3.439,3.45,3.428,3.429,31571.411984
1729969200000,3.429,3.451,3.429,3.45,19219.043286
1729972800000,3.449,3.477,3.445,3.456,36091.686382
1729976400000,3.456,3.459,3.442,3.45,19548.048801
1729980000000,3.45,3.462,3.446,3.462,33664.387778
1729983600000,3.461,3.474,3.457,3.472,30199.230138
1729987200000,3.471,3.485,3.467,3.468,56443.754829
1729990800000,3.468,3.476,3.451,3.474,74523.613763
1729994400000,3.473,3.478,3.46,3.466,43822.990787
1729998000000,3.466,3.498,3.465,3.496,72984.478836
1730001600000,3.496,3.507,3.482,3.484,36387.087847
1730005200000,3.484,3.49,3.48,3.484,25164.986591
1730008800000,3.484,3.484,3.474,3.482,17876.596879
1730012400000,3.482,3.495,3.479,3.49,34600.66576
1730016000000,3.489,3.498,3.484,3.494,21959.981564
1730019600000,3.493,3.494,3.461,3.474,36025.115655
1730023200000,3.474,3.484,3.464,3.471,25769.880373
1730026800000,3.471,3.484,3.466,3.476,11972.227508
1730030400000,3.475,3.503,3.475,3.488,53646.30019
1730034000000,3.487,3.516,3.487,3.508,61489.521568
1730037600000,3.508,3.518,3.505,3.512,30548.861106
1730041200000,3.512,3.534,3.512,3.528,96649.682802
1730044800000,3.527,3.537,3.515,3.53,33570.831966
1730048400000,3.529,3.532,3.514,3.519,15592.261278
1730052000000,3.519,3.522,3.509,3.512,12343.700248
1730055600000,3.511,3.526,3.507,3.52,13166.280045
1730059200000,3.52,3.526,3.515,3.521,11454.31952
1730062800000,3.521,3.564,3.52,3.553,53026.979704
1730066400000,3.554,3.569,3.55,3.555,39018.622704
1730070000000,3.555,3.607,3.549,3.566,235055.835107
1730073600000,3.566,3.579,3.561,3.569,79216.660401
1730077200000,3.568,3.577,3.552,3.554,49284.723084
1730080800000,3.553,3.562,3.545,3.55,57114.234466
1730084400000,3.549,3.556,3.512,3.518,110393.630521
1730088000000,3.517,3.533,3.51,3.521,38452.567249
1730091600000,3.521,3.529,3.487,3.525,75531.597088
1730095200000,3.524,3.532,3.517,3.526,64969.42069
1730098800000,3.526,3.574,3.523,3.559,132840.280273
1730102400000,3.559,3.578,3.558,3.571,116088.344945
1730106000000,3.571,3.588,3.553,3.587,60984.053995
1730109600000,3.587,3.589,3.569,3.574,96301.698366
1730113200000,3.573,3.581,3.562,3.569,87319.885363
1730116800000,3.568,3.636,3.561,3.584,656288.136911
1730120400000,3.584,3.607,3.572,3.574,125577.139353
1730124000000,3.574,3.588,3.557,3.572,124250.622504
1730127600000,3.572,3.573,3.529,3.531,145114.755054
1730131200000,3.531,3.555,3.509,3.521,117388.172685
1730134800000,3.52,3.549,3.491,3.531,164753.747982
1730138400000,3.53,3.549,3.518,3.536,42004.800298
1730142000000,3.535,3.589,3.533,3.578,214853.710364
1730145600000,3.577,3.589,3.573,3.584,47200.037765
1730149200000,3.584,3.632,3.583,3.632,66828.86277
1730152800000,3.632,3.67,3.624,3.64,168654.722904
1730156400000,3.641,3.65,3.621,3.625,101642.911249
1730160000000,3.625,3.644,3.611,3.638,81741.180323
1730163600000,3.637,3.65,3.627,3.649,160068.935066
1730167200000,3.648,3.695,3.643,3.676,201224.76628
1730170800000,3.676,3.69,3.666,3.668,73003.408281
1730174400000,3.668,3.678,3.658,3.669,197206.777982
1730178000000,3.668,3.669,3.646,3.659,87165.369793
1730181600000,3.658,3.669,3.65,3.654,46927.551544
1730185200000,3.654,3.658,3.609,3.636,221192.437133
1730188800000,3.636,3.65,3.634,3.639,46284.905472
1730192400000,3.64,3.649,3.631,3.646,48434.523641
1730196000000,3.646,3.651,3.627,3.641,57454.60512
1730199600000,3.64,3.657,3.639,3.649,46724.56885
1730203200000,3.648,3.653,3.634,3.639,72969.287564
1730206800000,3.639,3.657,3.627,3.654,74765.884883
1730210400000,3.653,3.665,3.631,3.65,171118.848647
1730214000000,3.651,3.685,3.633,3.685,236805.226325
1730217600000,3.683,3.728,3.683,3.72,252898.24653
1730221200000,3.72,3.736,3.672,3.709,399979.843982
1730224800000,3.709,3.721,3.689,3.719,134274.250733
1730228400000,3.72,3.742,3.671,3.686,182352.463226
1730232000000,3.689,3.695,3.656,3.685,90899.734363
1730235600000,3.684,3.717,3.68,3.711,50543.121572
1730239200000,3.712,3.724,3.702,3.709,46937.409826
1730242800000,3.711,3.712,3.693,3.707,83015.767968
1730246400000,3.708,3.724,3.688,3.697,104414.322918
1730250000000,3.697,3.703,3.663,3.692,145549.145758
1730253600000,3.692,3.711,3.692,3.696,68708.805175
1730257200000,3.697,3.733,3.695,3.723,104921.210383
1730260800000,3.725,3.735,3.714,3.716,59124.90233
1730264400000,3.717,3.733,3.712,3.721,37874.774546
1730268000000,3.722,3.779,3.722,3.738,238020.699709
1730271600000,3.737,3.767,3.736,3.749,86468.850409
1730275200000,3.748,3.766,3.716,3.719,93577.390769
1730278800000,3.719,3.745,3.717,3.737,44095.780831
1730282400000,3.738,3.756,3.728,3.73,50387.498542
1730286000000,3.731,3.731,3.696,3.699,91047.258274
1730289600000,3.699,3.722,3.679,3.715,135462.344869
1730293200000,3.714,3.736,3.685,3.736,104275.030816
1730296800000,3.736,3.775,3.729,3.763,178760.542963
1730300400000,3.765,3.789,3.709,3.733,203972.259556
1730304000000,3.733,3.749,3.716,3.731,43393.484512
1730307600000,3.73,3.731,3.704,3.714,25500.850238
1730311200000,3.714,3.744,3.713,3.731,23876.090831
1730314800000,3.73,3.736,3.717,3.717,11176.307417
1730318400000,3.719,3.771,3.703,3.77,60457.802492
1730322000000,3.771,3.776,3.724,3.743,46493.862198
1730325600000,3.743,3.759,3.73,3.734,47739.949945
1730329200000,3.734,3.747,3.72,3.72,20607.994654
1730332800000,3.721,3.738,3.7,3.704,113953.960674
1730336400000,3.704,3.719,3.675,3.708,130712.508307
1730340000000,3.709,3.719,3.692,3.704,44898.284387
1730343600000,3.706,3.713,3.684,3.69,61133.244131
1730347200000,3.691,3.694,3.668,3.676,106933.298331
1730350800000,3.677,3.688,3.667,3.684,38644.82382
1730354400000,3.683,3.687,3.647,3.656,116265.83476
1730358000000,3.656,3.669,3.635,3.665,141412.081471
1730361600000,3.665,3.667,3.628,3.642,78595.705098
1730365200000,3.64,3.652,3.637,3.642,31646.728251
1730368800000,3.641,3.654,3.613,3.638,122360.846669
1730372400000,3.637,3.638,3.617,3.627,79141.377865
1730376000000,3.627,3.653,3.625,3.652,368785.313039
1730379600000,3.65,3.66,3.62,3.631,246127.245563
1730383200000,3.631,3.632,3.554,3.573,380211.303859
1730386800000,3.573,3.598,3.566,3.582,149100.63368
1730390400000,3.582,3.582,3.56,3.561,123956.395249
1730394000000,3.56,3.568,3.519,3.539,165968.068962
1730397600000,3.538,3.538,3.49,3.529,137588.174261
1730401200000,3.528,3.54,3.508,3.51,39626.796996
1730404800000,3.511,3.531,3.495,3.521,94269.514967
1730408400000,3.519,3.542,3.507,3.536,42909.365465
1730412000000,3.537,3.544,3.513,3.533,43048.272216
1730415600000,3.533,3.58,3.525,3.538,226365.061922
1730419200000,3.538,3.569,3.535,3.553,60404.120464
1730422800000,3.552,3.554,3.504,3.516,103359.676427
1730426400000,3.516,3.535,3.469,3.533,131417.874754
1730430000000,3.533,3.553,3.529,3.54,36888.566748
1730433600000,3.539,3.559,3.536,3.553,37898.683535
1730437200000,3.553,3.559,3.536,3.536,27720.674764
1730440800000,3.536,3.539,3.485,3.486,105761.085913
1730444400000,3.486,3.498,3.456,3.487,121170.35482
1730448000000,3.486,3.504,3.481,3.492,56385.064347
1730451600000,3.492,3.503,3.484,3.487,51312.938714
1730455200000,3.486,3.535,3.483,3.506,125941.535585
1730458800000,3.507,3.514,3.498,3.498,55329.871114
1730462400000,3.497,3.534,3.48,3.531,169785.064339
1730466000000,3.53,3.57,3.514,3.57,106238.044187
1730469600000,3.569,3.588,3.551,3.566,136849.049593
1730473200000,3.567,3.574,3.425,3.461,361276.081703
1730476800000,3.461,3.514,3.452,3.506,101833.454192
1730480400000,3.504,3.512,3.484,3.501,36266.512399
1730484000000,3.501,3.502,3.475,3.479,37086.282914
1730487600000,3.477,3.482,3.455,3.471,34407.299161
1730491200000,3.471,3.488,3.461,3.478,57482.908496
1730494800000,3.475,3.475,3.425,3.468,102420.638883
1730498400000,3.466,3.477,3.444,3.455,49659.357098
1730502000000,3.455,3.473,3.448,3.472,59162.452149
1730505600000,3.471,3.499,3.469,3.49,35107.000542
1730509200000,3.49,3.495,3.482,3.491,17758.192631
1730512800000,3.491,3.51,3.486,3.486,38234.890063
1730516400000,3.485,3.494,3.465,3.47,48572.187221
1730520000000,3.47,3.479,3.46,3.465,22500.389585
1730523600000,3.465,3.485,3.449,3.478,63960.964717
1730527200000,3.478,3.48,3.463,3.472,12313.363228
1730530800000,3.472,3.489,3.465,3.485,101826.786847
1730534400000,3.485,3.493,3.47,3.472,29851.993111
1730538000000,3.471,3.483,3.466,3.472,26168.364351
1730541600000,3.472,3.484,3.466,3.484,22721.423013
1730545200000,3.484,3.489,3.471,3.475,15648.440781
1730548800000,3.474,3.481,3.432,3.44,98740.552949
1730552400000,3.439,3.457,3.41,3.413,121598.8703
1730556000000,3.413,3.436,3.409,3.43,65665.961278
1730559600000,3.431,3.435,3.406,3.427,110382.811999
1730563200000,3.426,3.451,3.42,3.447,66580.2448
1730566800000,3.446,3.447,3.406,3.412,49265.889832
1730570400000,3.41,3.416,3.39,3.407,85357.216451
1730574000000,3.406,3.427,3.404,3.425,17029.021271
1730577600000,3.425,3.436,3.418,3.435,20738.966121
1730581200000,3.435,3.441,3.429,3.436,44297.245763
1730584800000,3.435,3.441,3.424,3.427,24141.374763
1730588400000,3.426,3.433,3.409,3.433,13588.729223
1730592000000,3.433,3.44,3.42,3.421,60565.714388
1730595600000,3.421,3.426,3.388,3.389,53901.873809
1730599200000,3.388,3.41,3.288,3.322,441505.435898
1730602800000,3.323,3.354,3.288,3.344,196371.456732
1730606400000,3.344,3.379,3.342,3.376,72049.317933
1730610000000,3.376,3.381,3.353,3.355,37363.541136
1730613600000,3.354,3.395,3.354,3.387,42471.490393
1730617200000,3.387,3.393,3.353,3.375,145306.26977
1730620800000,3.375,3.387,3.367,3.378,74037.874414
1730624400000,3.379,3.38,3.341,3.345,112145.337252
1730628000000,3.346,3.376,3.345,3.355,50238.836435
1730631600000,3.356,3.368,3.33,3.336,62449.507868
1730635200000,3.335,3.352,3.318,3.323,101006.081734
1730638800000,3.324,3.33,3.27,3.283,261921.100996
1730642400000,3.281,3.301,3.254,3.269,282720.966547
1730646000000,3.269,3.297,3.239,3.293,196195.880997
1730649600000,3.292,3.32,3.282,3.301,67534.754641
1730653200000,3.301,3.331,3.301,3.317,71141.943148
1730656800000,3.318,3.322,3.266,3.276,55873.909784
1730660400000,3.275,3.332,3.272,3.332,20561.518784
1730664000000,3.332,3.353,3.321,3.347,35515.204741
1730667600000,3.347,3.384,3.346,3.363,207421.675192
1730671200000,3.363,3.367,3.29,3.345,193594.883199
1730674800000,3.344,3.348,3.329,3.341,65799.247327
1730678400000,3.341,3.341,3.304,3.326,33172.472496
1730682000000,3.326,3.368,3.323,3.356,64238.415095
1730685600000,3.357,3.375,3.345,3.374,71688.512226
1730689200000,3.374,3.389,3.351,3.354,48491.323828
1730692800000,3.355,3.376,3.353,3.362,29888.235463
1730696400000,3.362,3.365,3.33,3.336,73282.485714
1730700000000,3.335,3.365,3.334,3.363,75945.932492
1730703600000,3.364,3.367,3.338,3.343,37220.325296
1730707200000,3.344,3.351,3.315,3.328,69906.98549
1730710800000,3.325,3.351,3.32,3.337,48027.912031
1730714400000,3.338,3.388,3.334,3.386,73903.226711
1730718000000,3.386,3.406,3.374,3.391,84082.87144
1730721600000,3.391,3.408,3.379,3.39,184210.161174
1730725200000,3.39,3.405,3.365,3.365,68766.837737
1730728800000,3.365,3.38,3.35,3.364,92512.148142
1730732400000,3.364,3.373,3.343,3.356,52869.907319
1730736000000,3.354,3.359,3.312,3.323,194929.103012
1730739600000,3.323,3.35,3.317,3.334,87272.343071
1730743200000,3.333,3.345,3.321,3.323,28236.050198
1730746800000,3.324,3.342,3.32,3.321,26752.901169
1730750400000,3.321,3.326,3.286,3.29,70830.004583
1730754000000,3.29,3.308,3.201,3.211,234656.85191
1730757600000,3.208,3.291,3.203,3.281,108443.998643
1730761200000,3.28,3.287,3.263,3.275,75478.296164
1730764800000,3.275,3.313,3.272,3.3,70265.531917
1730768400000,3.299,3.309,3.27,3.303,61504.899445
1730772000000,3.303,3.309,3.284,3.295,40328.777829
1730775600000,3.295,3.318,3.295,3.317,42173.066785
1730779200000,3.317,3.344,3.313,3.334,46432.226286
1730782800000,3.335,3.352,3.325,3.35,65694.092473
1730786400000,3.351,3.353,3.334,3.342,63412.538845
1730790000000,3.341,3.354,3.329,3.348,31238.689593
1730793600000,3.347,3.351,3.336,3.351,48136.298095
1730797200000,3.349,3.365,3.338,3.342,160505.40728
1730800800000,3.343,3.345,3.322,3.325,62240.485561
1730804400000,3.327,3.335,3.32,3.328,46729.512316
1730808000000,3.328,3.346,3.322,3.34,78194.443453
1730811600000,3.341,3.343,3.318,3.336,74207.280409
1730815200000,3.335,3.434,3.332,3.415,337418.943774
1730818800000,3.414,3.421,3.364,3.392,183006.833612
1730822400000,3.392,3.429,3.385,3.419,91607.753071
1730826000000,3.419,3.432,3.401,3.403,73783.483695
1730829600000,3.403,3.408,3.387,3.398,52312.195569
1730833200000,3.397,3.404,3.332,3.346,81184.868058
1730836800000,3.346,3.407,3.336,3.405,57093.480821
1730840400000,3.404,3.405,3.375,3.379,28917.34752
1730844000000,3.379,3.407,3.364,3.406,44450.590857
1730847600000,3.406,3.409,3.388,3.391,38815.106793
1730851200000,3.39,3.473,3.39,3.463,134202.913662
1730854800000,3.464,3.486,3.441,3.476,391628.853832
1730858400000,3.477,3.565,3.463,3.538,465728.291181
1730862000000,3.537,3.616,3.528,3.581,460925.525455
1730865600000,3.582,3.636,3.578,3.612,389313.750606
1730869200000,3.612,3.631,3.564,3.626,383864.146031
1730872800000,3.627,3.67,3.607,3.607,412560.494701
1730876400000,3.606,3.66,3.589,3.608,427572.548365
1730880000000,3.61,3.617,3.539,3.594,431004.121562
1730883600000,3.596,3.63,3.591,3.617,151155.93409
1730887200000,3.617,3.632,3.601,3.627,162530.586977
1730890800000,3.627,3.634,3.612,3.618,108232.651592
1730894400000,3.618,3.632,3.606,3.607,111096.205473
1730898000000,3.609,3.616,3.572,3.599,217648.240909
1730901600000,3.601,3.61,3.562,3.567,145842.146435
1730905200000,3.568,3.606,3.564,3.597,168589.951668
1730908800000,3.598,3.623,3.585,3.623,198452.224878
1730912400000,3.622,3.625,3.609,3.623,79263.110944
1730916000000,3.624,3.641,3.624,3.635,100915.902545
1730919600000,3.637,3.654,3.632,3.653,68492.571058
1730923200000,3.654,3.668,3.64,3.661,97035.789467
1730926800000,3.658,3.682,3.654,3.682,123257.127024
1730930400000,3.681,3.75,3.668,3.741,285661.224214
1730934000000,3.742,3.752,3.709,3.71,310883.305032
1730937600000,3.711,3.725,3.691,3.709,141217.572031
1730941200000,3.707,3.813,3.704,3.805,423925.566156
1730944800000,3.804,3.825,3.787,3.824,225295.512854
1730948400000,3.824,3.826,3.774,3.779,275299.956876
1730952000000,3.78,3.788,3.738,3.759,234235.507229
1730955600000,3.761,3.769,3.751,3.765,91692.969431
1730959200000,3.765,3.767,3.693,3.725,297994.807899
1730962800000,3.726,3.736,3.719,3.721,78811.057096
1730966400000,3.72,3.752,3.719,3.735,117980.759974
1730970000000,3.736,3.737,3.705,3.71,56032.726512
1730973600000,3.71,3.715,3.683,3.713,125178.288729
1730977200000,3.713,3.72,3.694,3.696,94576.150568
1730980800000,3.697,3.736,3.697,3.732,56049.846169
1730984400000,3.733,3.737,3.682,3.682,84098.722163
1730988000000,3.683,3.72,3.67,3.704,76149.813341
1730991600000,3.708,3.77,3.697,3.769,126513.815757
1730995200000,3.768,3.781,3.735,3.766,124749.092946
1730998800000,3.766,3.771,3.743,3.753,88801.423795
1731002400000,3.752,3.762,3.721,3.751,47321.319213
1731006000000,3.75,3.763,3.727,3.758,44440.616819
1731009600000,3.759,3.789,3.756,3.781,69252.657431
1731013200000,3.784,3.796,3.778,3.783,76045.891296
1731016800000,3.783,3.791,3.743,3.763,110070.272492
1731020400000,3.764,3.778,3.738,3.766,71932.897346
1731024000000,3.767,3.819,3.767,3.778,175617.040331
1731027600000,3.779,3.796,3.73,3.747,162840.068252
1731031200000,3.745,3.748,3.695,3.698,138111.781791
1731034800000,3.694,3.717,3.678,3.711,247005.084249
1731038400000,3.712,3.734,3.706,3.713,86003.227411
1731042000000,3.712,3.734,3.712,3.722,52744.431359
1731045600000,3.721,3.738,3.703,3.723,72546.979579
1731049200000,3.724,3.734,3.701,3.712,89910.168943
1731052800000,3.711,3.716,3.688,3.697,88176.750154
1731056400000,3.699,3.73,3.693,3.718,124985.009219
1731060000000,3.717,3.724,3.698,3.718,70526.447507
1731063600000,3.719,3.724,3.709,3.717,69088.805822
1731067200000,3.717,3.772,3.716,3.772,110893.701856
1731070800000,3.772,3.775,3.743,3.772,148002.421669
1731074400000,3.772,3.965,3.766,3.825,1366608.785453
1731078000000,3.823,3.909,3.804,3.883,693773.018522
1731081600000,3.885,3.918,3.811,3.824,515637.414401
1731085200000,3.824,3.858,3.765,3.856,332434.143899
1731088800000,3.856,3.897,3.845,3.877,162987.390695
1731092400000,3.876,3.923,3.871,3.908,179787.920225
1731096000000,3.908,3.926,3.863,3.872,214249.873229
1731099600000,3.873,3.89,3.835,3.864,116934.725285
1731103200000,3.866,3.922,3.866,3.889,141170.772497
1731106800000,3.891,3.929,3.882,3.913,221615.295488
1731110400000,3.914,3.914,3.87,3.872,154184.90285
1731114000000,3.87,3.879,3.828,3.828,407598.292413
1731117600000,3.829,3.832,3.806,3.826,158431.323076
1731121200000,3.827,3.834,3.787,3.797,132203.538687
1731124800000,3.797,3.827,3.797,3.826,52988.999459
1731128400000,3.825,3.897,3.817,3.895,205608.691106
1731132000000,3.895,3.913,3.873,3.89,301569.081462
1731135600000,3.89,3.898,3.861,3.894,120532.732316
1731139200000,3.893,3.928,3.877,3.91,223107.595225
1731142800000,3.909,3.928,3.883,3.9,168886.795082
1731146400000,3.899,3.911,3.876,3.893,135422.328823
1731150000000,3.894,3.979,3.887,3.956,437288.45707
1731153600000,3.954,3.959,3.886,3.887,236315.916663
1731157200000,3.886,3.917,3.886,3.897,104198.042994
1731160800000,3.896,3.902,3.843,3.873,255586.430768
1731164400000,3.873,3.888,3.853,3.876,155717.073978
1731168000000,3.876,3.879,3.844,3.863,123024.965959
1731171600000,3.863,3.863,3.81,3.856,157724.138326
1731175200000,3.856,3.872,3.844,3.868,71314.63917
1731178800000,3.867,3.892,3.86,3.878,70216.293185
1731182400000,3.878,3.917,3.868,3.915,47656.616236
1731186000000,3.917,3.948,3.904,3.931,93388.44969
1731189600000,3.931,3.978,3.919,3.977,133037.806765
1731193200000,3.977,4.078,3.971,4.05,573263.832785
1731196800000,4.051,4.058,3.997,4.012,317511.843427
1731200400000,4.014,4.048,3.998,4.045,201038.127215
1731204000000,4.045,4.086,4.042,4.058,305968.201965
1731207600000,4.058,4.093,4.048,4.066,244583.06678
1731211200000,4.067,4.134,4.055,4.111,382575.00316
1731214800000,4.111,4.154,4.09,4.103,515208.896981
1731218400000,4.102,4.114,4.068,4.086,320223.181911
1731222000000,4.087,4.128,4.085,4.1,172072.822237
1731225600000,4.101,4.148,4.099,4.142,232201.027638
1731229200000,4.143,4.186,4.128,4.166,385517.754321
1731232800000,4.164,4.215,4.155,4.168,527048.021481
1731236400000,4.169,4.203,4.152,4.185,282170.371229
1731240000000,4.185,4.235,4.113,4.23,559671.632527
1731243600000,4.227,4.285,4.2,4.236,525900.56388
1731247200000,4.236,4.271,4.154,4.204,633382.107064
1731250800000,4.203,4.238,4.176,4.23,368996.811123
1731254400000,4.23,4.384,4.188,4.315,986363.916368
1731258000000,4.316,4.375,4.302,4.348,377335.474084
1731261600000,4.347,4.422,4.34,4.384,323047.804797
1731265200000,4.384,4.394,4.224,4.288,660134.706141
1731268800000,4.289,4.311,4.158,4.161,482433.239892
1731272400000,4.161,4.217,4.036,4.2,655785.311076
1731276000000,4.201,4.305,4.191,4.257,434628.641795
1731279600000,4.258,4.271,4.225,4.266,259117.342073
1731283200000,4.267,4.337,4.26,4.291,409863.803111
1731286800000,4.292,4.318,4.262,4.279,366372.703616
1731290400000,4.275,4.358,4.266,4.352,431473.61304
1731294000000,4.354,4.367,4.29,4.332,351316.486648
1731297600000,4.328,4.338,4.242,4.294,369722.756451
1731301200000,4.293,4.297,4.114,4.158,809748.106096
1731304800000,4.154,4.2,4.12,4.168,671354.302554
1731308400000,4.168,4.186,4.127,4.171,192384.110047
1731312000000,4.171,4.194,4.149,4.185,198406.525672
1731315600000,4.185,4.263,4.147,4.221,540980.138831
1731319200000,4.219,4.254,4.186,4.212,283110.111744
1731322800000,4.211,4.263,4.19,4.247,247468.736845
1731326400000,4.25,4.292,4.171,4.198,311750.079388
1731330000000,4.198,4.206,4.132,4.159,350861.392764
1731333600000,4.16,4.201,4.12,4.197,389644.748811
1731337200000,4.196,4.278,4.177,4.229,485149.770966
1731340800000,4.23,4.28,4.206,4.231,408709.096499
1731344400000,4.23,4.27,4.224,4.246,240238.887038
1731348000000,4.247,4.28,4.202,4.276,261418.968598
1731351600000,4.277,4.301,4.225,4.241,264013.421087
1731355200000,4.24,4.337,4.238,4.3,304516.955694
1731358800000,4.3,4.338,4.241,4.285,331578.417424
1731362400000,4.285,4.337,4.227,4.335,283425.114647
1731366000000,4.336,4.413,4.308,4.408,673029.807853
1731369600000,4.409,4.487,4.286,4.482,1135786.043334
1731373200000,4.481,4.481,4.4,4.453,437940.029642
1731376800000,4.446,4.52,4.409,4.462,645150.743626
1731380400000,4.462,4.505,4.42,4.495,364146.911997
1731384000000,4.492,4.5,4.405,4.412,415434.391368
1731387600000,4.413,4.48,4.389,4.453,589634.726032
1731391200000,4.454,4.568,4.446,4.51,725986.928684
1731394800000,4.51,4.534,4.494,4.503,463622.74871
1731398400000,4.504,4.602,4.498,4.595,507342.569534
1731402000000,4.596,4.651,4.404,4.405,1139280.100562
1731405600000,4.408,4.452,4.109,4.269,2251381.203261
1731409200000,4.269,4.333,4.226,4.272,740513.135916
1731412800000,4.272,4.335,4.178,4.236,637021.95665
1731416400000,4.235,4.277,4.141,4.236,826179.23519
1731420000000,4.234,4.293,4.166,4.289,395076.419102
1731423600000,4.288,4.289,4.182,4.193,371936.643109
1731427200000,4.194,4.22,4.096,4.174,615858.013928
1731430800000,4.177,4.24,4.167,4.181,197804.029574
1731434400000,4.182,4.263,4.177,4.251,109544.119118
1731438000000,4.252,4.278,4.234,4.239,100487.942135
1731441600000,4.24,4.263,4.212,4.218,106044.561591
1731445200000,4.217,4.246,4.178,4.238,193420.928321
1731448800000,4.239,4.328,4.209,4.32,171267.867156
1731452400000,4.32,4.325,4.216,4.22,196776.941239
1731456000000,4.223,4.295,4.213,4.229,323576.898296
1731459600000,4.228,4.26,4.137,4.192,486429.344686
1731463200000,4.191,4.21,4.057,4.136,581798.256439
1731466800000,4.137,4.149,4,4.013,551063.415631
1731470400000,4.013,4.072,3.862,3.951,894455.355043
1731474000000,3.949,3.982,3.898,3.909,403548.865443
1731477600000,3.909,3.999,3.855,3.907,714878.185313
1731481200000,3.905,3.974,3.898,3.964,443962.969677
1731484800000,3.963,3.989,3.927,3.941,409437.046309
1731488400000,3.941,3.964,3.911,3.936,199521.532147
1731492000000,3.936,3.982,3.911,3.978,174686.056527
1731495600000,3.976,4.005,3.957,3.962,460976.719832
1731499200000,3.962,3.985,3.915,3.964,309893.778154
1731502800000,3.964,4.071,3.94,4.045,683565.431535
1731506400000,4.045,4.236,4.006,4.22,1962357.412048
1731510000000,4.219,4.22,4.134,4.192,747283.468872
1731513600000,4.19,4.222,4.152,4.187,521251.34413
1731517200000,4.186,4.265,4.185,4.23,361943.093679
1731520800000,4.231,4.26,4.187,4.214,269050.629466
1731524400000,4.216,4.229,4.03,4.044,696447.299573
1731528000000,4.043,4.097,3.966,4.038,392325.359588
1731531600000,4.04,4.042,3.928,4.003,381654.222663
1731535200000,4.003,4.08,3.986,4.047,268892.570641
1731538800000,4.047,4.086,4.017,4.075,199536.963618
1731542400000,4.074,4.096,4.01,4.012,265939.029211
1731546000000,4.012,4.078,3.997,4.071,447227.547486
1731549600000,4.071,4.093,4.031,4.068,264631.355869
1731553200000,4.068,4.09,3.993,4.086,263657.266455
1731556800000,4.087,4.143,4.054,4.143,301305.290696
1731560400000,4.142,4.143,4.105,4.139,149457.364539
1731564000000,4.139,4.212,4.06,4.061,492200.316701
1731567600000,4.061,4.125,4.042,4.117,411251.105501
1731571200000,4.115,4.133,4.084,4.101,228101.344051
1731574800000,4.1,4.136,4.079,4.117,208333.138865
1731578400000,4.115,4.129,4.032,4.037,259894.247756
1731582000000,4.039,4.046,3.965,4.031,505619.509082
1731585600000,4.03,4.034,3.995,4.024,201478.048676
1731589200000,4.023,4.05,3.973,3.983,163531.50489
1731592800000,3.983,4.035,3.882,3.901,708756.847005
1731596400000,3.901,3.939,3.849,3.884,590727.064231
1731600000000,3.883,3.966,3.854,3.954,394757.030785
1731603600000,3.952,3.959,3.916,3.938,135836.605364
1731607200000,3.937,3.958,3.919,3.932,81238.983287
1731610800000,3.932,3.957,3.927,3.954,112523.420598
1731614400000,3.953,3.953,3.902,3.913,89762.535204
1731618000000,3.912,3.976,3.902,3.976,123570.358882
1731621600000,3.976,3.979,3.887,3.916,166489.880015
1731625200000,3.915,3.927,3.802,3.857,478282.259134
1731628800000,3.857,3.923,3.848,3.85,209165.378523
1731632400000,3.856,3.901,3.814,3.888,216142.454697
1731636000000,3.889,3.905,3.838,3.905,122674.845092
1731639600000,3.903,3.903,3.87,3.888,90368.196186
1731643200000,3.888,3.89,3.783,3.816,281376.873185
1731646800000,3.815,3.888,3.799,3.88,176916.591125
1731650400000,3.882,3.929,3.879,3.915,225848.028385
1731654000000,3.915,3.923,3.883,3.889,112421.100457
1731657600000,3.888,3.929,3.847,3.927,172082.819927
1731661200000,3.928,3.969,3.92,3.96,250503.839993
1731664800000,3.961,3.965,3.942,3.951,129935.335634
1731668400000,3.951,3.991,3.942,3.99,199769.437012
1731672000000,3.99,4.02,3.967,4.001,263852.838682
1731675600000,4.002,4.078,3.993,4.075,351180.841922
1731679200000,4.075,4.148,4.013,4.08,911416.239893
1731682800000,4.079,4.079,3.949,3.997,544281.246862
1731686400000,3.996,4.092,3.971,4.047,374183.708499
1731690000000,4.045,4.247,4.043,4.135,789840.719033
1731693600000,4.133,4.222,4.118,4.177,421326.69719
1731697200000,4.177,4.242,4.175,4.211,274826.087645
1731700800000,4.212,4.257,4.208,4.236,254062.139347
1731704400000,4.237,4.247,4.19,4.195,243674.408099
1731708000000,4.196,4.213,4.181,4.197,153461.58793
1731711600000,4.198,4.228,4.183,4.2,235065.447616
1731715200000,4.2,4.208,4.156,4.164,211718.573684
1731718800000,4.165,4.215,4.148,4.188,352942.334467
1731722400000,4.187,4.197,4.174,4.178,110377.674002
1731726000000,4.178,4.208,4.172,4.19,160181.628508
1731729600000,4.189,4.197,4.161,4.17,267640.003141
1731733200000,4.171,4.236,4.166,4.216,271283.114803
1731736800000,4.218,4.223,4.156,4.17,276369.28949
1731740400000,4.168,4.202,4.168,4.194,121213.000446
1731744000000,4.196,4.283,4.194,4.268,510618.380958
1731747600000,4.268,4.32,4.232,4.312,377180.351713
1731751200000,4.313,4.363,4.275,4.334,518284.643003
1731754800000,4.332,4.505,4.325,4.485,1064091.899144
1731758400000,4.487,4.518,4.362,4.423,687695.64901
1731762000000,4.424,4.44,4.376,4.424,326075.786966
1731765600000,4.426,4.565,4.412,4.555,614457.682012
1731769200000,4.554,4.561,4.425,4.517,1151814.399507
1731772800000,4.515,4.627,4.476,4.571,874751.535801
1731776400000,4.57,4.603,4.512,4.531,388846.06962
1731780000000,4.532,4.799,4.531,4.636,1038395.603124
1731783600000,4.636,4.679,4.59,4.665,493043.084755
1731787200000,4.664,4.782,4.617,4.725,472415.116615
1731790800000,4.725,4.8,4.705,4.788,337240.383092
1731794400000,4.787,4.823,4.74,4.765,353571.862974
1731798000000,4.767,4.816,4.71,4.744,628147.961157
1731801600000,4.744,4.877,4.712,4.825,786416.771026
1731805200000,4.826,4.828,4.557,4.609,1199868.357395
1731808800000,4.609,4.613,4.482,4.532,1300087.189131
1731812400000,4.532,4.615,4.503,4.603,540270.930824
1731816000000,4.601,4.622,4.529,4.583,436893.113604
1731819600000,4.581,4.584,4.467,4.474,483185.229097
1731823200000,4.478,4.608,4.473,4.587,445211.651972
1731826800000,4.589,4.625,4.554,4.574,465585.030745
1731830400000,4.574,4.661,4.535,4.584,340613.754826
1731834000000,4.584,4.632,4.561,4.58,346422.055154
1731837600000,4.58,4.582,4.536,4.55,221758.647109
1731841200000,4.549,4.551,4.436,4.438,620004.574724
1731844800000,4.439,4.498,4.429,4.487,248349.259307
1731848400000,4.485,4.488,4.421,4.468,401602.461755
1731852000000,4.469,4.495,4.428,4.45,355115.777498
1731855600000,4.452,4.455,4.367,4.397,560137.213187
1731859200000,4.396,4.453,4.379,4.447,270553.028272
1731862800000,4.447,4.466,4.414,4.451,135370.185484
1731866400000,4.451,4.451,4.354,4.361,203133.012219
1731870000000,4.357,4.386,4.335,4.361,243695.019566
1731873600000,4.361,4.383,4.307,4.344,144648.498801
1731877200000,4.344,4.353,4.276,4.279,304162.333119
1731880800000,4.28,4.34,4.25,4.321,229381.355617
1731884400000,4.317,4.344,4.284,4.344,145839.524643
1731888000000,4.344,4.415,4.318,4.395,344657.876656
1731891600000,4.395,4.5,4.388,4.499,468064.985406
1731895200000,4.498,4.579,4.465,4.561,532570.454526
1731898800000,4.561,4.578,4.506,4.563,358385.704116
1731902400000,4.561,4.594,4.537,4.551,446305.316468
1731906000000,4.551,4.633,4.543,4.626,463973.348996
1731909600000,4.629,4.649,4.569,4.587,386245.281638
1731913200000,4.587,4.606,4.55,4.605,568739.633071
1731916800000,4.606,4.619,4.553,4.567,259749.913929
1731920400000,4.566,4.62,4.54,4.553,386095.147426
1731924000000,4.55,4.59,4.542,4.565,218045.783814
1731927600000,4.567,4.567,4.407,4.428,699180.011781
1731931200000,4.429,4.47,4.38,4.455,354184.367591
1731934800000,4.454,4.465,4.333,4.338,644056.083421
1731938400000,4.337,4.434,4.327,4.375,407857.72501
1731942000000,4.375,4.506,4.37,4.485,527470.032261
1731945600000,4.485,4.568,4.46,4.506,533281.342245
1731949200000,4.505,4.535,4.47,4.512,218402.966776
1731952800000,4.511,4.523,4.424,4.45,225833.57443
1731956400000,4.45,4.467,4.343,4.422,279107.943609
1731960000000,4.421,4.483,4.384,4.424,226902.049186
1731963600000,4.425,4.515,4.417,4.48,136849.637036
1731967200000,4.481,4.557,4.477,4.512,150668.632709
1731970800000,4.513,4.538,4.455,4.533,215994.554062
1731974400000,4.534,4.562,4.486,4.544,355318.214835
1731978000000,4.544,4.586,4.513,4.515,274691.216907
1731981600000,4.517,4.537,4.488,4.514,194248.184967
1731985200000,4.514,4.556,4.499,4.529,160883.98795
1731988800000,4.529,4.541,4.425,4.443,222564.704501
1731992400000,4.443,4.513,4.424,4.501,229921.653007
1731996000000,4.5,4.519,4.462,4.492,119398.713754
1731999600000,4.491,4.515,4.458,4.461,132821.869143
1732003200000,4.461,4.466,4.408,4.426,214855.454865
1732006800000,4.427,4.45,4.377,4.404,223543.688883
1732010400000,4.402,4.417,4.374,4.411,122613.769807
1732014000000,4.409,4.458,4.4,4.458,142029.715175
1732017600000,4.459,4.535,4.454,4.47,302503.957614
1732021200000,4.47,4.473,4.365,4.367,385356.354989
1732024800000,4.368,4.444,4.359,4.407,342578.14958
1732028400000,4.408,4.456,4.405,4.448,172820.256365
1732032000000,4.449,4.449,4.399,4.406,180349.194833
1732035600000,4.408,4.448,4.393,4.423,127396.704778
1732039200000,4.423,4.507,4.418,4.502,296069.6622
1732042800000,4.503,4.531,4.448,4.458,154439.565616
1732046400000,4.459,4.484,4.325,4.365,343192.781366
1732050000000,4.365,4.368,4.287,4.355,254362.108697
1732053600000,4.357,4.387,4.3,4.382,164330.672678
1732057200000,4.38,4.44,4.371,4.432,134914.16151
1732060800000,4.431,4.434,4.371,4.385,106369.100501
1732064400000,4.384,4.422,4.336,4.357,169729.707579
1732068000000,4.358,4.379,4.323,4.332,154548.825295
1732071600000,4.334,4.336,4.23,4.313,551212.56183
1732075200000,4.312,4.319,4.266,4.311,187954.799491
1732078800000,4.311,4.358,4.284,4.349,129569.215163
1732082400000,4.349,4.384,4.315,4.327,157706.304864
1732086000000,4.325,4.354,4.314,4.347,93400.918525
1732089600000,4.346,4.409,4.337,4.395,191546.626539
1732093200000,4.395,4.478,4.376,4.448,433886.321421
1732096800000,4.448,4.455,4.4,4.402,162588.108203
1732100400000,4.402,4.403,4.337,4.362,253526.417063
1732104000000,4.361,4.378,4.302,4.33,275822.89833
1732107600000,4.33,4.474,4.305,4.46,1068351.281787
1732111200000,4.46,4.53,4.411,4.434,937281.468064
1732114800000,4.437,4.453,4.398,4.435,603642.244595
1732118400000,4.434,4.448,4.281,4.322,895796.325664
1732122000000,4.318,4.343,4.22,4.222,435175.569908
1732125600000,4.223,4.226,4.136,4.187,682702.142714
1732129200000,4.186,4.19,4.118,4.17,173774.098154
1732132800000,4.169,4.256,4.138,4.236,211958.573278
1732136400000,4.235,4.263,4.219,4.247,114897.683984
1732140000000,4.248,4.288,4.24,4.264,113644.085327
1732143600000,4.262,4.275,4.229,4.244,238754.772773
1732147200000,4.245,4.323,4.235,4.28,264723.398749
1732150800000,4.28,4.297,4.246,4.247,139929.972769
1732154400000,4.245,4.246,4.074,4.139,729779.859906
1732158000000,4.139,4.266,4.123,4.219,494132.288201
1732161600000,4.22,4.386,4.22,4.358,574382.79994
1732165200000,4.358,4.426,4.335,4.351,562239.606683
1732168800000,4.351,4.516,4.327,4.495,989195.444098
1732172400000,4.492,4.524,4.448,4.485,411246.676375
1732176000000,4.486,4.521,4.459,4.509,407082.412303
1732179600000,4.509,4.516,4.441,4.446,273487.824694
1732183200000,4.446,4.472,4.405,4.445,328154.384412
1732186800000,4.445,4.592,4.442,4.551,797579.211548
1732190400000,4.551,4.667,4.55,4.57,976164.48547
1732194000000,4.572,4.618,4.569,4.574,437369.378831
1732197600000,4.576,4.63,4.515,4.539,531256.480536
1732201200000,4.54,4.541,4.425,4.473,571118.719759
1732204800000,4.475,4.542,4.462,4.488,295935.271141
1732208400000,4.488,4.524,4.466,4.517,196366.945329
1732212000000,4.516,4.54,4.478,4.538,162719.327524
1732215600000,4.537,4.551,4.48,4.494,226786.359695
1732219200000,4.495,4.524,4.472,4.492,104252.507923
1732222800000,4.492,4.508,4.456,4.506,263165.568069
1732226400000,4.508,4.558,4.506,4.555,96391.114537
1732230000000,4.556,4.56,4.527,4.529,156078.471585
1732233600000,4.53,4.562,4.455,4.484,299282.298427
1732237200000,4.486,4.624,4.465,4.604,607131.506387
1732240800000,4.603,4.675,4.578,4.634,590515.816326
1732244400000,4.633,4.683,4.62,4.649,458707.55983
1732248000000,4.648,4.747,4.648,4.71,600834.507045
1732251600000,4.708,4.732,4.675,4.706,297313.319346
1732255200000,4.706,4.712,4.636,4.676,237462.982417
1732258800000,4.676,4.689,4.609,4.617,268846.533393
1732262400000,4.616,4.657,4.608,4.641,256272.89757
1732266000000,4.64,4.651,4.602,4.618,124601.924284
1732269600000,4.618,4.633,4.571,4.59,284330.481519
1732273200000,4.59,4.715,4.562,4.698,255377.02605
1732276800000,4.697,4.742,4.65,4.712,533224.544
1732280400000,4.714,4.714,4.5,4.545,1202270.739107
1732284000000,4.547,4.637,4.522,4.576,423822.09736
1732287600000,4.576,4.719,4.564,4.697,616614.501582
1732291200000,4.696,4.785,4.672,4.711,973630.174882
1732294800000,4.709,4.764,4.688,4.724,285129.653879
1732298400000,4.728,4.757,4.656,4.674,211417.297208
1732302000000,4.673,4.749,4.651,4.731,205881.425937
1732305600000,4.728,4.804,4.71,4.789,297970.655392
1732309200000,4.788,4.911,4.762,4.824,640805.575121
1732312800000,4.823,4.843,4.757,4.766,338610.216385
1732316400000,4.767,4.967,4.766,4.931,664159.041697
1732320000000,4.933,4.984,4.866,4.924,900940.278845
1732323600000,4.926,5.126,4.921,5.036,1428443.868869
1732327200000,5.034,5.046,4.836,4.869,1075014.889599
1732330800000,4.871,4.959,4.859,4.949,542737.390096
1732334400000,4.95,4.955,4.857,4.932,559664.446189
1732338000000,4.93,4.99,4.889,4.99,572600.207221
1732341600000,4.988,5.11,4.967,5.082,880939.613191
1732345200000,5.081,5.194,5.063,5.18,959333.493145
1732348800000,5.179,5.218,5.096,5.187,973953.517845
1732352400000,5.187,5.202,5.111,5.134,598481.352107
1732356000000,5.135,5.184,5.1,5.119,439327.729929
1732359600000,5.12,5.213,5.116,5.21,313823.996933
1732363200000,5.209,5.298,5.16,5.198,870116.4811
1732366800000,5.198,5.388,5.176,5.291,979471.072649
1732370400000,5.29,5.342,5.264,5.32,750698.671313
1732374000000,5.321,5.453,5.259,5.395,1261114.836291
1732377600000,5.396,5.678,5.182,5.434,4013729.778981
1732381200000,5.435,5.557,5.273,5.552,1345314.172804
1732384800000,5.553,5.622,5.438,5.475,1152415.129783
1732388400000,5.477,5.559,5.415,5.52,468551.082265
1732392000000,5.52,5.525,5.356,5.463,631878.836054
1732395600000,5.463,5.61,5.455,5.555,461192.25427
1732399200000,5.555,5.582,5.464,5.504,314443.806801
1732402800000,5.504,5.526,5.331,5.365,591920.610915
1732406400000,5.366,5.668,5.338,5.633,1178468.221496
1732410000000,5.634,5.649,5.521,5.552,464668.063284
1732413600000,5.55,5.92,5.547,5.818,1983234.656649
1732417200000,5.82,6.137,5.785,5.996,2359228.929555
1732420800000,5.997,6.109,5.835,5.938,1954297.749814
1732424400000,5.937,5.964,5.809,5.86,832603.257128
1732428000000,5.859,5.916,5.776,5.862,642112.63197
1732431600000,5.86,5.95,5.818,5.909,462737.371529
1732435200000,5.91,5.999,5.688,5.713,2500371.228016
1732438800000,5.712,5.773,5.67,5.739,825570.831168
1732442400000,5.742,5.805,5.637,5.724,608738.753712
1732446000000,5.719,5.76,5.501,5.503,1434882.036087
1732449600000,5.504,5.59,5.177,5.328,2706286.967984
1732453200000,5.328,5.49,5.29,5.431,1250724.548651
1732456800000,5.43,5.439,5.3,5.416,1044525.45736
1732460400000,5.414,5.434,5.228,5.237,960261.440622
1732464000000,5.237,5.445,5.208,5.376,1166104.444858
1732467600000,5.375,5.457,5.302,5.434,607358.279831
1732471200000,5.433,5.526,5.425,5.507,413620.876376
1732474800000,5.505,5.509,5.429,5.442,239016.36126
1732478400000,5.442,5.598,5.424,5.584,442308.527535
1732482000000,5.583,5.711,5.542,5.675,398656.705488
1732485600000,5.677,5.779,5.641,5.735,429931.07501
1732489200000,5.735,5.775,5.657,5.724,521245.455989
1732492800000,5.724,5.743,5.572,5.589,756756.064713
1732496400000,5.589,5.6,5.4,5.449,721266.049149
1732500000000,5.447,5.55,5.447,5.503,343066.105052
1732503600000,5.504,5.628,5.504,5.595,401153.358583
1732507200000,5.596,5.676,5.579,5.59,514417.665302
1732510800000,5.591,5.651,5.584,5.622,331982.277441
1732514400000,5.619,5.626,5.517,5.537,481094.271892
1732518000000,5.536,5.678,5.5,5.625,447121.572257
1732521600000,5.625,5.712,5.616,5.688,424713.669532
1732525200000,5.687,5.836,5.687,5.782,666599.358418
1732528800000,5.781,5.861,5.718,5.821,691756.114766
1732532400000,5.819,5.833,5.694,5.716,557622.577821
1732536000000,5.714,5.802,5.685,5.703,445683.948469
1732539600000,5.702,5.75,5.555,5.609,633180.499291
1732543200000,5.609,5.693,5.436,5.443,909331.293546
1732546800000,5.444,5.656,5.365,5.599,1238325.312243
1732550400000,5.601,5.689,5.555,5.643,616351.166661
1732554000000,5.645,5.647,5.477,5.553,438854.363213
1732557600000,5.554,5.706,5.548,5.622,322294.453909
1732561200000,5.624,5.754,5.582,5.715,502180.102082
1732564800000,5.718,5.758,5.626,5.674,310235.919337
1732568400000,5.675,5.7,5.467,5.546,395075.801059
1732572000000,5.542,5.595,5.351,5.552,538973.159236
1732575600000,5.554,5.56,5.435,5.457,284958.216622
1732579200000,5.454,5.599,5.411,5.481,531508.711941
1732582800000,5.48,5.647,5.478,5.634,373779.660372
1732586400000,5.634,5.67,5.605,5.62,353689.975492
1732590000000,5.619,5.619,5.522,5.578,224169.822812
1732593600000,5.575,5.628,5.507,5.595,190389.992127
1732597200000,5.596,5.738,5.58,5.724,517597.312037
1732600800000,5.721,5.765,5.633,5.651,628314.512723
1732604400000,5.653,5.655,5.541,5.627,519133.392456
1732608000000,5.625,5.654,5.419,5.482,999403.509731
1732611600000,5.483,5.582,5.428,5.523,483368.196922
1732615200000,5.526,5.552,5.298,5.307,951707.809468
1732618800000,5.306,5.396,5.2,5.303,1482839.99222
1732622400000,5.302,5.359,5.201,5.246,553049.40579
1732626000000,5.243,5.355,5.209,5.283,338842.099728
1732629600000,5.283,5.409,5.208,5.357,558290.41159
1732633200000,5.358,5.38,5.234,5.255,527412.241674
1732636800000,5.256,5.444,5.22,5.389,660377.448465
1732640400000,5.392,5.418,5.346,5.378,286640.130828
1732644000000,5.374,5.379,5.157,5.2,364169.111168
1732647600000,5.201,5.266,5.173,5.263,358165.720796
1732651200000,5.264,5.444,5.254,5.389,305322.517398
1732654800000,5.387,5.447,5.345,5.37,233627.323688
1732658400000,5.369,5.449,5.357,5.386,206731.262569
1732662000000,5.387,5.44,5.368,5.433,179808.73056
1732665600000,5.435,5.51,5.305,5.313,622488.04979
1732669200000,5.312,5.416,5.291,5.391,535883.712476
1732672800000,5.392,5.414,5.308,5.395,501848.342212
1732676400000,5.394,5.425,5.351,5.367,289304.575867
1732680000000,5.362,5.513,5.361,5.449,382849.050206
1732683600000,5.447,5.498,5.382,5.447,272467.10146
1732687200000,5.448,5.547,5.43,5.487,558084.398379
1732690800000,5.487,5.542,5.471,5.532,326731.058977
1732694400000,5.532,5.533,5.471,5.478,198117.971378
1732698000000,5.478,5.491,5.403,5.483,285462.199131
1732701600000,5.484,5.627,5.484,5.557,467727.326625
1732705200000,5.558,5.57,5.48,5.508,229532.12438
1732708800000,5.507,5.518,5.348,5.421,644805.729319
1732712400000,5.423,5.551,5.405,5.55,442914.985352
1732716000000,5.55,5.58,5.504,5.569,704078.040927
1732719600000,5.569,5.666,5.532,5.633,656867.499321
1732723200000,5.632,5.668,5.581,5.622,662077.979284
1732726800000,5.622,5.643,5.564,5.619,303673.657007
1732730400000,5.618,5.653,5.593,5.629,125075.032771
1732734000000,5.629,5.689,5.618,5.66,165030.750712
1732737600000,5.659,5.84,5.658,5.723,1283974.817968
1732741200000,5.726,5.754,5.685,5.741,272719.551695
1732744800000,5.742,5.875,5.741,5.759,566742.663708
1732748400000,5.76,5.844,5.76,5.809,515977.025162
1732752000000,5.81,5.82,5.72,5.811,613488.069048
1732755600000,5.812,5.894,5.76,5.851,538856.216529
1732759200000,5.852,5.863,5.702,5.716,452493.064441
1732762800000,5.719,5.743,5.64,5.698,688347.725614
1732766400000,5.697,5.791,5.685,5.745,367571.815577
1732770000000,5.744,5.776,5.704,5.729,139563.759924
1732773600000,5.731,5.762,5.676,5.731,235946.138361
1732777200000,5.734,5.751,5.642,5.662,218741.111632
1732780800000,5.663,5.719,5.608,5.695,314517.823387
1732784400000,5.696,5.704,5.604,5.606,185475.198334
1732788000000,5.607,5.619,5.548,5.567,352235.212714
1732791600000,5.565,5.682,5.529,5.648,336130.92745
1732795200000,5.648,5.718,5.635,5.706,249508.17625
1732798800000,5.708,5.708,5.626,5.651,211149.872789
1732802400000,5.65,5.73,5.627,5.653,279763.328209
1732806000000,5.653,5.676,5.512,5.536,428847.518521
1732809600000,5.537,5.625,5.532,5.562,413300.980339
1732813200000,5.565,5.7,5.564,5.629,255600.220647
1732816800000,5.633,5.766,5.631,5.743,167953.813074
1732820400000,5.741,5.758,5.712,5.747,136054.47079
1732824000000,5.748,5.769,5.699,5.721,119011.837062
1732827600000,5.721,5.796,5.721,5.745,150556.063175
1732831200000,5.741,5.797,5.729,5.797,120923.558917
1732834800000,5.796,5.841,5.757,5.81,408413.415557
1732838400000,5.809,5.85,5.732,5.741,422930.790369
1732842000000,5.742,5.812,5.736,5.785,207331.688803
1732845600000,5.784,5.849,5.783,5.797,267822.518122
1732849200000,5.796,5.797,5.727,5.735,315646.380039
1732852800000,5.736,5.742,5.682,5.718,278792.76559
1732856400000,5.718,5.727,5.675,5.677,199027.586406
1732860000000,5.679,5.708,5.662,5.695,165216.558974
1732863600000,5.697,5.709,5.624,5.633,197819.871937
1732867200000,5.634,5.685,5.634,5.677,120679.562051
1732870800000,5.677,5.729,5.673,5.721,146462.051457
1732874400000,5.723,5.842,5.715,5.803,540835.575237
1732878000000,5.805,5.877,5.805,5.834,679816.60752
1732881600000,5.834,5.922,5.832,5.86,591900.476867
1732885200000,5.86,5.947,5.837,5.929,560649.412498
1732888800000,5.93,6.036,5.925,6.03,758756.243266
1732892400000,6.03,6.119,5.957,5.994,1097636.639671
1732896000000,5.994,6.043,5.923,5.962,469411.03876
1732899600000,5.963,6.045,5.933,5.98,323013.177119
1732903200000,5.982,6.025,5.966,5.994,191926.410925
1732906800000,5.995,6.051,5.951,6.034,172658.508884
1732910400000,6.035,6.059,6.025,6.034,123184.514006
1732914000000,6.035,6.165,6.002,6.154,401789.833887
1732917600000,6.154,6.168,6.075,6.082,300543.148243
1732921200000,6.081,6.164,6.058,6.139,285780.176249
1732924800000,6.136,6.247,6.095,6.133,774056.709943
1732928400000,6.132,6.277,6.063,6.196,639031.745367
1732932000000,6.196,6.263,6.138,6.186,384312.232609
1732935600000,6.186,6.234,6.114,6.141,320187.767231
1732939200000,6.139,6.186,6.117,6.153,309581.608014
1732942800000,6.155,6.181,6.125,6.162,195610.01335
1732946400000,6.161,6.177,6.086,6.089,513359.558528
1732950000000,6.089,6.193,6.078,6.172,383005.368085
1732953600000,6.172,6.273,6.165,6.222,398679.471364
1732957200000,6.217,6.249,6.17,6.239,229722.286123
1732960800000,6.24,6.252,6.096,6.111,486230.932404
1732964400000,6.112,6.309,6.095,6.263,644772.794212
1732968000000,6.262,6.416,6.241,6.368,653944.46012
1732971600000,6.366,6.471,6.312,6.4,594532.815829
1732975200000,6.397,6.564,6.394,6.444,961046.348775
1732978800000,6.445,6.647,6.426,6.625,1078888.225073
1732982400000,6.626,6.672,6.497,6.559,942969.839718
1732986000000,6.559,6.658,6.536,6.638,500044.888449
1732989600000,6.638,6.93,6.631,6.916,889950.424457
1732993200000,6.917,7.058,6.87,6.966,1109384.174695
1732996800000,6.966,7.241,6.943,7.226,1033483.508405
1733000400000,7.229,7.238,7.088,7.206,827321.883051
1733004000000,7.206,7.324,7.047,7.101,1056868.057142
1733007600000,7.103,7.159,7.023,7.073,797090.215567
1733011200000,7.071,7.089,6.884,6.896,900093.682881
1733014800000,6.897,6.909,6.704,6.771,1091399.84393
1733018400000,6.773,6.792,6.645,6.675,751969.62208
1733022000000,6.677,6.838,6.671,6.805,753616.813475
1733025600000,6.805,6.897,6.765,6.884,499132.933718
1733029200000,6.883,6.971,6.848,6.858,466264.251299
1733032800000,6.86,6.916,6.836,6.847,240670.368185
1733036400000,6.847,6.852,6.754,6.766,237533.687302
1733040000000,6.768,6.865,6.736,6.846,554669.737771
1733043600000,6.846,6.916,6.82,6.867,297486.16748
1733047200000,6.866,6.894,6.73,6.827,396235.725132
1733050800000,6.828,6.9,6.806,6.837,237568.814064
1733054400000,6.837,6.838,6.759,6.786,211671.38243
1733058000000,6.785,6.86,6.77,6.778,303016.395414
1733061600000,6.778,6.898,6.768,6.893,379619.394834
1733065200000,6.894,6.92,6.851,6.882,409979.712749
1733068800000,6.881,6.888,6.764,6.767,407270.721395
1733072400000,6.766,6.79,6.695,6.74,480086.857787
1733076000000,6.74,6.788,6.732,6.774,112494.998724
1733079600000,6.775,6.851,6.75,6.807,211972.595999
1733083200000,6.807,6.862,6.695,6.852,324003.578944
1733086800000,6.853,6.899,6.801,6.816,246667.855457
1733090400000,6.818,6.867,6.809,6.843,159162.689837
1733094000000,6.846,6.948,6.843,6.859,432819.671358
1733097600000,6.859,7.138,6.839,7.125,804203.666595
1733101200000,7.124,7.371,7.089,7.291,1765013.932552
1733104800000,7.291,7.326,7.147,7.287,707148.514947
1733108400000,7.287,7.486,7.063,7.099,1060737.008525
1733112000000,7.098,7.165,6.961,7.134,1347991.628172
1733115600000,7.134,7.27,7.125,7.251,549340.61512
1733119200000,7.253,7.266,7.07,7.222,430004.198471
1733122800000,7.223,7.23,7.017,7.056,592956.112627
1733126400000,7.056,7.136,6.682,6.751,2010502.169233
1733130000000,6.754,6.891,6.708,6.883,675504.869541
1733133600000,6.885,6.907,6.624,6.645,787609.926586
1733137200000,6.648,6.821,6.63,6.786,470838.281134
1733140800000,6.783,6.897,6.757,6.811,391467.834701
1733144400000,6.812,7.136,6.802,7.081,781485.731336
1733148000000,7.078,7.242,7.017,7.134,818528.603163
1733151600000,7.136,7.254,7.057,7.152,915450.211283
1733155200000,7.151,7.202,6.929,7.092,764631.129772
1733158800000,7.095,7.149,6.912,6.948,431562.623744
1733162400000,6.949,7.247,6.948,7.211,811763.10142
1733166000000,7.21,7.348,7.088,7.329,416611.290374
1733169600000,7.331,7.433,7.205,7.222,499912.229813
1733173200000,7.222,7.468,7.191,7.466,646711.566177
1733176800000,7.467,7.486,7.286,7.297,384195.654026
1733180400000,7.294,7.333,7.23,7.28,509871.387424
1733184000000,7.28,7.283,7.14,7.231,655773.49491
1733187600000,7.229,7.394,7.146,7.146,560180.78045
1733191200000,7.149,7.28,7.117,7.253,369383.073021
1733194800000,7.256,7.449,7.244,7.402,508011.826711
1733198400000,7.405,7.446,7.321,7.412,558863.621294
1733202000000,7.412,7.633,7.394,7.522,1108750.118441
1733205600000,7.522,7.576,7.26,7.282,649900.216253
1733209200000,7.281,7.324,7.203,7.272,941541.680674
1733212800000,7.272,7.347,7.23,7.345,742541.274223
1733216400000,7.345,7.417,7.268,7.336,482472.692703
1733220000000,7.335,7.407,7.17,7.201,519768.879098
1733223600000,7.2,7.427,7.185,7.385,554837.580508
1733227200000,7.384,7.448,7.328,7.388,504442.525553
1733230800000,7.388,7.411,6.85,6.973,1877612.188659
1733234400000,6.968,7.121,6.663,6.968,2467578.67408
1733238000000,6.967,7.076,6.942,6.999,839837.650308
1733241600000,7,7.172,6.93,6.943,1053252.923123
1733245200000,6.942,7.047,6.847,7.04,797359.658084
1733248800000,7.04,7.09,7.001,7.022,207196.794159
1733252400000,7.023,7.024,6.875,6.971,223848.933509
1733256000000,6.972,7.174,6.957,7.141,325818.06427
1733259600000,7.14,7.263,7.13,7.186,385361.148888
1733263200000,7.188,7.3,7.086,7.266,427785.379684
1733266800000,7.268,7.412,7.241,7.304,719301.866906
1733270400000,7.307,7.55,7.296,7.4,1098948.610022
1733274000000,7.401,7.58,7.361,7.545,932630.815607
1733277600000,7.544,7.593,7.397,7.477,918293.380376
1733281200000,7.476,7.83,7.475,7.731,1434449.927182
1733284800000,7.731,7.79,7.639,7.678,751595.926113
1733288400000,7.678,7.864,7.672,7.847,581059.550455
1733292000000,7.849,8.094,7.768,8.066,1327285.839605
1733295600000,8.066,8.08,7.861,7.91,787009.001661
1733299200000,7.91,7.985,7.837,7.877,629863.429363
1733302800000,7.878,7.934,7.782,7.823,455631.566593
1733306400000,7.825,7.958,7.815,7.917,612115.285888
1733310000000,7.917,8.013,7.869,7.931,532105.452336
1733313600000,7.93,8.214,7.839,8.17,1586800.478077
1733317200000,8.172,8.348,8.132,8.254,1500171.166343
1733320800000,8.256,8.278,8.02,8.056,1213251.263979
1733324400000,8.058,8.213,8,8.148,786962.134393
1733328000000,8.15,8.178,7.766,7.8,1395695.243421
1733331600000,7.804,8.111,7.791,8.079,890443.069314
1733335200000,8.082,8.392,8.025,8.188,969912.512409
1733338800000,8.186,8.314,8.101,8.167,489027.329046
1733342400000,8.169,8.258,7.942,8.033,640001.814581
1733346000000,8.039,8.204,7.94,8.195,416978.99605
1733349600000,8.193,8.425,8.152,8.211,437503.375515
1733353200000,8.208,8.236,7.964,8.085,654235.981536
1733356800000,8.087,8.192,7.924,7.956,707625.606967
1733360400000,7.956,7.956,7.635,7.713,1549560.246281
1733364000000,7.711,8.046,7.707,7.898,850723.08535
1733367600000,7.896,8.06,7.811,7.894,1105613.626945
1733371200000,7.894,8.284,7.837,8.103,919914.624067
1733374800000,8.102,8.125,7.912,7.992,557288.424389
1733378400000,7.995,8.163,7.981,8.101,653314.476526
1733382000000,8.101,8.218,8.084,8.11,484217.384869
1733385600000,8.113,8.141,8.04,8.047,304097.780034
1733389200000,8.046,8.064,7.958,7.977,295081.691479
1733392800000,7.976,7.988,7.897,7.947,328447.803214
1733396400000,7.947,8.054,7.902,7.998,402184.930708
1733400000000,7.996,8.018,7.87,7.945,565011.34613
1733403600000,7.945,7.999,7.895,7.925,354784.853931
1733407200000,7.926,8.002,7.843,7.882,566767.07973
1733410800000,7.881,8.008,7.81,7.988,584584.061942
1733414400000,7.989,8.07,7.901,8.006,547062.781544
1733418000000,8.005,8.087,7.977,8.013,426764.255352
1733421600000,8.013,8.049,7.904,7.916,444571.285881
1733425200000,7.915,7.932,7.773,7.822,544822.22089
1733428800000,7.822,7.854,7.655,7.767,809523.939119
1733432400000,7.766,7.951,7.737,7.933,331893.678979
1733436000000,7.932,7.952,7.5,7.743,1050638.535817
1733439600000,7.743,7.839,7.561,7.691,808458.297705
1733443200000,7.692,7.894,7.646,7.868,630080.743322
1733446800000,7.866,7.988,7.844,7.916,483925.57216
1733450400000,7.916,7.96,7.83,7.928,346850.497586
1733454000000,7.928,7.937,7.83,7.919,222709.994579
1733457600000,7.918,8.02,7.893,7.999,313235.814995
1733461200000,7.999,8.009,7.93,7.958,272384.251006
1733464800000,7.957,7.996,7.886,7.931,306259.297397
1733468400000,7.931,7.964,7.885,7.917,303820.613911
1733472000000,7.917,8.041,7.912,7.924,407420.053797
1733475600000,7.925,7.94,7.733,7.837,606615.677103
1733479200000,7.841,7.88,7.672,7.799,434865.279662
1733482800000,7.798,7.839,7.738,7.784,277012.93783
1733486400000,7.785,7.927,7.607,7.657,601337.860522
1733490000000,7.656,7.857,7.59,7.791,733885.296883
1733493600000,7.79,7.97,7.713,7.969,512743.29874
1733497200000,7.967,8.152,7.908,7.998,1012599.136983
1733500800000,7.999,8.091,7.959,8.007,518171.426089
1733504400000,8.007,8.095,7.993,8.009,388528.509908
1733508000000,8.011,8.079,7.98,8.052,180230.328601
1733511600000,8.052,8.263,8.035,8.253,370432.925281
1733515200000,8.252,8.3,8.13,8.155,478266.451785
1733518800000,8.157,8.22,8.082,8.092,198805.235892
1733522400000,8.091,8.181,8.051,8.144,202637.603858
1733526000000,8.145,8.187,8.026,8.073,283135.247587
1733529600000,8.074,8.092,7.951,7.988,318227.693173
1733533200000,7.988,8.024,7.946,7.961,268631.108922
1733536800000,7.961,8.042,7.931,8.031,194033.485903
1733540400000,8.035,8.066,7.904,8.024,277232.917963
1733544000000,8.024,8.075,7.985,8.048,256916.737118
1733547600000,8.047,8.076,7.977,7.99,196007.81496
1733551200000,7.989,8.075,7.98,8.051,206295.070998
1733554800000,8.051,8.051,7.91,7.966,268420.512837
1733558400000,7.968,7.998,7.883,7.897,488080.221909
1733562000000,7.897,7.928,7.846,7.864,389004.135594
1733565600000,7.863,7.879,7.816,7.864,272716.894377
1733569200000,7.864,7.94,7.842,7.896,224115.495004
1733572800000,7.894,7.953,7.879,7.943,153897.832441
1733576400000,7.943,7.988,7.927,7.976,175474.186146
1733580000000,7.975,7.999,7.906,7.972,186062.368339
1733583600000,7.972,7.993,7.919,7.94,206167.534026
1733587200000,7.943,7.975,7.821,7.853,301350.571387
1733590800000,7.854,7.862,7.703,7.753,513094.863637
1733594400000,7.753,7.861,7.752,7.849,198242.581935
1733598000000,7.851,7.885,7.785,7.793,151522.267767
1733601600000,7.792,7.856,7.786,7.839,109151.515752
1733605200000,7.841,7.872,7.798,7.816,105662.59803
1733608800000,7.818,7.835,7.78,7.804,123708.870774
1733612400000,7.804,7.879,7.796,7.82,131892.640533
1733616000000,7.821,7.942,7.783,7.914,264627.655475
1733619600000,7.914,7.951,7.838,7.85,184786.678602
1733623200000,7.85,7.863,7.802,7.832,203382.064808
1733626800000,7.831,7.918,7.83,7.83,162549.174894
1733630400000,7.831,7.845,7.748,7.749,585750.591456
1733634000000,7.75,7.764,7.658,7.711,600959.619217
1733637600000,7.711,7.781,7.685,7.78,180298.665158
1733641200000,7.781,7.833,7.768,7.768,197423.744037
1733644800000,7.768,7.775,7.64,7.64,372197.605046
1733648400000,7.642,7.725,7.58,7.621,329923.806127
1733652000000,7.624,7.704,7.617,7.685,479311.681828
1733655600000,7.685,7.758,7.667,7.729,170787.284716
1733659200000,7.73,7.81,7.661,7.804,345200.388679
1733662800000,7.803,7.859,7.797,7.841,257720.465622
1733666400000,7.842,7.842,7.727,7.731,194425.872044
1733670000000,7.732,7.783,7.675,7.752,262881.748017
1733673600000,7.752,7.783,7.672,7.69,245568.946051
1733677200000,7.692,7.762,7.653,7.753,121742.530788
1733680800000,7.753,7.788,7.717,7.717,151628.882505
1733684400000,7.717,7.774,7.685,7.765,119802.455968
1733688000000,7.764,7.776,7.71,7.71,44939.422246
1733691600000,7.711,7.827,7.688,7.822,94241.784577
1733695200000,7.822,7.86,7.78,7.855,144094.85867
1733698800000,7.855,7.899,7.811,7.87,170139.298923
1733702400000,7.871,7.872,7.7,7.731,263571.225493
1733706000000,7.73,7.809,7.65,7.668,308884.795025
1733709600000,7.668,7.729,7.562,7.603,440237.476713
1733713200000,7.603,7.652,7.424,7.518,728687.48915
1733716800000,7.518,7.578,7.441,7.563,413020.517841
1733720400000,7.565,7.6,7.523,7.54,220911.131112
1733724000000,7.542,7.542,7.35,7.374,969920.203703
1733727600000,7.373,7.397,7.229,7.364,1319214.334914
1733731200000,7.365,7.365,7.125,7.14,762145.934513
1733734800000,7.14,7.225,7.044,7.102,1050369.668752
1733738400000,7.104,7.197,7.1,7.195,329779.050882
1733742000000,7.193,7.193,7.01,7.024,740813.27072
1733745600000,7.023,7.15,6.964,7.115,763579.525987
1733749200000,7.113,7.255,7.064,7.211,584239.048001
1733752800000,7.213,7.305,7.141,7.285,407811.017063
1733756400000,7.285,7.31,7.028,7.061,815398.382028
1733760000000,7.062,7.183,7.033,7.074,652424.63329
1733763600000,7.073,7.133,7.013,7.016,207723.283517
1733767200000,7.016,7.1,7.016,7.047,122426.024383
1733770800000,7.048,7.087,7.002,7.017,152182.078223
1733774400000,7.017,7.03,6.281,6.482,3006642.866108
1733778000000,6.484,6.491,5.405,6.137,5786827.598957
1733781600000,6.136,6.231,5.598,6.211,3132130.218333
1733785200000,6.211,6.32,6.133,6.269,772562.709228
1733788800000,6.27,6.449,6.145,6.354,1199794.794311
1733792400000,6.357,6.394,6.232,6.362,580428.624123
1733796000000,6.362,6.363,6.118,6.119,727088.21599
1733799600000,6.12,6.226,5.947,6.209,1489096.398201
1733803200000,6.209,6.256,6.065,6.25,862856.930223
1733806800000,6.251,6.34,6.212,6.33,580002.919577
1733810400000,6.329,6.392,6.289,6.359,684641.739026
1733814000000,6.36,6.366,6.267,6.335,567417.164577
1733817600000,6.334,6.379,6.267,6.375,415249.584196
1733821200000,6.373,6.439,6.331,6.37,239203.399574
1733824800000,6.369,6.476,6.368,6.432,573552.718382
1733828400000,6.431,6.438,6.309,6.348,342230.079079
1733832000000,6.348,6.36,6.084,6.119,812272.319709
1733835600000,6.124,6.267,6.116,6.209,521567.829314
1733839200000,6.211,6.323,6.162,6.2,615850.379006
1733842800000,6.201,6.241,5.86,5.871,1443461.480772
1733846400000,5.872,6.051,5.816,6.036,1273259.495315
1733850000000,6.037,6.038,5.708,5.712,793808.158741
1733853600000,5.712,5.939,5.68,5.892,553488.335023
1733857200000,5.895,6.088,5.885,6.075,218575.158328
1733860800000,6.076,6.141,6.031,6.133,208062.126031
1733864400000,6.136,6.277,6.127,6.199,388341.788398
1733868000000,6.2,6.234,6.159,6.192,208422.873664
1733871600000,6.193,6.249,6.177,6.201,213425.431576
1733875200000,6.202,6.218,6.036,6.118,470460.675671
1733878800000,6.117,6.118,5.945,5.965,471448.392904
1733882400000,5.966,6.222,5.944,6.177,466887.568132
1733886000000,6.176,6.232,6.16,6.182,293079.87109
1733889600000,6.184,6.22,6.15,6.203,213886.753235
1733893200000,6.205,6.221,6.139,6.177,186101.440351
1733896800000,6.178,6.212,6.15,6.186,111130.206841
1733900400000,6.188,6.217,6.108,6.117,291698.724979
1733904000000,6.117,6.319,6.114,6.274,424442.594582
1733907600000,6.275,6.286,6.216,6.275,283127.526383
1733911200000,6.274,6.286,6.222,6.28,261878.570996
1733914800000,6.282,6.355,6.268,6.309,289866.175079
1733918400000,6.31,6.428,6.307,6.378,434929.045645
1733922000000,6.38,6.53,6.343,6.481,869864.900292
1733925600000,6.479,6.587,6.384,6.541,662591.705853
1733929200000,6.543,6.73,6.534,6.676,933850.350757
1733932800000,6.677,6.714,6.529,6.577,764706.448748
1733936400000,6.576,6.621,6.505,6.515,251922.636207
1733940000000,6.514,6.593,6.511,6.563,170808.518582
1733943600000,6.563,6.63,6.559,6.628,131795.750261
1733947200000,6.63,6.661,6.618,6.643,106593.450842
1733950800000,6.644,6.651,6.605,6.644,160138.372299
1733954400000,6.644,6.776,6.644,6.751,345554.64688
1733958000000,6.751,6.793,6.669,6.683,251314.198504
1733961600000,6.683,6.728,6.629,6.658,274259.366119
1733965200000,6.66,6.762,6.646,6.679,259544.821999
1733968800000,6.68,6.93,6.678,6.923,452363.117683
1733972400000,6.925,7.025,6.86,6.993,584431.556136
1733976000000,6.991,7.14,6.988,7.012,507723.469763
1733979600000,7.012,7.157,7.004,7.047,330049.192925
1733983200000,7.048,7.067,6.961,6.98,670758.470032
1733986800000,6.979,6.994,6.923,6.938,370733.399268
1733990400000,6.937,7,6.937,6.976,159696.318358
1733994000000,6.978,7.04,6.905,6.905,272477.135344
1733997600000,6.908,6.916,6.812,6.838,478752.818621
1734001200000,6.84,6.846,6.736,6.792,445499.014951
1734004800000,6.794,6.92,6.794,6.904,331370.957095
1734008400000,6.904,6.976,6.778,6.843,619478.042832
1734012000000,6.841,6.921,6.788,6.901,413669.814412
1734015600000,6.901,6.935,6.809,6.88,262535.329237
1734019200000,6.879,6.969,6.838,6.909,307877.18391
1734022800000,6.906,6.964,6.888,6.925,187708.849779
1734026400000,6.923,6.93,6.835,6.853,100045.99046
1734030000000,6.853,6.903,6.648,6.67,430661.962306
1734033600000,6.667,6.823,6.664,6.803,165318.004771
1734037200000,6.805,6.818,6.708,6.713,125310.747545
1734040800000,6.714,6.72,6.615,6.691,300773.114772
1734044400000,6.692,6.741,6.653,6.734,90891.674412
1734048000000,6.735,6.799,6.693,6.725,193253.428562
1734051600000,6.726,6.726,6.567,6.649,363830.821654
1734055200000,6.651,6.827,6.636,6.748,277646.126041
1734058800000,6.747,6.792,6.722,6.735,117646.791465
1734062400000,6.736,6.751,6.614,6.666,236563.565956
1734066000000,6.665,6.735,6.638,6.646,144693.411248
1734069600000,6.642,6.693,6.564,6.564,309749.675055
1734073200000,6.565,6.644,6.515,6.595,316094.108775
1734076800000,6.598,6.663,6.572,6.651,140317.920371
1734080400000,6.649,6.67,6.574,6.626,114071.316779
1734084000000,6.627,6.688,6.582,6.674,173124.852275
1734087600000,6.672,6.783,6.67,6.694,196770.757758
1734091200000,6.694,6.817,6.694,6.784,258598.380729
1734094800000,6.785,6.792,6.654,6.724,237617.714939
1734098400000,6.724,6.797,6.671,6.785,236061.547256
1734102000000,6.787,6.855,6.597,6.605,506624.876598
1734105600000,6.604,6.782,6.595,6.752,452246.992306
1734109200000,6.751,6.77,6.677,6.732,153587.827114
1734112800000,6.731,6.782,6.689,6.704,114881.898855
1734116400000,6.709,6.739,6.682,6.719,61659.331021
1734120000000,6.721,6.825,6.718,6.761,99561.439072
1734123600000,6.759,6.761,6.657,6.664,76476.767329
1734127200000,6.665,6.677,6.595,6.627,206435.391882
1734130800000,6.626,6.758,6.613,6.752,103697.484297
1734134400000,6.752,6.796,6.679,6.72,230197.983258
1734138000000,6.72,6.85,6.717,6.785,447125.612229
1734141600000,6.786,6.796,6.737,6.753,213928.629845
1734145200000,6.756,6.771,6.693,6.712,112046.52855
1734148800000,6.713,6.729,6.663,6.71,135478.902071
1734152400000,6.708,6.776,6.697,6.761,103701.379999
1734156000000,6.76,6.815,6.75,6.776,147508.101842
1734159600000,6.775,6.776,6.733,6.743,85286.89394
1734163200000,6.742,6.8,6.742,6.768,97243.235638
1734166800000,6.77,6.77,6.706,6.733,124092.200359
1734170400000,6.732,6.737,6.667,6.7,117947.184242
1734174000000,6.698,6.709,6.637,6.649,130415.193239
1734177600000,6.647,6.664,6.535,6.544,377705.061444
1734181200000,6.542,6.566,6.418,6.443,453958.942848
1734184800000,6.445,6.548,6.439,6.523,190273.619815
1734188400000,6.523,6.542,6.48,6.506,144327.765139
1734192000000,6.504,6.511,6.405,6.489,222622.838818
1734195600000,6.49,6.493,6.348,6.367,230363.117575
1734199200000,6.366,6.395,6.282,6.296,196861.08585
1734202800000,6.295,6.362,6.291,6.352,141005.16492
1734206400000,6.353,6.384,6.261,6.274,158877.359618
1734210000000,6.277,6.374,6.277,6.364,64604.066386
1734213600000,6.366,6.428,6.359,6.403,112593.644053
1734217200000,6.406,6.456,6.388,6.433,83335.831086
1734220800000,6.433,6.435,6.35,6.382,114812.832613
1734224400000,6.382,6.507,6.377,6.497,173228.210587
1734228000000,6.494,6.522,6.465,6.477,95235.112596
1734231600000,6.479,6.489,6.413,6.416,86571.719689
1734235200000,6.417,6.529,6.41,6.48,184110.396131
1734238800000,6.479,6.539,6.47,6.475,69184.990056
1734242400000,6.477,6.489,6.43,6.431,87378.958993
1734246000000,6.434,6.456,6.316,6.372,217770.696859
1734249600000,6.371,6.527,6.365,6.523,198408.660951
1734253200000,6.52,6.537,6.464,6.518,143593.749993
1734256800000,6.517,6.544,6.468,6.472,122486.175679
1734260400000,6.472,6.521,6.467,6.502,159324.802029
1734264000000,6.503,6.585,6.479,6.571,193598.591601
1734267600000,6.57,6.678,6.515,6.633,216644.201657
1734271200000,6.635,6.787,6.635,6.76,435135.114001
1734274800000,6.764,6.779,6.668,6.679,262636.485376
1734278400000,6.678,6.704,6.655,6.664,158953.91435
1734282000000,6.665,6.665,6.609,6.617,84968.198269
1734285600000,6.62,6.635,6.59,6.615,151145.486279
1734289200000,6.616,6.665,6.616,6.626,25199.843873
1734292800000,6.627,6.648,6.576,6.584,37985.434514
1734296400000,6.582,6.588,6.444,6.454,219076.71856
1734300000000,6.45,6.596,6.407,6.579,168981.941722
1734303600000,6.583,6.764,6.577,6.737,334850.72646
1734307200000,6.736,6.908,6.692,6.897,704075.165522
1734310800000,6.894,6.945,6.836,6.853,434881.904761
1734314400000,6.853,6.857,6.729,6.74,499376.783246
1734318000000,6.739,6.763,6.625,6.669,248072.900805
1734321600000,6.669,6.749,6.651,6.734,156086.984233
1734325200000,6.733,6.761,6.683,6.743,173685.306958
1734328800000,6.74,6.762,6.642,6.665,161576.018849
1734332400000,6.664,6.723,6.646,6.695,98810.337054
1734336000000,6.692,6.7,6.602,6.616,162722.878883
1734339600000,6.616,6.64,6.578,6.583,125047.882926
1734343200000,6.584,6.604,6.547,6.588,123107.893442
1734346800000,6.587,6.604,6.469,6.494,226461.171506
1734350400000,6.493,6.533,6.464,6.48,232345.250665
1734354000000,6.48,6.552,6.447,6.474,184878.422885
1734357600000,6.475,6.576,6.463,6.48,184754.983345
1734361200000,6.482,6.583,6.451,6.557,221360.223708
1734364800000,6.557,6.776,6.556,6.732,514073.376169
1734368400000,6.734,6.83,6.697,6.726,395492.822392
1734372000000,6.728,6.799,6.688,6.797,212029.679043
1734375600000,6.799,6.802,6.646,6.678,166103.004486
1734379200000,6.679,6.723,6.616,6.636,245635.231762
1734382800000,6.638,6.694,6.622,6.682,61516.108432
1734386400000,6.685,6.705,6.596,6.613,143265.599678
1734390000000,6.614,6.643,6.529,6.531,230184.93275
1734393600000,6.532,6.546,6.4,6.411,425781.019794
1734397200000,6.409,6.518,6.399,6.505,210921.744395
1734400800000,6.503,6.544,6.49,6.503,132526.222416
1734404400000,6.501,6.534,6.493,6.514,72097.954663
1734408000000,6.513,6.513,6.402,6.452,148572.88523
1734411600000,6.452,6.488,6.421,6.479,114389.317097
1734415200000,6.478,6.486,6.403,6.435,127463.158719
1734418800000,6.434,6.48,6.398,6.421,203571.373988
1734422400000,6.421,6.493,6.415,6.435,234617.238475
1734426000000,6.435,6.594,6.419,6.584,291743.694237
1734429600000,6.584,6.644,6.542,6.605,302009.200772
1734433200000,6.604,6.661,6.563,6.597,236383.335066
1734436800000,6.596,6.642,6.538,6.591,270784.823081
1734440400000,6.593,6.644,6.53,6.591,199374.348503
1734444000000,6.592,6.599,6.441,6.533,366599.73734
1734447600000,6.532,6.535,6.319,6.356,646029.247935
1734451200000,6.356,6.448,6.295,6.431,364072.217559
1734454800000,6.431,6.603,6.421,6.556,384584.424442
1734458400000,6.555,6.567,6.404,6.407,169492.262001
1734462000000,6.408,6.451,6.364,6.426,182319.435357
1734465600000,6.426,6.474,6.411,6.43,173083.702608
1734469200000,6.431,6.449,6.358,6.408,88352.94656
1734472800000,6.409,6.423,6.285,6.323,202388.81479
1734476400000,6.319,6.319,6.213,6.289,398990.846377
1734480000000,6.29,6.341,6.208,6.266,249294.619387
1734483600000,6.266,6.341,6.209,6.222,215647.66677
1734487200000,6.222,6.297,6.189,6.249,257183.049474
1734490800000,6.249,6.278,6.165,6.178,374575.182742
1734494400000,6.177,6.185,6.062,6.133,450013.487007
1734498000000,6.131,6.176,6.093,6.106,231649.338073
1734501600000,6.106,6.151,6.018,6.076,376764.287079
1734505200000,6.076,6.125,6.065,6.09,114326.436989
1734508800000,6.09,6.113,6.042,6.089,117503.501662
1734512400000,6.091,6.185,6.088,6.151,258236.841166
1734516000000,6.151,6.164,6.113,6.152,115597.922498
1734519600000,6.151,6.203,6.149,6.194,142082.627356
1734523200000,6.194,6.197,6.023,6.059,358622.230736
1734526800000,6.057,6.117,6.028,6.081,157828.164026
1734530400000,6.081,6.127,6.04,6.047,164526.291537
1734534000000,6.046,6.109,5.992,6.065,304052.114313
1734537600000,6.064,6.116,6.018,6.083,166921.392116
1734541200000,6.084,6.136,6.003,6.11,388297.357214
1734544800000,6.111,6.191,6.085,6.184,204288.670177
1734548400000,6.185,6.2,5.913,5.915,557395.937997
1734552000000,5.914,5.968,5.515,5.707,2474724.162733
1734555600000,5.708,5.814,5.655,5.737,372166.993547
1734559200000,5.735,5.776,5.649,5.684,537309.284574
1734562800000,5.687,5.752,5.625,5.651,396441.776827
1734566400000,5.65,5.712,5.575,5.681,546390.580362
1734570000000,5.683,5.685,5.477,5.522,846173.832561
1734573600000,5.523,5.562,5.309,5.562,2067288.30106
1734577200000,5.563,5.666,5.553,5.632,448905.320185
1734580800000,5.631,5.66,5.606,5.606,198520.710746
1734584400000,5.606,5.663,5.604,5.638,204966.417777
1734588000000,5.637,5.647,5.583,5.621,162313.612263
1734591600000,5.623,5.684,5.613,5.668,249123.983992
1734595200000,5.669,5.669,5.587,5.599,159285.763689
1734598800000,5.598,5.65,5.594,5.638,102655.436425
1734602400000,5.639,5.737,5.606,5.696,292732.625519
1734606000000,5.697,5.722,5.657,5.692,157956.847964
1734609600000,5.694,5.707,5.593,5.606,211016.628906
1734613200000,5.605,5.654,5.563,5.606,193688.27073
1734616800000,5.609,5.68,5.537,5.549,312723.357378
1734620400000,5.551,5.551,5.392,5.487,935881.102828
1734624000000,5.487,5.544,5.432,5.534,317687.53858
1734627600000,5.534,5.542,5.12,5.235,1318609.329743
1734631200000,5.234,5.245,5.013,5.207,1331488.706489
1734634800000,5.209,5.23,4.971,5.081,768895.322663
1734638400000,5.082,5.132,4.911,5.088,722618.156093
1734642000000,5.088,5.226,5.056,5.166,267299.949999
1734645600000,5.166,5.218,5.125,5.194,321438.407077
1734649200000,5.196,5.196,5.08,5.085,264442.693338
1734652800000,5.086,5.191,5.013,5.155,409277.572966
1734656400000,5.154,5.188,5.114,5.145,218549.485886
1734660000000,5.148,5.321,5.142,5.289,473348.837863
1734663600000,5.289,5.294,5.227,5.237,138490.155315
1734667200000,5.239,5.274,5.196,5.199,197547.621378
1734670800000,5.201,5.224,5.103,5.117,234373.85727
1734674400000,5.117,5.177,5.012,5.063,297983.326835
1734678000000,5.064,5.208,5.057,5.105,284333.816201
1734681600000,5.105,5.111,4.738,4.79,1225631.93459
1734685200000,4.791,4.834,4.661,4.661,1236406.930477
1734688800000,4.661,4.698,4.501,4.574,1269844.64177
1734692400000,4.574,4.652,4.38,4.404,1860447.776886
1734696000000,4.404,4.709,4.39,4.664,1099796.514418
1734699600000,4.665,4.746,4.568,4.728,991694.445016
1734703200000,4.727,4.782,4.678,4.743,536457.865462
1734706800000,4.748,4.895,4.746,4.857,582655.479583
1734710400000,4.857,4.972,4.821,4.909,733948.815826
1734714000000,4.912,5.048,4.89,5.029,495348.780741
1734717600000,5.029,5.045,4.994,5.023,171616.26377
1734721200000,5.02,5.163,5.019,5.119,175841.106815
1734724800000,5.119,5.143,5.074,5.094,177226.660304
1734728400000,5.095,5.128,5.009,5.123,178081.896272
1734732000000,5.125,5.275,5.1,5.251,213653.730136
1734735600000,5.251,5.278,5.196,5.209,378020.913794
1734739200000,5.207,5.226,5.151,5.168,266600.837806
1734742800000,5.168,5.256,5.151,5.169,367296.71066
1734746400000,5.168,5.213,5.128,5.174,247612.054029
1734750000000,5.175,5.192,5.147,5.174,90734.260942
1734753600000,5.174,5.225,5.155,5.22,143414.911553
1734757200000,5.221,5.417,5.22,5.408,428512.450262
1734760800000,5.409,5.424,5.345,5.396,924893.124754
1734764400000,5.397,5.48,5.365,5.412,488214.844651
1734768000000,5.413,5.433,5.287,5.304,431356.599877
1734771600000,5.308,5.326,5.239,5.297,654623.241355
1734775200000,5.296,5.332,5.247,5.278,162668.148663
1734778800000,5.279,5.289,5.186,5.243,259351.617421
1734782400000,5.241,5.246,5.067,5.069,611618.529939
1734786000000,5.07,5.11,4.885,5.028,1158893.97283
1734789600000,5.026,5.08,4.988,4.996,380655.502659
1734793200000,4.999,5.087,4.999,5.058,169943.291276
1734796800000,5.059,5.081,4.961,4.988,873459.481264
1734800400000,4.988,5.033,4.93,5.01,640551.975135
1734804000000,5.011,5.028,4.909,4.932,192656.20079
1734807600000,4.934,4.953,4.861,4.95,386763.406831
1734811200000,4.95,5.022,4.921,4.952,156562.856484
1734814800000,4.955,4.976,4.874,4.902,222183.0188
1734818400000,4.901,4.947,4.848,4.915,176761.785287
1734822000000,4.912,4.93,4.858,4.919,198378.326506
1734825600000,4.921,4.965,4.875,4.921,210263.404253
1734829200000,4.92,4.971,4.863,4.924,367620.143925
1734832800000,4.921,4.946,4.873,4.896,232928.342972
1734836400000,4.897,4.938,4.824,4.928,224551.466457
1734840000000,4.926,4.939,4.819,4.823,234843.188579
1734843600000,4.823,4.882,4.764,4.866,310222.872624
1734847200000,4.868,4.923,4.845,4.915,262354.563849
1734850800000,4.915,4.935,4.865,4.888,219758.4518
1734854400000,4.89,4.985,4.889,4.966,319404.600912
1734858000000,4.967,5.062,4.934,5.006,348974.975858
1734861600000,5.006,5.036,4.996,4.996,164011.599062
1734865200000,4.997,5.015,4.968,4.981,177131.86697
1734868800000,4.98,5.024,4.95,4.965,187295.92678
1734872400000,4.967,5.013,4.928,4.981,217414.548878
1734876000000,4.979,4.995,4.799,4.821,523858.597175
1734879600000,4.822,4.887,4.821,4.853,263992.302904
1734883200000,4.854,4.95,4.813,4.925,431368.00267
1734886800000,4.926,4.942,4.889,4.9,122364.926841
1734890400000,4.902,4.961,4.871,4.892,89139.469835
1734894000000,4.894,4.903,4.742,4.76,130970.404837
1734897600000,4.759,4.842,4.69,4.84,242966.842689
1734901200000,4.842,4.907,4.82,4.863,149461.500661
1734904800000,4.86,4.885,4.763,4.881,189433.119531
1734908400000,4.879,4.915,4.82,4.832,158274.959443
1734912000000,4.833,4.839,4.75,4.792,202766.253117
1734915600000,4.79,4.869,4.72,4.785,413944.592128
1734919200000,4.788,4.839,4.737,4.831,169258.329982
1734922800000,4.831,5.012,4.809,4.994,492269.741844
1734926400000,4.994,5.054,4.944,4.958,308485.461407
1734930000000,4.956,4.965,4.893,4.93,171582.802008
1734933600000,4.932,4.939,4.808,4.834,305538.408591
1734937200000,4.836,4.911,4.823,4.895,295143.830065
1734940800000,4.896,4.938,4.869,4.937,454528.315495
1734944400000,4.934,5.011,4.931,4.95,208511.124384
1734948000000,4.951,4.989,4.929,4.962,121721.851592
1734951600000,4.962,4.971,4.907,4.926,154863.801244
1734955200000,4.926,4.999,4.916,4.969,167835.868505
1734958800000,4.969,4.978,4.861,4.889,316579.552376
1734962400000,4.889,4.987,4.838,4.893,395214.793273
1734966000000,4.891,4.904,4.831,4.847,280530.411021
1734969600000,4.847,5.007,4.842,4.987,330706.036146
1734973200000,4.987,4.999,4.936,4.948,239395.698735
1734976800000,4.947,4.962,4.867,4.878,94604.646277
1734980400000,4.876,5.001,4.875,4.966,162934.560771
1734984000000,4.965,5.168,4.964,5.152,452711.282959
1734987600000,5.153,5.259,5.152,5.176,400878.091323
1734991200000,5.178,5.25,5.165,5.231,416291.812837
1734994800000,5.233,5.25,5.16,5.196,261364.858015
1734998400000,5.194,5.215,5.13,5.169,351621.30101
1735002000000,5.168,5.186,5.075,5.082,329491.083117
1735005600000,5.083,5.122,5.039,5.111,414675.267267
1735009200000,5.111,5.175,5.109,5.173,231648.971342
1735012800000,5.173,5.21,5.154,5.182,261653.18982
1735016400000,5.182,5.203,5.167,5.187,148756.147113
1735020000000,5.187,5.192,5.114,5.126,193428.168604
1735023600000,5.126,5.17,5.104,5.158,196947.942617
1735027200000,5.16,5.272,5.14,5.256,324344.609813
1735030800000,5.255,5.26,5.176,5.176,235919.590528
1735034400000,5.177,5.193,5.145,5.16,192780.741705
1735038000000,5.161,5.219,5.141,5.21,184832.868117
1735041600000,5.209,5.218,5.16,5.188,111684.37118
1735045200000,5.188,5.364,5.176,5.362,558340.043862
1735048800000,5.363,5.392,5.32,5.374,644120.364419
1735052400000,5.374,5.493,5.364,5.462,756984.543845
1735056000000,5.463,5.565,5.46,5.513,833058.183083
1735059600000,5.515,5.57,5.478,5.49,330850.227076
1735063200000,5.489,5.531,5.452,5.48,204545.860568
1735066800000,5.48,5.488,5.426,5.429,94746.398278
1735070400000,5.431,5.444,5.365,5.384,289071.892786
1735074000000,5.383,5.465,5.382,5.451,103141.473085
1735077600000,5.452,5.471,5.42,5.44,127358.548975
1735081200000,5.443,5.482,5.431,5.463,157455.743962
1735084800000,5.46,5.472,5.42,5.446,126591.492512
1735088400000,5.446,5.477,5.439,5.467,131354.283678
1735092000000,5.466,5.47,5.388,5.438,197505.540188
1735095600000,5.434,5.442,5.379,5.403,189251.277262
1735099200000,5.404,5.429,5.378,5.393,128248.572696
1735102800000,5.394,5.427,5.381,5.386,74159.898988
1735106400000,5.388,5.428,5.354,5.36,224806.14879
1735110000000,5.36,5.398,5.318,5.327,177050.700424
1735113600000,5.33,5.371,5.314,5.363,130934.837251
1735117200000,5.363,5.404,5.356,5.398,108213.560997
1735120800000,5.398,5.5,5.365,5.383,322860.676376
1735124400000,5.382,5.417,5.304,5.316,253089.367932
1735128000000,5.317,5.372,5.275,5.349,261845.475698
1735131600000,5.352,5.394,5.347,5.372,92320.079418
1735135200000,5.37,5.401,5.339,5.351,116711.992323
1735138800000,5.353,5.357,5.28,5.306,178652.828711
1735142400000,5.309,5.332,5.226,5.264,248678.587876
1735146000000,5.263,5.302,5.249,5.298,107990.100124
1735149600000,5.298,5.314,5.28,5.293,52951.325478
1735153200000,5.294,5.332,5.291,5.321,48645.452399
1735156800000,5.322,5.341,5.266,5.281,53513.890376
1735160400000,5.282,5.313,5.243,5.272,75543.72305
1735164000000,5.273,5.31,5.253,5.275,55089.326326
1735167600000,5.275,5.312,5.271,5.297,78218.151593
1735171200000,5.298,5.364,5.26,5.274,262935.121777
1735174800000,5.274,5.307,5.24,5.266,133140.73236
1735178400000,5.268,5.305,5.216,5.22,203969.270275
1735182000000,5.219,5.241,5.197,5.209,202229.819536
1735185600000,5.208,5.208,5.154,5.17,245641.883659
1735189200000,5.171,5.178,5.14,5.146,140190.678033
1735192800000,5.146,5.154,5.11,5.14,141441.142839
1735196400000,5.138,5.163,5.101,5.118,191173.781943
1735200000000,5.118,5.132,4.955,5.025,912101.266871
1735203600000,5.026,5.049,5.005,5.027,233234.388118
1735207200000,5.025,5.051,4.992,5.031,187748.784473
1735210800000,5.031,5.084,5.031,5.036,207668.583659
1735214400000,5.036,5.071,5.015,5.018,173477.495627
1735218000000,5.018,5.029,4.977,5.017,155862.359904
1735221600000,5.015,5.068,4.981,4.999,242996.545777
1735225200000,4.998,5.035,4.973,4.991,187619.419279
1735228800000,4.99,5.048,4.985,5.033,167781.18142
1735232400000,5.033,5.035,4.906,4.969,219774.831857
1735236000000,4.969,5.005,4.944,4.997,111968.019839
1735239600000,5,5.007,4.955,5.001,67658.210484
1735243200000,4.997,5.001,4.946,4.969,60982.781134
1735246800000,4.968,4.995,4.925,4.987,62919.485956
1735250400000,4.988,5.026,4.987,5,118478.292118
1735254000000,4.998,5.002,4.946,4.978,79686.407611
1735257600000,4.978,5.005,4.944,4.999,87729.541927
1735261200000,4.999,5.055,4.981,5.026,146946.107288
1735264800000,5.025,5.064,5.002,5.017,124897.229121
1735268400000,5.016,5.053,5.004,5.037,90187.449362
1735272000000,5.037,5.068,5.011,5.019,87093.173548
1735275600000,5.021,5.028,4.98,5.026,97690.702094
1735279200000,5.027,5.104,5.023,5.102,127558.176186
1735282800000,5.1,5.105,4.933,4.972,243506.682801
1735286400000,4.976,5.076,4.976,5.031,163510.271632
1735290000000,5.029,5.201,5.027,5.158,649157.467674
1735293600000,5.159,5.165,5.058,5.125,390431.963161
1735297200000,5.125,5.168,5.104,5.152,117665.465501
1735300800000,5.153,5.16,5.112,5.12,98821.047081
1735304400000,5.122,5.126,5.06,5.068,372371.407416
1735308000000,5.066,5.076,4.965,5.008,335869.78984
1735311600000,5.01,5.01,4.913,4.931,363489.494554
1735315200000,4.932,4.955,4.892,4.954,303151.913379
1735318800000,4.954,5.054,4.92,5.051,353153.349614
1735322400000,5.052,5.058,5.014,5.027,82601.280031
1735326000000,5.027,5.031,4.995,5.016,36116.016926
1735329600000,5.014,5.02,4.967,4.998,45523.432252
1735333200000,5,5.005,4.938,4.943,34801.633202
1735336800000,4.943,4.975,4.921,4.931,60323.799971
1735340400000,4.929,4.954,4.916,4.952,75565.819094
1735344000000,4.953,4.97,4.942,4.959,62803.697757
1735347600000,4.963,4.967,4.907,4.945,81697.900528
1735351200000,4.944,4.992,4.942,4.965,92312.803336
1735354800000,4.965,5.027,4.962,5.02,157949.883362
1735358400000,5.02,5.022,4.983,5.004,51994.911926
1735362000000,5.005,5.075,5.005,5.057,192200.306443
1735365600000,5.057,5.062,4.986,5.004,124090.670921
1735369200000,5.005,5.026,4.958,4.972,159319.847076
1735372800000,4.972,5.008,4.963,4.998,84862.363896
1735376400000,4.998,5.018,4.982,5.007,88671.328051
1735380000000,5.008,5.012,4.97,4.979,52352.563897
1735383600000,4.979,5.017,4.979,5.007,73015.195008
1735387200000,5.004,5.016,4.964,4.971,65434.228114
1735390800000,4.97,5.064,4.969,5.043,193324.929053
1735394400000,5.043,5.114,5.028,5.041,477880.898966
1735398000000,5.044,5.094,5.041,5.049,118932.804994
1735401600000,5.051,5.195,5.045,5.184,185269.227661
1735405200000,5.186,5.26,5.164,5.213,291125.741066
1735408800000,5.214,5.222,5.144,5.147,197780.090988
1735412400000,5.15,5.18,5.14,5.16,34731.053995
1735416000000,5.161,5.192,5.138,5.19,65448.26056
1735419600000,5.192,5.263,5.177,5.257,124329.369606
1735423200000,5.258,5.28,5.227,5.249,175423.957813
1735426800000,5.25,5.25,5.198,5.213,117117.437769
1735430400000,5.212,5.239,5.185,5.19,110085.427883
1735434000000,5.191,5.211,5.158,5.162,101730.859009
1735437600000,5.164,5.198,5.158,5.182,97324.960719
1735441200000,5.183,5.199,5.161,5.195,72511.471682
1735444800000,5.196,5.207,5.158,5.172,92944.899959
1735448400000,5.174,5.183,5.165,5.167,87817.916918
1735452000000,5.168,5.185,5.131,5.18,99669.419851
1735455600000,5.179,5.204,5.166,5.2,110977.573884
1735459200000,5.199,5.203,5.146,5.155,90012.326283
1735462800000,5.157,5.168,5.138,5.154,65795.862239
1735466400000,5.153,5.159,5.124,5.135,106300.084526
1735470000000,5.135,5.147,5.117,5.128,102107.578711
1735473600000,5.129,5.144,5.094,5.109,173773.421191
1735477200000,5.109,5.142,5.102,5.137,63339.819358
1735480800000,5.138,5.172,5.057,5.091,332984.651625
1735484400000,5.09,5.113,5.072,5.089,74188.871862
1735488000000,5.089,5.09,5.018,5.031,133855.921322
1735491600000,5.031,5.044,4.996,5.013,116866.20109
1735495200000,5.011,5.012,4.98,5,74831.429903
1735498800000,4.999,5.006,4.984,4.997,65616.31515
1735502400000,4.996,4.996,4.936,4.989,92372.582382
1735506000000,4.988,5.001,4.949,4.963,40639.970763
1735509600000,4.96,4.973,4.916,4.939,121150.648624
1735513200000,4.939,4.969,4.918,4.956,81392.773773
1735516800000,4.956,5.032,4.94,5.022,138539.84489
1735520400000,5.021,5.187,5.011,5.106,347853.888061
1735524000000,5.105,5.125,5.058,5.083,117073.699126
1735527600000,5.08,5.106,5.027,5.03,92622.978826
1735531200000,5.03,5.06,4.995,4.996,192512.796255
1735534800000,4.995,5.04,4.988,5.037,148078.96965
1735538400000,5.037,5.114,5.037,5.072,170807.713616
1735542000000,5.074,5.079,5.006,5.047,181419.10582
1735545600000,5.047,5.087,5.023,5.043,65782.031503
1735549200000,5.044,5.056,5.012,5.036,135796.118378
1735552800000,5.037,5.044,4.989,4.994,93718.955345
1735556400000,4.994,5.02,4.963,5.01,125560.840265
1735560000000,5.009,5.069,4.998,5.009,92953.541623
1735563600000,5.012,5.026,4.856,4.862,518171.419329
1735567200000,4.861,4.9,4.782,4.819,432108.041428
1735570800000,4.82,4.859,4.78,4.815,275235.867749
1735574400000,4.815,4.834,4.752,4.785,169039.12754
1735578000000,4.786,4.981,4.778,4.964,316711.52296
1735581600000,4.962,5.046,4.941,5.035,203862.79064
1735585200000,5.036,5.05,5.004,5.023,57703.322369
1735588800000,5.025,5.092,5.025,5.042,140494.049549
1735592400000,5.043,5.045,4.862,4.87,311999.192106
1735596000000,4.868,4.955,4.866,4.926,135295.373707
1735599600000,4.927,4.942,4.897,4.929,69825.300945
1735603200000,4.929,4.929,4.871,4.874,145886.04791
1735606800000,4.874,4.895,4.85,4.871,99100.880896
1735610400000,4.871,4.885,4.837,4.86,101444.596861
1735614000000,4.861,4.872,4.825,4.834,82180.09416
1735617600000,4.833,4.864,4.81,4.821,69030.839091
1735621200000,4.823,4.856,4.808,4.84,92894.592367
1735624800000,4.841,4.884,4.827,4.859,80663.319707
1735628400000,4.861,4.876,4.845,4.854,116863.481877
1735632000000,4.855,4.994,4.854,4.931,468838.499818
1735635600000,4.928,4.977,4.917,4.966,105526.733948
1735639200000,4.966,4.976,4.926,4.957,125792.648262
1735642800000,4.958,4.985,4.949,4.972,59897.7695
1735646400000,4.972,5.031,4.965,4.965,146663.575685
1735650000000,4.966,5.099,4.966,5.072,334219.066405
1735653600000,5.075,5.139,5.075,5.098,298177.583008
1735657200000,5.098,5.11,5.054,5.064,152101.802662
1735660800000,5.064,5.099,5.012,5.071,311926.183402
1735664400000,5.072,5.072,4.908,4.975,230988.523611
1735668000000,4.972,5,4.965,4.987,50377.364789
1735671600000,4.985,5,4.972,4.993,45457.744388
1735675200000,4.991,5.007,4.939,4.962,100259.838658
1735678800000,4.96,4.985,4.946,4.977,36400.861747
1735682400000,4.975,4.975,4.916,4.926,65921.006456
1735686000000,4.925,4.961,4.918,4.954,133822.476349
1735689600000,4.952,5.039,4.944,5.038,84583.600213
1735693200000,5.038,5.038,4.983,4.99,59215.814596
1735696800000,4.988,5.013,4.988,4.99,64513.497954
1735700400000,4.991,4.996,4.96,4.963,60635.172437
1735704000000,4.962,4.964,4.925,4.942,164385.483628
1735707600000,4.942,4.981,4.938,4.966,55200.281031
1735711200000,4.966,4.972,4.927,4.956,58233.090079
1735714800000,4.957,4.959,4.935,4.945,73263.435242
1735718400000,4.946,4.957,4.889,4.889,125736.555133
1735722000000,4.89,4.905,4.849,4.888,178548.463861
1735725600000,4.887,4.907,4.885,4.889,97567.005689
1735729200000,4.89,4.966,4.872,4.941,138905.660708
1735732800000,4.939,4.994,4.939,4.99,156604.06126
1735736400000,4.987,5.019,4.954,4.986,188394.414094
1735740000000,4.987,5.022,4.916,4.97,166251.829813
1735743600000,4.971,5.069,4.948,5.059,123635.924143
1735747200000,5.058,5.115,5.042,5.066,350414.680098
1735750800000,5.067,5.079,4.992,5.068,150934.839319
1735754400000,5.068,5.155,5.035,5.154,140806.747325
1735758000000,5.155,5.194,5.116,5.165,178634.42108
1735761600000,5.167,5.194,5.155,5.168,145711.68615
1735765200000,5.168,5.185,5.135,5.142,126637.104729
1735768800000,5.144,5.158,5.121,5.13,191080.132765
1735772400000,5.13,5.138,5.101,5.121,92627.354748
1735776000000,5.122,5.255,5.121,5.213,372888.42114
1735779600000,5.215,5.24,5.17,5.179,189777.089381
1735783200000,5.18,5.203,5.166,5.193,147141.305863
1735786800000,5.194,5.201,5.173,5.191,56936.938846
1735790400000,5.192,5.256,5.18,5.225,210161.586883
1735794000000,5.226,5.228,5.181,5.188,101167.694141
1735797600000,5.19,5.204,5.146,5.162,150812.019179
1735801200000,5.163,5.211,5.154,5.206,148012.671987
1735804800000,5.207,5.238,5.181,5.236,130091.507964
1735808400000,5.234,5.288,5.226,5.278,177859.22634
1735812000000,5.279,5.311,5.26,5.282,339423.085342
1735815600000,5.282,5.292,5.245,5.267,299421.655764
1735819200000,5.266,5.303,5.248,5.271,128577.122761
1735822800000,5.272,5.298,5.255,5.278,255600.949071
1735826400000,5.279,5.37,5.221,5.296,584021.373865
1735830000000,5.298,5.303,5.218,5.243,223478.480098
1735833600000,5.245,5.286,5.21,5.271,198039.883724
1735837200000,5.269,5.306,5.194,5.236,239748.680258
1735840800000,5.237,5.285,5.224,5.285,59800.061504
1735844400000,5.285,5.298,5.257,5.257,27238.785208
1735848000000,5.259,5.291,5.24,5.251,32341.162998
1735851600000,5.252,5.276,5.242,5.274,23766.120425
1735855200000,5.273,5.332,5.254,5.325,162096.159899
1735858800000,5.325,5.335,5.293,5.306,114952.56729
1735862400000,5.308,5.332,5.265,5.267,131698.400535
1735866000000,5.267,5.325,5.255,5.313,113955.270597
1735869600000,5.314,5.398,5.3,5.345,270302.814668
1735873200000,5.346,5.435,5.332,5.421,310195.289766
1735876800000,5.42,5.422,5.324,5.331,278973.34657
1735880400000,5.332,5.344,5.296,5.307,110253.561025
1735884000000,5.307,5.353,5.286,5.291,251608.932933
1735887600000,5.291,5.304,5.242,5.254,216629.997825
1735891200000,5.255,5.296,5.241,5.286,148238.590365
1735894800000,5.286,5.379,5.286,5.354,292688.030612
1735898400000,5.357,5.384,5.327,5.372,183334.223732
1735902000000,5.373,5.44,5.373,5.422,401472.248643
1735905600000,5.421,5.515,5.421,5.478,445512.778062
1735909200000,5.477,5.534,5.477,5.492,228265.215265
1735912800000,5.492,5.65,5.492,5.616,520367.99697
1735916400000,5.617,5.653,5.588,5.632,280609.002498
1735920000000,5.634,5.753,5.621,5.745,497329.936191
1735923600000,5.744,5.749,5.657,5.659,228938.261275
1735927200000,5.66,5.689,5.65,5.651,163093.831097
1735930800000,5.652,5.669,5.636,5.644,88246.90171
1735934400000,5.646,5.661,5.616,5.65,61942.03215
1735938000000,5.649,5.664,5.627,5.652,80569.142649
1735941600000,5.653,5.665,5.633,5.646,84775.792514
1735945200000,5.648,5.671,5.637,5.665,79514.987509
1735948800000,5.664,5.68,5.603,5.618,289832.902242
1735952400000,5.619,5.622,5.568,5.62,313092.971676
1735956000000,5.62,5.671,5.615,5.661,195483.746826
1735959600000,5.662,5.676,5.639,5.661,89342.514932
1735963200000,5.663,5.665,5.61,5.642,126474.336808
1735966800000,5.642,5.646,5.62,5.642,143783.612497
1735970400000,5.642,5.681,5.641,5.67,133390.874831
1735974000000,5.668,5.674,5.65,5.656,37743.128937
1735977600000,5.656,5.656,5.59,5.605,187452.95505
1735981200000,5.605,5.64,5.605,5.619,96071.013194
1735984800000,5.618,5.627,5.582,5.623,89708.229051
1735988400000,5.623,5.626,5.601,5.618,52723.944658
1735992000000,5.619,5.692,5.615,5.687,194444.981434
1735995600000,5.689,5.712,5.665,5.705,167398.821822
1735999200000,5.704,5.734,5.671,5.723,177840.477242
1736002800000,5.723,5.731,5.565,5.582,446069.13441
1736006400000,5.581,5.624,5.57,5.604,138728.970763
1736010000000,5.606,5.625,5.591,5.624,25460.602329
1736013600000,5.625,5.638,5.594,5.598,39851.81758
1736017200000,5.599,5.631,5.592,5.62,25199.707941
1736020800000,5.619,5.663,5.613,5.644,33032.352633
1736024400000,5.646,5.663,5.623,5.627,96071.438308
1736028000000,5.628,5.638,5.608,5.633,59627.565225
1736031600000,5.633,5.657,5.625,5.639,65272.812553
1736035200000,5.64,5.667,5.613,5.622,170664.455598
1736038800000,5.623,5.627,5.574,5.592,142427.281029
1736042400000,5.593,5.617,5.587,5.616,65675.87019
1736046000000,5.614,5.617,5.576,5.604,44933.585283
1736049600000,5.606,5.645,5.605,5.643,93574.217661
1736053200000,5.643,5.645,5.604,5.614,63327.842485
1736056800000,5.615,5.66,5.603,5.654,206644.493487
1736060400000,5.654,5.684,5.64,5.652,86391.379703
1736064000000,5.652,5.657,5.579,5.645,166722.641245
1736067600000,5.645,5.657,5.592,5.593,69999.178555
1736071200000,5.594,5.619,5.565,5.615,136859.020216
1736074800000,5.613,5.637,5.589,5.598,63353.859683
1736078400000,5.597,5.622,5.557,5.599,157458.98931
1736082000000,5.598,5.624,5.573,5.58,108259.167802
1736085600000,5.581,5.594,5.506,5.588,494061.422035
1736089200000,5.587,5.643,5.57,5.623,115379.535767
1736092800000,5.624,5.66,5.583,5.614,112705.090949
1736096400000,5.618,5.675,5.615,5.639,145668.081002
1736100000000,5.641,5.728,5.612,5.708,177503.376463
1736103600000,5.709,5.847,5.689,5.82,234435.437832
1736107200000,5.822,5.9,5.728,5.745,430078.469684
1736110800000,5.748,5.827,5.744,5.82,101769.159476
1736114400000,5.82,5.964,5.817,5.957,284757.20231
1736118000000,5.959,5.973,5.871,5.912,303323.172731
1736121600000,5.911,5.926,5.811,5.817,357492.878348
1736125200000,5.819,6.089,5.783,6.054,963191.296366
1736128800000,6.054,6.296,6.051,6.28,1633413.284561
1736132400000,6.279,6.279,6.192,6.256,607140.942127
1736136000000,6.256,6.268,6.159,6.213,445700.015432
1736139600000,6.213,6.233,6.169,6.2,291562.862922
1736143200000,6.2,6.217,6.141,6.169,187360.104554
1736146800000,6.17,6.228,6.103,6.108,411800.402031
1736150400000,6.108,6.132,6.02,6.04,310672.895294
1736154000000,6.04,6.059,6.011,6.026,157730.070691
1736157600000,6.027,6.071,5.992,6.069,191630.271895
1736161200000,6.07,6.104,6.037,6.086,183017.234566
1736164800000,6.086,6.094,6.017,6.025,148436.586223
1736168400000,6.025,6.062,6,6.049,150544.078436
1736172000000,6.049,6.08,5.945,6.046,512331.293891
1736175600000,6.046,6.144,6.027,6.094,455670.242606
1736179200000,6.095,6.156,6.03,6.057,438134.360095
1736182800000,6.056,6.058,5.966,6.017,166339.225203
1736186400000,6.017,6.02,5.979,6.002,126311.438698
1736190000000,6.002,6.025,5.993,6.009,46977.815828
1736193600000,6.009,6.032,5.999,6.025,66545.304068
1736197200000,6.026,6.028,5.949,5.98,132898.17542
1736200800000,5.984,5.988,5.952,5.952,63572.556674
1736204400000,5.952,5.99,5.91,5.982,142134.540485
1736208000000,5.985,5.985,5.93,5.93,172202.663306
1736211600000,5.933,5.99,5.904,5.985,143969.421759
1736215200000,5.987,5.99,5.92,5.925,85944.592142
1736218800000,5.926,5.971,5.924,5.96,63966.839035
1736222400000,5.958,5.968,5.918,5.933,74314.216467
1736226000000,5.933,5.958,5.921,5.956,58004.251993
1736229600000,5.958,6.072,5.949,6.058,246925.091459
1736233200000,6.059,6.103,6.031,6.034,164645.340494
1736236800000,6.036,6.105,6.036,6.069,96656.580531
1736240400000,6.072,6.084,6.01,6.032,92001.730469
1736244000000,6.03,6.056,6.005,6.038,75203.960788
1736247600000,6.036,6.06,5.932,5.981,246129.499321
1736251200000,5.984,6.017,5.967,5.981,147333.413295
1736254800000,5.982,6.033,5.973,6.03,192079.901286
1736258400000,6.031,6.045,5.882,5.92,359016.798933
1736262000000,5.92,5.939,5.481,5.585,3242853.987619
1736265600000,5.584,5.654,5.541,5.61,417354.418556
1736269200000,5.61,5.623,5.511,5.553,388332.635791
1736272800000,5.552,5.6,5.454,5.488,198684.204776
1736276400000,5.489,5.515,5.403,5.43,250210.622437
1736280000000,5.431,5.457,5.342,5.409,196465.005143
1736283600000,5.408,5.459,5.345,5.345,164643.595671
1736287200000,5.344,5.428,5.334,5.426,175411.423487
1736290800000,5.427,5.428,5.343,5.353,211065.170977
1736294400000,5.352,5.489,5.344,5.473,235460.33748
1736298000000,5.473,5.485,5.383,5.425,160674.003867
1736301600000,5.425,5.454,5.388,5.389,124398.710203
1736305200000,5.388,5.406,5.312,5.345,427447.320218
1736308800000,5.344,5.376,5.27,5.288,286837.387284
1736312400000,5.29,5.36,5.272,5.3,183887.1608
1736316000000,5.303,5.331,5.145,5.15,595317.101585
1736319600000,5.151,5.261,5.146,5.244,348792.629582
1736323200000,5.244,5.339,5.244,5.286,370527.759268
1736326800000,5.283,5.308,5.251,5.252,96366.763156
1736330400000,5.252,5.289,5.24,5.269,82880.675595
1736334000000,5.268,5.271,5.167,5.212,315776.89176
1736337600000,5.212,5.249,5.166,5.172,319929.525692
1736341200000,5.173,5.25,5.173,5.191,343243.652333
1736344800000,5.19,5.252,5.182,5.216,184546.896732
1736348400000,5.214,5.266,5.127,5.187,438839.180673
1736352000000,5.184,5.19,5.037,5.065,413670.793348
1736355600000,5.065,5.097,4.898,5.036,861815.074362
1736359200000,5.032,5.167,5.023,5.08,279243.253993
1736362800000,5.081,5.118,5.042,5.045,110371.399279
1736366400000,5.044,5.078,5.017,5.049,99954.414211
1736370000000,5.05,5.081,5,5.045,88029.421785
1736373600000,5.043,5.145,5.043,5.136,158033.491824
1736377200000,5.136,5.149,5.102,5.112,57088.395872
1736380800000,5.112,5.141,5.091,5.139,206630.179094
1736384400000,5.139,5.192,5.132,5.139,200501.017513
1736388000000,5.141,5.169,5.061,5.163,313301.705735
1736391600000,5.164,5.17,5.089,5.103,125534.084858
1736395200000,5.106,5.146,5.079,5.137,94949.271889
1736398800000,5.137,5.142,5.097,5.101,117650.336935
1736402400000,5.1,5.114,5.068,5.075,78057.468769
1736406000000,5.073,5.099,4.987,5.001,323624.98034
1736409600000,4.999,5.11,4.978,5.072,263940.706611
1736413200000,5.073,5.111,5.065,5.085,81188.241382
1736416800000,5.085,5.095,5.005,5.07,167032.79069
1736420400000,5.069,5.124,5.054,5.097,126615.434142
1736424000000,5.098,5.13,5.071,5.098,103507.530718
1736427600000,5.097,5.122,4.931,4.943,756708.091514
1736431200000,4.942,5.031,4.91,5.029,451256.78903
1736434800000,5.028,5.189,4.997,5.161,376707.890583
1736438400000,5.16,5.19,5.107,5.165,261762.900416
1736442000000,5.164,5.174,5.053,5.096,166295.938754
1736445600000,5.096,5.145,5.078,5.116,139605.36714
1736449200000,5.112,5.124,4.994,5.009,147725.698451
1736452800000,5.01,5.03,4.923,4.986,306014.809995
1736456400000,4.986,5.037,4.968,4.997,103242.582901
1736460000000,4.996,5.096,4.979,5.053,128746.914963
1736463600000,5.052,5.059,5.035,5.051,79793.702588
1736467200000,5.054,5.085,5.041,5.053,76672.096835
1736470800000,5.053,5.08,5.029,5.068,86196.110622
1736474400000,5.066,5.104,5.049,5.074,122235.25083
1736478000000,5.074,5.088,5.055,5.08,85430.838066
1736481600000,5.079,5.107,5.051,5.062,45498.27108
1736485200000,5.064,5.138,5.044,5.096,111592.320245
1736488800000,5.097,5.152,5.082,5.149,200139.8979
1736492400000,5.152,5.231,5.129,5.178,333382.507519
1736496000000,5.174,5.189,5.129,5.157,157548.870906
1736499600000,5.157,5.198,5.146,5.18,105868.691779
1736503200000,5.182,5.213,5.168,5.204,101092.38486
1736506800000,5.203,5.203,5.136,5.172,124900.789436
1736510400000,5.169,5.185,5.135,5.183,121979.851936
1736514000000,5.181,5.224,5.01,5.087,867175.558192
1736517600000,5.086,5.189,5.074,5.12,290720.413511
1736521200000,5.119,5.17,5.023,5.131,308430.82307
1736524800000,5.131,5.145,5.067,5.079,174300.893769
1736528400000,5.078,5.261,5.059,5.24,220806.747953
1736532000000,5.238,5.24,5.175,5.189,117229.458935
1736535600000,5.195,5.216,5.16,5.201,50882.277281
1736539200000,5.203,5.203,5.144,5.177,36055.455002
1736542800000,5.179,5.213,5.173,5.196,38483.803851
1736546400000,5.199,5.234,5.188,5.226,55115.937124
1736550000000,5.225,5.246,5.211,5.211,96238.834547
1736553600000,5.21,5.22,5.175,5.199,83809.517444
1736557200000,5.2,5.214,5.158,5.166,64457.845764
1736560800000,5.169,5.184,5.141,5.169,47263.641771
1736564400000,5.169,5.169,5.124,5.143,68317.249061
1736568000000,5.143,5.164,5.127,5.157,79931.884067
1736571600000,5.154,5.18,5.143,5.175,46460.566794
1736575200000,5.176,5.187,5.141,5.141,60199.526473
1736578800000,5.141,5.16,5.125,5.141,102662.756532
1736582400000,5.141,5.167,5.104,5.119,186706.903333
1736586000000,5.119,5.139,5.116,5.134,54851.078638
1736589600000,5.136,5.176,5.13,5.175,49238.49666
1736593200000,5.176,5.201,5.163,5.191,61454.020037
1736596800000,5.19,5.195,5.168,5.171,51304.5322
1736600400000,5.172,5.18,5.141,5.153,45160.075885
1736604000000,5.153,5.173,5.128,5.171,41967.071737
1736607600000,5.168,5.178,5.142,5.148,21405.708476
1736611200000,5.15,5.173,5.12,5.168,71170.544779
1736614800000,5.166,5.169,5.122,5.135,35682.503195
1736618400000,5.136,5.148,5.119,5.142,19436.733906
1736622000000,5.142,5.149,5.118,5.141,10063.345001
1736625600000,5.143,5.258,5.135,5.249,128145.204155
1736629200000,5.25,5.313,5.25,5.291,210255.462938
1736632800000,5.295,5.296,5.219,5.225,127614.007375
1736636400000,5.225,5.241,5.199,5.201,101344.511651
1736640000000,5.202,5.228,5.18,5.208,73887.403284
1736643600000,5.209,5.231,5.184,5.229,53657.769591
1736647200000,5.227,5.235,5.199,5.232,30810.066891
1736650800000,5.232,5.236,5.178,5.208,49698.488127
1736654400000,5.208,5.214,5.186,5.199,33207.627186
1736658000000,5.2,5.208,5.171,5.182,23967.048364
1736661600000,5.181,5.187,5.147,5.15,80137.857263
1736665200000,5.153,5.182,5.139,5.178,83088.39077
1736668800000,5.178,5.186,5.116,5.128,106080.046142
1736672400000,5.13,5.144,5.093,5.115,146625.264075
1736676000000,5.114,5.127,5.09,5.124,72910.486871
1736679600000,5.124,5.148,5.111,5.141,92244.689835
1736683200000,5.139,5.174,5.115,5.132,47884.953737
1736686800000,5.132,5.161,5.123,5.153,52407.531969
1736690400000,5.154,5.172,5.137,5.143,71415.673307
1736694000000,5.145,5.196,5.13,5.167,98339.048942
1736697600000,5.168,5.18,5.133,5.169,76246.477628
1736701200000,5.17,5.184,5.145,5.168,21643.027123
1736704800000,5.167,5.188,5.125,5.135,26337.391133
1736708400000,5.138,5.146,5.117,5.132,49597.85293
1736712000000,5.132,5.147,5.1,5.115,35680.952578
1736715600000,5.117,5.124,5.068,5.073,90783.419392
1736719200000,5.072,5.073,5.015,5.05,158902.087183
1736722800000,5.05,5.094,5.046,5.088,76698.949959
1736726400000,5.088,5.228,5.077,5.181,317709.46362
1736730000000,5.181,5.2,5.1,5.114,157026.476096
1736733600000,5.113,5.124,5.016,5.045,289530.23146
1736737200000,5.045,5.073,4.963,5.001,279554.494718
1736740800000,5.001,5.085,4.986,5.045,124156.25473
1736744400000,5.044,5.052,4.967,4.989,111372.690784
1736748000000,4.991,5.006,4.9,4.917,278414.591601
1736751600000,4.918,4.974,4.91,4.952,213309.293764
1736755200000,4.953,4.96,4.87,4.882,278627.750613
1736758800000,4.88,4.903,4.802,4.845,327577.143671
1736762400000,4.845,4.845,4.735,4.757,453300.899592
1736766000000,4.757,4.769,4.654,4.664,443975.123862
1736769600000,4.664,4.737,4.66,4.703,321794.909527
1736773200000,4.702,4.8,4.679,4.751,266068.896303
1736776800000,4.748,4.855,4.604,4.807,1254496.814815
1736780400000,4.809,4.91,4.787,4.858,463961.719301
1736784000000,4.859,4.879,4.785,4.79,405144.415023
1736787600000,4.789,4.837,4.761,4.777,80026.598161
1736791200000,4.778,4.821,4.726,4.784,71163.382894
1736794800000,4.782,4.83,4.751,4.8,83527.955456
1736798400000,4.799,4.924,4.765,4.909,134157.687427
1736802000000,4.912,4.955,4.882,4.949,96890.46703
1736805600000,4.95,4.99,4.925,4.94,149942.748009
1736809200000,4.941,4.948,4.914,4.922,104261.826525
1736812800000,4.922,4.941,4.905,4.915,122414.202551
1736816400000,4.918,4.976,4.918,4.938,188858.434229
1736820000000,4.941,4.995,4.932,4.964,92131.716461
1736823600000,4.966,4.994,4.959,4.978,83657.908199
1736827200000,4.98,5.017,4.978,5.007,126425.459893
1736830800000,5.008,5.047,4.988,4.993,148161.967044
1736834400000,4.995,5.053,4.983,5.036,100078.132507
1736838000000,5.037,5.052,4.994,4.996,110529.418828
1736841600000,4.996,5.05,4.996,5.027,120110.089623
1736845200000,5.028,5.137,5.019,5.113,413797.191955
1736848800000,5.115,5.119,5.083,5.095,194389.171702
1736852400000,5.096,5.102,5.067,5.101,80315.489325
1736856000000,5.103,5.132,5.062,5.109,149656.461195
1736859600000,5.11,5.226,5.101,5.162,402046.970738
1736863200000,5.162,5.224,5.136,5.16,406207.7738
1736866800000,5.162,5.206,5.15,5.184,166033.739901
1736870400000,5.182,5.187,5.135,5.165,127982.443435
1736874000000,5.164,5.223,5.15,5.192,108906.704219
1736877600000,5.194,5.24,5.185,5.227,72137.315387
1736881200000,5.23,5.237,5.204,5.214,74277.627378
1736884800000,5.215,5.232,5.174,5.205,112204.891453
1736888400000,5.207,5.219,5.189,5.202,28027.264297
1736892000000,5.204,5.249,5.204,5.241,97784.744438
1736895600000,5.24,5.247,5.206,5.211,53024.36115
1736899200000,5.212,5.221,5.175,5.182,84733.921889
1736902800000,5.181,5.238,5.162,5.21,145215.565793
1736906400000,5.212,5.255,5.194,5.213,132182.281511
1736910000000,5.214,5.227,5.19,5.226,58744.138712
1736913600000,5.228,5.242,5.189,5.201,65580.261994
1736917200000,5.2,5.212,5.165,5.201,90791.531412
1736920800000,5.201,5.219,5.187,5.215,83944.861816
1736924400000,5.213,5.279,5.213,5.266,424950.272328
1736928000000,5.267,5.325,5.255,5.274,258188.55
1736931600000,5.274,5.285,5.157,5.172,228804.06573
1736935200000,5.173,5.213,5.172,5.181,110448.789034
1736938800000,5.182,5.184,5.12,5.147,187949.251039
1736942400000,5.148,5.168,5.112,5.144,177058.834849
1736946000000,5.143,5.351,5.143,5.351,736924.960243
1736949600000,5.35,5.476,5.332,5.452,727492.628506
1736953200000,5.45,5.55,5.426,5.498,920700.672923
1736956800000,5.499,5.599,5.499,5.517,459667.275726
1736960400000,5.518,5.536,5.434,5.443,199659.960385
1736964000000,5.444,5.505,5.444,5.505,84126.085666
1736967600000,5.504,5.532,5.487,5.526,42506.249442
1736971200000,5.526,5.583,5.496,5.524,136449.856294
1736974800000,5.526,5.564,5.519,5.54,69395.247473
1736978400000,5.54,5.586,5.52,5.579,105448.962726
1736982000000,5.581,5.676,5.568,5.654,453301.166062
1736985600000,5.655,5.684,5.517,5.563,286662.103672
1736989200000,5.566,5.624,5.56,5.61,143193.900131
1736992800000,5.607,5.622,5.555,5.573,89493.627465
1736996400000,5.574,5.595,5.519,5.548,173196.657654
1737000000000,5.548,5.565,5.53,5.544,91692.229909
1737003600000,5.543,5.543,5.502,5.508,139808.008576
1737007200000,5.509,5.56,5.491,5.55,131858.558661
1737010800000,5.55,5.562,5.516,5.519,79802.52787
1737014400000,5.519,5.538,5.388,5.422,379772.189295
1737018000000,5.423,5.461,5.396,5.46,190834.344888
1737021600000,5.461,5.464,5.435,5.452,123016.071907
1737025200000,5.45,5.493,5.409,5.487,298269.93227
1737028800000,5.487,5.669,5.464,5.653,369496.008304
1737032400000,5.651,5.692,5.548,5.555,465479.777007
1737036000000,5.556,5.598,5.388,5.441,617717.150288
1737039600000,5.443,5.603,5.417,5.603,286596.866506
1737043200000,5.6,5.714,5.597,5.668,567033.897235
1737046800000,5.668,5.769,5.63,5.736,416231.440696
1737050400000,5.738,5.789,5.672,5.675,147687.359665
1737054000000,5.674,5.754,5.657,5.753,66528.256181
1737057600000,5.752,5.77,5.705,5.726,116962.57675
1737061200000,5.728,5.73,5.654,5.667,101248.160878
1737064800000,5.667,5.674,5.569,5.588,135199.947618
1737068400000,5.585,5.618,5.551,5.617,128564.176871
1737072000000,5.618,5.693,5.618,5.693,103595.133932
1737075600000,5.691,5.77,5.656,5.763,255034.073829
1737079200000,5.763,5.818,5.719,5.747,253461.283235
1737082800000,5.747,5.794,5.723,5.789,119544.239323
1737086400000,5.788,5.9,5.769,5.877,455723.410242
1737090000000,5.877,5.955,5.844,5.917,338230.247602
1737093600000,5.918,5.92,5.864,5.892,269024.518314
1737097200000,5.892,5.897,5.838,5.844,135908.47978
1737100800000,5.845,5.871,5.794,5.866,318230.312681
1737104400000,5.869,5.884,5.817,5.83,326687.670254
1737108000000,5.829,5.84,5.804,5.816,167793.720644
1737111600000,5.816,5.844,5.8,5.808,128790.273345
1737115200000,5.808,5.808,5.742,5.766,236253.617513
1737118800000,5.767,5.812,5.744,5.77,144044.273177
1737122400000,5.77,5.821,5.751,5.791,264161.614761
1737126000000,5.792,5.841,5.739,5.775,289095.863208
1737129600000,5.775,5.85,5.761,5.826,190985.700245
1737133200000,5.828,5.836,5.759,5.765,135482.676867
1737136800000,5.762,5.796,5.735,5.76,41787.988887
1737140400000,5.761,5.829,5.761,5.801,88965.476382
1737144000000,5.8,5.934,5.796,5.905,127504.301347
1737147600000,5.905,5.919,5.853,5.89,111131.524857
1737151200000,5.888,5.904,5.841,5.85,82008.374649
1737154800000,5.849,5.87,5.829,5.831,119374.702564
1737158400000,5.831,5.869,5.831,5.854,161549.911657
1737162000000,5.852,5.853,5.773,5.782,212853.943402
1737165600000,5.783,5.813,5.752,5.76,106996.736446
1737169200000,5.762,5.777,5.583,5.614,633631.881275
1737172800000,5.612,5.648,5.53,5.576,513813.364487
1737176400000,5.575,5.599,5.358,5.361,717495.358025
1737180000000,5.36,5.489,5.358,5.476,543738.533988
1737183600000,5.475,5.489,5.385,5.41,140460.389281
1737187200000,5.41,5.496,5.318,5.485,505114.512061
1737190800000,5.487,5.51,5.425,5.462,168438.127337
1737194400000,5.464,5.474,5.373,5.424,220676.849563
1737198000000,5.423,5.496,5.376,5.479,214852.233589
1737201600000,5.48,5.488,5.41,5.429,118088.559681
1737205200000,5.43,5.557,5.414,5.546,244251.867676
1737208800000,5.546,5.568,5.45,5.463,243988.094657
1737212400000,5.463,5.539,5.431,5.461,255862.309624
1737216000000,5.462,5.475,5.341,5.35,479359.261309
1737219600000,5.35,5.439,5.345,5.381,144423.928028
1737223200000,5.381,5.412,5.331,5.347,136387.645491
1737226800000,5.346,5.423,5.346,5.416,104833.4614
1737230400000,5.419,5.424,5.335,5.364,82646.760763
1737234000000,5.365,5.403,5.351,5.357,219853.559102
1737237600000,5.356,5.418,5.348,5.391,122069.387714
1737241200000,5.389,5.473,5.388,5.448,96195.340193
1737244800000,5.448,5.518,5.43,5.506,160215.695971
1737248400000,5.508,5.612,5.496,5.582,217058.566281
1737252000000,5.585,5.602,5.533,5.54,172814.16698
1737255600000,5.542,5.546,5.485,5.493,239384.989587
1737259200000,5.494,5.502,5.419,5.425,267839.011204
1737262800000,5.423,5.465,5.376,5.456,222828.327461
1737266400000,5.456,5.459,5.387,5.393,122703.435602
1737270000000,5.393,5.414,5.333,5.347,377583.94832
1737273600000,5.347,5.347,5.16,5.167,737918.786956
1737277200000,5.167,5.235,5.054,5.23,1288238.773528
1737280800000,5.23,5.232,5.151,5.17,378556.524295
1737284400000,5.172,5.185,5.022,5.065,411572.007589
1737288000000,5.064,5.194,5.055,5.181,371556.881547
1737291600000,5.18,5.252,5.153,5.248,525042.098334
1737295200000,5.248,5.424,5.223,5.409,662272.836013
1737298800000,5.41,5.491,5.39,5.408,705270.961494
1737302400000,5.407,5.453,5.371,5.383,344082.055754
1737306000000,5.384,5.444,5.341,5.44,250055.688445
1737309600000,5.441,5.455,5.402,5.438,93314.498341
1737313200000,5.435,5.451,5.401,5.451,58324.045231
1737316800000,5.452,5.482,5.363,5.398,198105.052411
1737320400000,5.402,5.404,5.076,5.084,1281460.604223
1737324000000,5.084,5.178,4.91,5.099,1062623.672442
1737327600000,5.098,5.098,4.847,4.979,1494937.789126
1737331200000,4.979,5.004,4.831,4.831,1382353.666884
1737334800000,4.831,4.969,4.831,4.918,491702.721354
1737338400000,4.916,5.101,4.886,5.036,455142.000129
1737342000000,5.035,5.073,4.986,5.028,247198.525314
1737345600000,5.028,5.092,4.966,5.036,288641.782562
1737349200000,5.035,5.119,5.016,5.055,192805.276451
1737352800000,5.059,5.349,5.031,5.3,998189.785074
1737356400000,5.3,5.465,5.268,5.344,1648605.872142
1737360000000,5.347,5.418,5.333,5.36,237215.035586
1737363600000,5.361,5.388,5.278,5.299,286617.373977
1737367200000,5.297,5.326,5.217,5.254,251898.88502
1737370800000,5.256,5.305,5.22,5.304,224106.010055
1737374400000,5.305,5.307,5.092,5.17,573669.977232
1737378000000,5.171,5.243,5.146,5.221,314003.502085
1737381600000,5.221,5.259,5.19,5.255,133113.396399
1737385200000,5.254,5.271,5.148,5.168,298345.359229
1737388800000,5.17,5.296,5.075,5.279,507830.787221
1737392400000,5.278,5.283,4.9,5.038,2668810.762594
1737396000000,5.04,5.155,5.031,5.142,189959.48489
1737399600000,5.144,5.174,5.089,5.151,95154.990952
1737403200000,5.151,5.165,5.096,5.145,53269.271821
1737406800000,5.143,5.17,5.048,5.053,84155.509763
1737410400000,5.053,5.159,4.998,5.143,376221.058725
1737414000000,5.145,5.163,5.073,5.105,546308.167461
1737417600000,5.105,5.129,5.006,5.012,657957.22143
1737421200000,5.013,5.081,4.933,4.998,1028265.366274
1737424800000,4.997,5.035,4.925,5.002,532928.006765
1737428400000,5.001,5.031,4.965,4.999,280919.948599
1737432000000,4.998,4.998,4.887,4.988,318337.054511
1737435600000,4.986,5.009,4.909,4.926,200831.553697
1737439200000,4.926,4.985,4.9,4.951,205866.550427
1737442800000,4.951,5.027,4.928,4.994,210936.800666
1737446400000,4.993,5.021,4.942,4.988,219664.28296
1737450000000,4.988,5.046,4.975,5.032,322478.716604
1737453600000,5.034,5.127,5.031,5.122,239819.794992
1737457200000,5.121,5.159,5.088,5.145,183091.291177
1737460800000,5.146,5.204,5.121,5.141,244568.165397
1737464400000,5.145,5.165,5.1,5.145,329766.057346
1737468000000,5.144,5.187,5.073,5.094,344927.780424
1737471600000,5.093,5.145,5.067,5.133,312677.330707
1737475200000,5.133,5.242,5.119,5.187,350273.102055
1737478800000,5.187,5.301,5.18,5.29,234271.486977
1737482400000,5.289,5.348,5.279,5.324,156619.036462
1737486000000,5.322,5.332,5.264,5.292,121200.768729
1737489600000,5.291,5.296,5.236,5.276,110543.068696
1737493200000,5.275,5.296,5.243,5.289,56732.26083
1737496800000,5.288,5.329,5.255,5.275,115451.047606
1737500400000,5.276,5.292,5.224,5.256,150376.616659
1737504000000,5.255,5.305,5.243,5.298,75835.072282
1737507600000,5.296,5.299,5.185,5.205,161221.003457
1737511200000,5.204,5.25,5.193,5.242,148694.16264
1737514800000,5.243,5.263,5.218,5.226,69873.131945
1737518400000,5.224,5.247,5.18,5.201,147011.851106
1737522000000,5.201,5.222,5.173,5.174,57561.526424
1737525600000,5.174,5.194,5.141,5.16,127521.335235
1737529200000,5.16,5.179,5.127,5.135,180628.143139
1737532800000,5.135,5.151,5.084,5.148,189118.425015
1737536400000,5.146,5.162,5.126,5.153,78159.238992
1737540000000,5.153,5.153,5.123,5.139,75324.986721
1737543600000,5.14,5.174,5.112,5.168,151801.175302
1737547200000,5.169,5.193,5.135,5.143,176398.216189
1737550800000,5.141,5.143,5.067,5.08,203566.12838
1737554400000,5.079,5.131,5.047,5.104,274187.865768
1737558000000,5.105,5.128,5.054,5.081,136033.346099
1737561600000,5.08,5.124,5.045,5.103,179948.953152
1737565200000,5.103,5.124,5.093,5.122,56026.262106
1737568800000,5.121,5.136,5.016,5.033,64942.52679
1737572400000,5.035,5.09,5.033,5.055,75599.532928
1737576000000,5.057,5.086,5.029,5.034,169102.93088
1737579600000,5.032,5.046,4.991,5.029,88070.156684
1737583200000,5.029,5.055,4.983,4.984,114450.272822
1737586800000,4.985,5.018,4.962,5.002,134844.248602
1737590400000,5.002,5.022,4.983,5,70838.768006
1737594000000,4.997,5.018,4.948,4.961,146498.503843
1737597600000,4.962,4.969,4.91,4.949,166959.366723
1737601200000,4.948,5.006,4.933,4.973,149401.814995
1737604800000,4.974,4.98,4.902,4.931,160276.575673
1737608400000,4.932,4.958,4.921,4.927,71574.125509
1737612000000,4.927,4.954,4.912,4.925,49703.253738
1737615600000,4.928,4.975,4.905,4.972,127629.982378
1737619200000,4.973,4.987,4.924,4.93,96715.06895
1737622800000,4.93,4.94,4.872,4.884,452006.586286
1737626400000,4.885,4.925,4.873,4.897,201191.17632
1737630000000,4.898,4.938,4.882,4.927,125886.802668
1737633600000,4.926,4.928,4.881,4.887,113481.002608
1737637200000,4.887,4.961,4.864,4.943,206771.449187
1737640800000,4.943,5.072,4.918,5.043,333200.443071
1737644400000,5.042,5.071,4.957,5.041,436895.275315
1737648000000,5.04,5.146,5.04,5.066,267423.952271
1737651600000,5.066,5.115,5.018,5.089,129974.194201
1737655200000,5.09,5.1,4.999,5.001,139319.360515
1737658800000,4.999,5.005,4.922,4.947,170452.971638
1737662400000,4.946,5.108,4.938,5.021,497055.494621
1737666000000,5.02,5.034,4.922,4.955,118756.182711
1737669600000,4.955,5.076,4.945,5.068,96117.832292
1737673200000,5.075,5.107,5.053,5.063,127684.953132
1737676800000,5.064,5.08,4.967,4.974,127305.987606
1737680400000,4.973,5.007,4.943,4.964,201272.100165
1737684000000,4.966,4.966,4.9,4.91,207919.703979
1737687600000,4.911,4.999,4.899,4.969,161255.402065
1737691200000,4.968,5.05,4.945,5.041,108263.063419
1737694800000,5.042,5.146,5.031,5.144,294394.910506
1737698400000,5.145,5.156,5.093,5.11,215640.986476
1737702000000,5.111,5.14,5.082,5.098,108600.015217
1737705600000,5.1,5.13,5.079,5.112,231718.01224
1737709200000,5.111,5.128,5.095,5.118,82016.832741
1737712800000,5.116,5.169,5.1,5.165,236475.807588
1737716400000,5.168,5.173,5.133,5.153,71754.80807
1737720000000,5.153,5.172,5.12,5.163,120306.220886
1737723600000,5.163,5.194,5.14,5.177,103173.729209
1737727200000,5.177,5.201,5.128,5.164,133703.817673
1737730800000,5.166,5.183,5.092,5.129,144636.158959
1737734400000,5.129,5.146,5.091,5.095,117935.827383
1737738000000,5.097,5.164,5.075,5.149,100811.798534
1737741600000,5.148,5.164,5.118,5.124,68922.335769
1737745200000,5.123,5.132,5.097,5.103,50433.628801
1737748800000,5.104,5.12,5.023,5.026,70076.333018
1737752400000,5.026,5.074,5.018,5.058,86703.041673
1737756000000,5.054,5.071,5,5.017,220877.019214
1737759600000,5.017,5.022,4.986,5.015,202611.520889
1737763200000,5.015,5.015,4.926,4.93,579278.806223
1737766800000,4.93,5.029,4.927,5.005,322640.366285
1737770400000,5.004,5.032,4.984,5.028,153596.409534
1737774000000,5.027,5.079,5.014,5.072,74501.648133
1737777600000,5.072,5.076,5.021,5.026,69052.722463
1737781200000,5.028,5.06,5.009,5.027,75298.125626
1737784800000,5.027,5.033,5,5.014,55368.808646
1737788400000,5.011,5.016,4.985,5.005,64079.927385
1737792000000,5.005,5.033,4.977,5.007,153799.658904
1737795600000,5.008,5.014,4.982,4.985,69228.933636
1737799200000,4.985,5.012,4.964,5.006,179629.02177
1737802800000,5.005,5.028,4.995,5.019,81856.909514
1737806400000,5.018,5.021,4.993,5.015,29391.833478
1737810000000,5.017,5.037,5.006,5.022,63462.708538
1737813600000,5.024,5.026,4.986,5.006,64350.389275
1737817200000,5.005,5.077,5.005,5.052,104016.811917
1737820800000,5.053,5.068,5.031,5.045,144855.527197
1737824400000,5.047,5.05,5.001,5.022,58799.173374
1737828000000,5.022,5.04,5.004,5.021,77357.920302
1737831600000,5.021,5.049,5.019,5.031,37017.407028
1737835200000,5.032,5.063,5.024,5.024,15531.295901
1737838800000,5.026,5.03,5.004,5.022,39678.110827
1737842400000,5.023,5.046,5.016,5.023,25228.680281
1737846000000,5.022,5.031,4.975,4.981,79702.297718
1737849600000,4.982,5.017,4.968,4.987,103153.265721
1737853200000,4.986,5.02,4.982,4.988,77141.490472
1737856800000,4.988,4.988,4.956,4.977,105249.122129
1737860400000,4.978,5.028,4.974,5.008,108275.354719
1737864000000,5.008,5.055,5.002,5.04,119187.74822
1737867600000,5.042,5.046,5.021,5.027,70994.616217
1737871200000,5.027,5.028,5.004,5.019,63377.596551
1737874800000,5.02,5.025,4.997,5.02,43710.476835
1737878400000,5.021,5.043,5.001,5.014,67856.232775
1737882000000,5.013,5.015,4.95,4.966,152618.824106
1737885600000,4.965,4.998,4.956,4.997,92969.436721
1737889200000,4.996,5.02,4.991,5.016,50945.489075
1737892800000,5.013,5.013,4.991,5.009,80022.768108
1737896400000,5.011,5.026,5.003,5.013,33677.381382
1737900000000,5.011,5.03,4.986,5.028,119202.864796
1737903600000,5.029,5.052,5.019,5.038,71642.776819
1737907200000,5.04,5.078,5.016,5.076,116412.082625
1737910800000,5.076,5.133,5.074,5.123,133920.968739
1737914400000,5.123,5.188,5.113,5.139,82958.021672
1737918000000,5.14,5.145,5.121,5.126,93425.086898
1737921600000,5.126,5.138,5.085,5.089,46102.606069
1737925200000,5.089,5.092,5.025,5.027,78686.812849
1737928800000,5.027,5.047,5,5.014,65305.078184
1737932400000,5.013,5.013,4.851,4.864,430207.121524
1737936000000,4.863,4.866,4.733,4.753,609839.861983
1737939600000,4.753,4.767,4.702,4.72,283805.539948
1737943200000,4.717,4.717,4.637,4.688,449743.306418
1737946800000,4.688,4.755,4.68,4.725,188351.326086
1737950400000,4.725,4.725,4.651,4.659,235933.332607
1737954000000,4.659,4.68,4.6,4.645,368946.664026
1737957600000,4.645,4.66,4.512,4.554,660777.125542
1737961200000,4.555,4.573,4.346,4.496,1344964.88209
1737964800000,4.497,4.498,4.395,4.475,409627.269514
1737968400000,4.475,4.528,4.443,4.486,197037.33224
1737972000000,4.485,4.492,4.38,4.403,234551.531145
1737975600000,4.403,4.481,4.403,4.426,289549.619084
1737979200000,4.425,4.59,4.419,4.564,276347.221768
1737982800000,4.566,4.621,4.519,4.538,264299.892095
1737986400000,4.536,4.656,4.518,4.634,237776.301672
1737990000000,4.633,4.652,4.599,4.608,235510.276412
1737993600000,4.608,4.626,4.507,4.528,243657.598639
1737997200000,4.527,4.553,4.486,4.496,85179.892646
1738000800000,4.494,4.527,4.443,4.464,90317.430479
1738004400000,4.465,4.519,4.465,4.488,50489.836336
1738008000000,4.488,4.637,4.488,4.63,133326.33782
1738011600000,4.627,4.725,4.619,4.634,157223.529566
1738015200000,4.636,4.671,4.611,4.645,58288.106061
1738018800000,4.645,4.663,4.628,4.659,99373.308201
1738022400000,4.661,4.711,4.621,4.631,223884.110329
1738026000000,4.633,4.638,4.587,4.623,119054.751561
1738029600000,4.622,4.678,4.622,4.67,228708.747463
1738033200000,4.671,4.691,4.642,4.67,131119.326487
1738036800000,4.669,4.727,4.665,4.701,105528.182642
1738040400000,4.703,4.725,4.687,4.696,108435.663431
1738044000000,4.697,4.699,4.65,4.656,45446.989909
1738047600000,4.653,4.691,4.639,4.653,95507.460147
1738051200000,4.655,4.662,4.621,4.642,145689.858026
1738054800000,4.645,4.647,4.606,4.641,45537.750347
1738058400000,4.642,4.66,4.625,4.631,34364.768676
1738062000000,4.629,4.653,4.601,4.625,158057.997159
1738065600000,4.625,4.64,4.566,4.582,151429.104302
1738069200000,4.584,4.624,4.581,4.601,49452.634082
1738072800000,4.6,4.622,4.557,4.598,117231.405185
1738076400000,4.599,4.664,4.592,4.623,156529.89005
1738080000000,4.624,4.629,4.527,4.557,151907.021874
1738083600000,4.557,4.609,4.553,4.564,85168.740358
1738087200000,4.564,4.579,4.492,4.51,157731.775514
1738090800000,4.507,4.528,4.489,4.523,47148.583762
1738094400000,4.52,4.536,4.439,4.445,81168.354612
1738098000000,4.444,4.486,4.352,4.359,233670.648943
1738101600000,4.359,4.415,4.326,4.4,293295.383167
1738105200000,4.401,4.422,4.345,4.387,117468.731658
1738108800000,4.387,4.433,4.375,4.413,92901.558947
1738112400000,4.416,4.47,4.416,4.463,74548.487352
1738116000000,4.464,4.51,4.46,4.465,78267.248038
1738119600000,4.464,4.501,4.454,4.494,71793.992782
1738123200000,4.496,4.516,4.476,4.501,45031.554911
1738126800000,4.499,4.515,4.485,4.514,99046.66894
1738130400000,4.516,4.566,4.511,4.566,125282.373745
1738134000000,4.565,4.569,4.536,4.561,37678.50478
1738137600000,4.56,4.577,4.521,4.525,158195.835854
1738141200000,4.526,4.527,4.486,4.499,69211.645637
1738144800000,4.501,4.534,4.481,4.53,100204.660674
1738148400000,4.531,4.541,4.516,4.524,39163.17139
1738152000000,4.527,4.537,4.485,4.494,69634.31467
1738155600000,4.494,4.497,4.425,4.449,150899.765017
1738159200000,4.45,4.474,4.41,4.437,141510.526316
1738162800000,4.438,4.485,4.432,4.453,108903.877367
1738166400000,4.452,4.462,4.412,4.435,88198.953021
1738170000000,4.436,4.506,4.436,4.466,96774.709286
1738173600000,4.467,4.527,4.436,4.513,63415.672767
1738177200000,4.512,4.565,4.368,4.527,418782.549448
1738180800000,4.527,4.648,4.473,4.579,264827.586371
1738184400000,4.577,4.644,4.538,4.609,157455.117853
1738188000000,4.61,4.617,4.55,4.553,81251.289171
1738191600000,4.553,4.585,4.507,4.513,118241.909656
1738195200000,4.515,4.561,4.476,4.552,86785.203897
1738198800000,4.553,4.625,4.542,4.583,162403.851226
1738202400000,4.584,4.622,4.563,4.622,81740.554866
1738206000000,4.622,4.657,4.613,4.651,103378.701515
1738209600000,4.652,4.687,4.625,4.679,101995.282966
1738213200000,4.679,4.682,4.641,4.67,59537.280611
1738216800000,4.673,4.687,4.661,4.667,75019.103626
1738220400000,4.669,4.678,4.635,4.661,55705.420292
1738224000000,4.661,4.674,4.638,4.672,64448.224902
1738227600000,4.672,4.725,4.669,4.706,98989.722
1738231200000,4.706,4.716,4.683,4.71,114775.029076
1738234800000,4.71,4.718,4.683,4.712,61506.682595
1738238400000,4.71,4.71,4.669,4.689,74747.71919
1738242000000,4.686,4.758,4.675,4.732,193199.038717
1738245600000,4.73,4.812,4.727,4.793,161529.507957
1738249200000,4.793,4.855,4.79,4.825,218487.5154
1738252800000,4.825,4.845,4.798,4.83,128409.217791
1738256400000,4.83,4.834,4.782,4.808,96355.730396
1738260000000,4.807,4.818,4.761,4.788,111179.513138
1738263600000,4.788,4.827,4.774,4.826,58371.481675
1738267200000,4.826,4.845,4.79,4.802,79565.263349
1738270800000,4.802,4.836,4.8,4.818,36964.209716
1738274400000,4.819,4.875,4.802,4.864,104820.260194
1738278000000,4.864,4.897,4.802,4.807,107654.891341
1738281600000,4.809,4.822,4.776,4.802,146586.079916
1738285200000,4.801,4.826,4.781,4.798,102455.350546
1738288800000,4.8,4.8,4.727,4.731,198819.548638
1738292400000,4.731,4.742,4.696,4.722,178732.875758
1738296000000,4.722,4.724,4.68,4.689,108011.773426
1738299600000,4.69,4.743,4.685,4.739,49233.584218
1738303200000,4.739,4.791,4.733,4.787,50411.886021
1738306800000,4.789,4.838,4.785,4.802,78663.292606
1738310400000,4.802,4.804,4.729,4.746,60490.273542
1738314000000,4.745,4.795,4.737,4.776,33581.845867
1738317600000,4.775,4.799,4.744,4.787,27459.423604
1738321200000,4.788,4.884,4.788,4.878,134793.449512
1738324800000,4.877,4.892,4.851,4.869,88288.885587
1738328400000,4.868,4.906,4.848,4.857,100966.072841
1738332000000,4.856,4.917,4.843,4.885,160134.738972
1738335600000,4.886,4.952,4.861,4.917,244654.264583
1738339200000,4.917,4.963,4.891,4.912,295323.890638
1738342800000,4.912,4.915,4.862,4.87,114684.135645
1738346400000,4.869,4.91,4.776,4.81,182620.572995
1738350000000,4.807,4.841,4.791,4.814,104586.245494
1738353600000,4.813,4.822,4.744,4.79,145979.048747
1738357200000,4.79,4.809,4.742,4.809,84367.477045
1738360800000,4.807,4.843,4.804,4.823,86993.525348
1738364400000,4.822,4.823,4.786,4.811,72334.696364
1738368000000,4.813,4.849,4.786,4.844,86396.174377
1738371600000,4.846,4.871,4.824,4.83,88871.493692
1738375200000,4.829,4.874,4.821,4.863,57273.826282
1738378800000,4.864,4.865,4.802,4.814,54364.979711
1738382400000,4.815,4.828,4.802,4.809,34918.347138
1738386000000,4.81,4.861,4.808,4.849,38089.384694
1738389600000,4.848,4.852,4.782,4.816,69784.287088
1738393200000,4.816,4.828,4.763,4.773,106362.977092
1738396800000,4.773,4.782,4.728,4.751,75827.135587
1738400400000,4.75,4.757,4.653,4.662,204785.130271
1738404000000,4.663,4.713,4.663,4.674,72162.460262
1738407600000,4.677,4.727,4.665,4.727,87313.771829
1738411200000,4.726,4.75,4.706,4.726,60217.689651
1738414800000,4.725,4.731,4.654,4.658,93835.407534
1738418400000,4.658,4.689,4.622,4.627,73517.023025
1738422000000,4.627,4.652,4.593,4.647,102791.196676
1738425600000,4.647,4.67,4.619,4.621,113561.066643
1738429200000,4.622,4.671,4.622,4.645,33715.345305
1738432800000,4.646,4.65,4.576,4.588,85087.656572
1738436400000,4.588,4.59,4.499,4.512,168986.957623
1738440000000,4.513,4.513,4.401,4.438,218125.95427
1738443600000,4.436,4.469,4.385,4.395,162241.82588
1738447200000,4.396,4.421,4.364,4.394,146561.749017
1738450800000,4.391,4.412,4.328,4.373,372858.817594
1738454400000,4.375,4.456,4.366,4.428,161517.682501
1738458000000,4.43,4.465,4.417,4.428,77790.70985
1738461600000,4.43,4.432,4.338,4.351,222923.224708
1738465200000,4.353,4.371,4.211,4.223,610828.683691
1738468800000,4.225,4.299,4.206,4.259,191633.587846
1738472400000,4.259,4.341,4.25,4.327,133005.922249
1738476000000,4.326,4.354,4.306,4.319,87138.535648
1738479600000,4.321,4.322,4.278,4.291,150788.780857
1738483200000,4.29,4.353,4.276,4.322,149222.175593
1738486800000,4.321,4.322,4.284,4.31,60353.604736
1738490400000,4.31,4.31,4.251,4.273,86836.916119
1738494000000,4.272,4.287,4.177,4.196,288576.289114
1738497600000,4.196,4.237,4.142,4.145,226906.177754
1738501200000,4.145,4.241,4.145,4.241,168832.545578
1738504800000,4.241,4.255,4.206,4.214,132128.295222
1738508400000,4.211,4.211,4.126,4.182,255717.902659
1738512000000,4.182,4.182,3.982,4.023,775384.275647
1738515600000,4.024,4.064,3.81,3.851,997666.739744
1738519200000,3.853,3.925,3.696,3.726,899041.504455
1738522800000,3.727,3.824,3.64,3.79,607736.857358
1738526400000,3.789,3.846,3.717,3.727,234907.567019
1738530000000,3.729,3.746,3.642,3.665,298694.636831
1738533600000,3.665,3.746,3.301,3.538,1674006.074897
1738537200000,3.537,3.612,3.411,3.601,1237186.590154
1738540800000,3.603,3.603,3.333,3.482,1640243.125028
1738544400000,3.481,3.51,2.768,2.981,5904996.264941
1738548000000,2.981,3.031,2.556,2.926,6409479.249678
1738551600000,2.926,3.039,2.917,2.933,1883380.189354
1738555200000,2.933,2.975,2.858,2.881,1113708.352145
1738558800000,2.881,3.089,2.881,3.089,1020062.456864
1738562400000,3.088,3.112,3.032,3.109,638707.360611
1738566000000,3.108,3.221,3.098,3.219,1001363.480707
1738569600000,3.218,3.219,3.066,3.129,907214.402069
1738573200000,3.129,3.206,3.115,3.151,677856.16267
1738576800000,3.152,3.238,3.135,3.231,662830.207713
1738580400000,3.232,3.235,3.164,3.191,524338.794597
1738584000000,3.191,3.249,3.147,3.158,491021.867237
1738587600000,3.158,3.191,3.102,3.126,480188.93967
1738591200000,3.125,3.232,3.025,3.219,1699527.359249
1738594800000,3.217,3.377,3.191,3.351,1149909.620704
1738598400000,3.351,3.424,3.317,3.383,756502.05216
1738602000000,3.382,3.416,3.345,3.395,344289.247073
1738605600000,3.394,3.409,3.36,3.404,253460.475942
1738609200000,3.402,3.504,3.388,3.497,377737.93276
1738612800000,3.496,3.496,3.39,3.427,222998.951782
1738616400000,3.429,3.535,3.425,3.534,307343.151156
1738620000000,3.534,3.573,3.502,3.539,300550.294013
1738623600000,3.541,3.544,3.484,3.506,253709.069539
1738627200000,3.506,3.522,3.442,3.444,387779.419698
1738630800000,3.444,3.483,3.443,3.467,177085.654584
1738634400000,3.469,3.475,3.398,3.401,223542.48673
1738638000000,3.401,3.42,3.37,3.398,288924.291468
1738641600000,3.398,3.42,3.363,3.371,237865.172038
1738645200000,3.372,3.375,3.165,3.185,1231881.447174
1738648800000,3.186,3.249,3.186,3.228,473335.668748
1738652400000,3.229,3.229,3.117,3.14,603899.800671
1738656000000,3.139,3.185,3.12,3.153,299092.29501
1738659600000,3.153,3.199,3.153,3.163,152648.144128
1738663200000,3.163,3.251,3.16,3.235,197082.533632
1738666800000,3.232,3.293,3.227,3.254,286315.706523
1738670400000,3.254,3.335,3.252,3.308,191294.437088
1738674000000,3.305,3.347,3.29,3.299,360002.166076
1738677600000,3.3,3.383,3.271,3.359,473616.520798
1738681200000,3.359,3.376,3.252,3.318,293608.858124
1738684800000,3.317,3.366,3.293,3.314,283722.779662
1738688400000,3.313,3.364,3.289,3.323,165359.562336
1738692000000,3.32,3.372,3.306,3.363,119912.985107
1738695600000,3.362,3.433,3.314,3.314,246602.511221
1738699200000,3.316,3.353,3.258,3.268,299690.423891
1738702800000,3.269,3.27,3.198,3.206,490013.091032
1738706400000,3.207,3.29,3.199,3.288,154857.888942
1738710000000,3.288,3.356,3.27,3.336,201564.910153
1738713600000,3.336,3.349,3.29,3.306,193608.05519
1738717200000,3.305,3.35,3.294,3.3,134901.248861
1738720800000,3.3,3.364,3.286,3.352,227207.364892
1738724400000,3.351,3.363,3.317,3.342,137286.938048
1738728000000,3.342,3.343,3.315,3.327,93011.583441
1738731600000,3.328,3.376,3.295,3.367,194697.242643
1738735200000,3.368,3.368,3.303,3.316,145867.221035
1738738800000,3.317,3.346,3.298,3.335,160718.494232
1738742400000,3.335,3.358,3.309,3.332,119014.878958
1738746000000,3.331,3.355,3.302,3.324,163667.891703
1738749600000,3.322,3.348,3.321,3.333,196910.840504
1738753200000,3.333,3.372,3.333,3.366,173412.394617
1738756800000,3.366,3.383,3.334,3.341,198761.050977
1738760400000,3.343,3.379,3.334,3.371,163997.711688
1738764000000,3.371,3.383,3.322,3.334,262134.248277
1738767600000,3.333,3.362,3.284,3.328,378010.156103
1738771200000,3.328,3.339,3.245,3.3,371506.582668
1738774800000,3.297,3.315,3.213,3.231,177462.341746
1738778400000,3.231,3.273,3.214,3.231,99338.849812
1738782000000,3.231,3.303,3.218,3.294,70302.849664
1738785600000,3.296,3.307,3.228,3.263,68394.222265
1738789200000,3.264,3.287,3.246,3.255,75502.408234
1738792800000,3.256,3.271,3.193,3.221,111445.197941
1738796400000,3.221,3.252,3.214,3.242,147263.653248
1738800000000,3.24,3.262,3.226,3.232,139753.029061
1738803600000,3.231,3.283,3.21,3.254,143142.632253
1738807200000,3.252,3.302,3.25,3.292,112632.333567
1738810800000,3.291,3.305,3.266,3.294,123024.640041
1738814400000,3.294,3.32,3.285,3.299,132198.447066
1738818000000,3.298,3.323,3.294,3.31,96999.777707
1738821600000,3.31,3.354,3.29,3.353,170258.25093
1738825200000,3.351,3.351,3.309,3.32,92762.686903
1738828800000,3.322,3.331,3.305,3.311,91201.677809
1738832400000,3.314,3.35,3.294,3.346,134580.457349
1738836000000,3.345,3.356,3.304,3.326,99790.09884
1738839600000,3.327,3.331,3.276,3.308,137600.344121
1738843200000,3.31,3.315,3.24,3.257,148633.629495
1738846800000,3.259,3.304,3.257,3.29,118247.493423
1738850400000,3.291,3.298,3.205,3.222,460340.901328
1738854000000,3.222,3.243,3.122,3.148,478983.330642
1738857600000,3.149,3.175,3.116,3.148,381579.228647
1738861200000,3.149,3.186,3.13,3.138,239578.859771
1738864800000,3.137,3.155,3.097,3.107,318374.787535
1738868400000,3.106,3.163,3.084,3.111,128483.409437
1738872000000,3.11,3.179,3.103,3.172,68166.955628
1738875600000,3.173,3.177,3.101,3.147,120110.294953
1738879200000,3.147,3.147,3.101,3.14,89607.654082
1738882800000,3.14,3.15,3.087,3.121,165613.571939
1738886400000,3.121,3.16,3.114,3.131,163765.267387
1738890000000,3.131,3.227,3.131,3.205,280253.304626
1738893600000,3.204,3.232,3.195,3.205,131412.19685
1738897200000,3.204,3.226,3.19,3.219,116667.193581
1738900800000,3.221,3.253,3.221,3.227,183648.412631
1738904400000,3.227,3.232,3.191,3.204,58377.34821
1738908000000,3.207,3.207,3.139,3.171,218962.69797
1738911600000,3.17,3.23,3.17,3.19,112974.314246
1738915200000,3.189,3.232,3.175,3.209,211432.217411
1738918800000,3.21,3.254,3.206,3.251,117717.937809
1738922400000,3.251,3.272,3.243,3.247,98939.462353
1738926000000,3.248,3.279,3.244,3.271,222248.208546
1738929600000,3.272,3.291,3.244,3.27,193925.234958
1738933200000,3.271,3.333,3.231,3.328,489370.429209
1738936800000,3.326,3.382,3.315,3.367,377509.545806
1738940400000,3.366,3.366,3.271,3.306,591857.750589
1738944000000,3.307,3.315,3.265,3.271,205615.76974
1738947600000,3.271,3.276,3.218,3.241,263635.253062
1738951200000,3.242,3.297,3.236,3.273,113991.836608
1738954800000,3.274,3.277,3.231,3.233,50387.740732
1738958400000,3.233,3.233,3.125,3.133,279062.006133
1738962000000,3.133,3.158,3.105,3.116,149282.292973
1738965600000,3.118,3.137,3.074,3.131,212713.995139
1738969200000,3.13,3.191,3.122,3.187,159324.131398
1738972800000,3.187,3.231,3.173,3.218,156817.674151
1738976400000,3.218,3.221,3.174,3.179,294145.319194
1738980000000,3.179,3.215,3.17,3.2,238051.07076
1738983600000,3.201,3.225,3.186,3.189,91360.593654
1738987200000,3.188,3.191,3.163,3.169,110712.039499
1738990800000,3.169,3.183,3.151,3.173,110314.288051
1738994400000,3.174,3.192,3.164,3.174,129350.308919
1738998000000,3.172,3.221,3.148,3.199,136063.539413
1739001600000,3.199,3.21,3.17,3.174,110900.812483
1739005200000,3.173,3.198,3.173,3.19,52422.351263
1739008800000,3.192,3.206,3.187,3.195,119534.957025
1739012400000,3.195,3.196,3.168,3.189,117109.56622
1739016000000,3.187,3.199,3.164,3.178,79050.636885
1739019600000,3.177,3.231,3.176,3.207,132827.511479
1739023200000,3.206,3.241,3.195,3.23,208833.492389
1739026800000,3.231,3.247,3.187,3.211,228295.955528
1739030400000,3.213,3.245,3.195,3.238,147052.409137
1739034000000,3.238,3.287,3.238,3.276,141623.377954
1739037600000,3.276,3.306,3.259,3.297,130833.641977
1739041200000,3.298,3.312,3.282,3.298,104505.734448
1739044800000,3.299,3.32,3.287,3.309,85533.480862
1739048400000,3.31,3.322,3.294,3.31,148697.466908
1739052000000,3.314,3.325,3.294,3.309,103457.845187
1739055600000,3.308,3.325,3.305,3.305,53611.896666
1739059200000,3.305,3.316,3.288,3.302,239189.198624
1739062800000,3.301,3.334,3.292,3.322,160547.120103
1739066400000,3.322,3.33,3.303,3.306,65018.058886
1739070000000,3.305,3.387,3.298,3.375,212846.148392
1739073600000,3.375,3.375,3.329,3.336,155942.264229
1739077200000,3.337,3.34,3.322,3.331,57727.053332
1739080800000,3.329,3.342,3.314,3.341,55025.021773
1739084400000,3.342,3.363,3.334,3.355,86164.337288
1739088000000,3.357,3.375,3.351,3.367,101900.601154
1739091600000,3.369,3.372,3.343,3.344,131668.991222
1739095200000,3.345,3.379,3.336,3.357,128322.57109
1739098800000,3.358,3.367,3.343,3.344,82799.31069
1739102400000,3.344,3.359,3.329,3.344,127522.570885
1739106000000,3.345,3.351,3.277,3.291,235144.548135
1739109600000,3.292,3.327,3.287,3.31,82774.963499
1739113200000,3.309,3.354,3.309,3.343,113479.074106
1739116800000,3.343,3.365,3.328,3.357,118284.326967
1739120400000,3.357,3.36,3.31,3.32,104463.182753
1739124000000,3.319,3.33,3.31,3.318,29454.684125
1739127600000,3.318,3.328,3.284,3.291,105662.005805
1739131200000,3.291,3.331,3.288,3.312,53069.287239
1739134800000,3.314,3.315,3.16,3.187,425417.499336
1739138400000,3.186,3.315,3.158,3.277,348946.660816
1739142000000,3.274,3.322,3.264,3.311,130956.09026
1739145600000,3.31,3.372,3.309,3.338,216649.747245
1739149200000,3.336,3.34,3.216,3.234,396253.628006
1739152800000,3.234,3.246,3.191,3.226,236506.669307
1739156400000,3.226,3.342,3.209,3.305,256729.622345
1739160000000,3.306,3.338,3.288,3.319,146060.021206
1739163600000,3.319,3.377,3.306,3.343,277336.789743
1739167200000,3.343,3.348,3.318,3.344,105404.215392
1739170800000,3.344,3.363,3.328,3.353,138494.723127
1739174400000,3.351,3.407,3.345,3.395,328814.823028
1739178000000,3.395,3.415,3.377,3.41,228164.758191
1739181600000,3.41,3.429,3.392,3.4,182126.959865
1739185200000,3.401,3.445,3.395,3.431,148250.072198
1739188800000,3.43,3.441,3.378,3.394,219410.564974
1739192400000,3.395,3.468,3.383,3.452,288546.646376
1739196000000,3.452,3.462,3.388,3.398,257974.397287
1739199600000,3.398,3.411,3.366,3.387,219807.631298
1739203200000,3.388,3.423,3.379,3.408,164968.988882
1739206800000,3.41,3.423,3.387,3.407,126490.296485
1739210400000,3.406,3.411,3.381,3.409,92999.968408
1739214000000,3.409,3.418,3.387,3.397,105544.658479
1739217600000,3.398,3.432,3.392,3.423,48672.384668
1739221200000,3.423,3.423,3.389,3.405,34954.263325
1739224800000,3.405,3.427,3.393,3.406,97018.583939
1739228400000,3.405,3.43,3.397,3.429,113392.31832
1739232000000,3.429,3.47,3.416,3.458,188127.47859
1739235600000,3.458,3.476,3.446,3.457,131611.306671
1739239200000,3.457,3.463,3.419,3.438,162217.844007
1739242800000,3.437,3.447,3.416,3.447,112005.395068
1739246400000,3.447,3.486,3.431,3.48,191923.949653
1739250000000,3.48,3.525,3.468,3.518,312837.236134
1739253600000,3.517,3.538,3.492,3.528,159022.374766
1739257200000,3.527,3.528,3.503,3.506,83393.464855
1739260800000,3.506,3.529,3.504,3.512,87694.581196
1739264400000,3.514,3.519,3.473,3.483,226961.731378
1739268000000,3.482,3.49,3.463,3.469,94976.843844
1739271600000,3.469,3.496,3.465,3.489,73295.479962
1739275200000,3.49,3.494,3.454,3.473,119946.345302
1739278800000,3.472,3.48,3.363,3.378,453105.098467
1739282400000,3.376,3.427,3.365,3.416,383574.495939
1739286000000,3.415,3.438,3.389,3.409,146864.519667
1739289600000,3.409,3.419,3.37,3.382,115036.617176
1739293200000,3.38,3.382,3.341,3.351,218269.059041
1739296800000,3.351,3.352,3.304,3.312,180140.023309
1739300400000,3.313,3.327,3.267,3.287,153065.807782
1739304000000,3.287,3.321,3.282,3.311,95520.273915
1739307600000,3.31,3.352,3.301,3.338,111702.947483
1739311200000,3.338,3.371,3.305,3.316,84631.708184
1739314800000,3.316,3.355,3.316,3.339,54231.820291
1739318400000,3.339,3.36,3.309,3.347,103246.451415
1739322000000,3.349,3.36,3.321,3.354,106361.782401
1739325600000,3.354,3.354,3.292,3.306,89116.447556
1739329200000,3.308,3.33,3.283,3.311,272334.311296
1739332800000,3.312,3.325,3.282,3.294,86079.637209
1739336400000,3.296,3.324,3.287,3.315,89194.810474
1739340000000,3.315,3.318,3.284,3.289,110750.259192
1739343600000,3.29,3.313,3.283,3.291,107179.103777
1739347200000,3.291,3.325,3.291,3.297,190783.860614
1739350800000,3.297,3.305,3.263,3.297,226437.945869
1739354400000,3.295,3.302,3.274,3.288,86761.971028
1739358000000,3.288,3.329,3.287,3.306,154615.206633
1739361600000,3.307,3.344,3.302,3.303,124377.763317
1739365200000,3.304,3.351,3.176,3.245,1463512.363939
1739368800000,3.244,3.257,3.177,3.251,510500.156757
1739372400000,3.25,3.295,3.208,3.282,351296.864374
1739376000000,3.283,3.38,3.253,3.365,211845.624784
1739379600000,3.366,3.435,3.366,3.398,270394.269337
1739383200000,3.399,3.402,3.367,3.394,81643.166682
1739386800000,3.395,3.439,3.369,3.424,125053.465568
1739390400000,3.428,3.454,3.414,3.436,110444.061771
1739394000000,3.438,3.457,3.421,3.438,54866.875472
1739397600000,3.44,3.529,3.43,3.477,275729.948204
1739401200000,3.478,3.49,3.464,3.477,164797.909334
1739404800000,3.478,3.485,3.451,3.471,136819.085986
1739408400000,3.471,3.51,3.47,3.5,146934.93226
1739412000000,3.499,3.499,3.464,3.476,96944.580095
1739415600000,3.476,3.485,3.46,3.475,96084.44925
1739419200000,3.476,3.478,3.416,3.426,157244.927036
1739422800000,3.426,3.437,3.404,3.427,91872.801544
1739426400000,3.427,3.436,3.372,3.386,206971.340191
1739430000000,3.386,3.402,3.37,3.384,92781.518353
1739433600000,3.384,3.393,3.353,3.365,139712.802759
1739437200000,3.365,3.398,3.348,3.394,157009.745597
1739440800000,3.394,3.399,3.38,3.391,126079.49903
1739444400000,3.392,3.399,3.359,3.388,140914.068257
1739448000000,3.39,3.398,3.367,3.373,172412.142658
1739451600000,3.375,3.431,3.363,3.4,285335.735372
1739455200000,3.399,3.403,3.345,3.375,251074.774899
1739458800000,3.373,3.413,3.35,3.386,177485.808179
1739462400000,3.385,3.392,3.345,3.358,173019.501867
1739466000000,3.354,3.395,3.352,3.373,43903.945763
1739469600000,3.373,3.397,3.352,3.396,58662.726049
1739473200000,3.396,3.425,3.377,3.395,93046.00916
1739476800000,3.396,3.412,3.385,3.399,76462.258517
1739480400000,3.398,3.433,3.394,3.415,54115.777949
1739484000000,3.416,3.43,3.393,3.397,75352.806909
1739487600000,3.396,3.412,3.383,3.402,62463.979016
1739491200000,3.403,3.417,3.388,3.406,124986.336621
1739494800000,3.407,3.422,3.393,3.42,50075.53591
1739498400000,3.421,3.445,3.416,3.416,82528.369074
1739502000000,3.415,3.46,3.413,3.452,80450.175483
1739505600000,3.453,3.455,3.427,3.434,103954.330016
1739509200000,3.434,3.445,3.414,3.422,115259.284349
1739512800000,3.423,3.431,3.402,3.422,94344.763606
1739516400000,3.423,3.433,3.417,3.423,38181.402439
1739520000000,3.424,3.482,3.424,3.456,149973.260304
1739523600000,3.457,3.507,3.457,3.498,237645.104915
1739527200000,3.499,3.517,3.48,3.484,210341.36796
1739530800000,3.485,3.498,3.459,3.475,100507.242365
1739534400000,3.474,3.476,3.45,3.465,71575.724487
1739538000000,3.463,3.502,3.451,3.493,142150.580674
1739541600000,3.494,3.552,3.467,3.529,279591.244005
1739545200000,3.53,3.534,3.461,3.513,329613.492827
1739548800000,3.514,3.531,3.474,3.528,117423.323835
1739552400000,3.527,3.611,3.519,3.593,253661.909306
1739556000000,3.594,3.607,3.574,3.593,154869.319742
1739559600000,3.593,3.628,3.559,3.574,138954.812517
1739563200000,3.575,3.588,3.523,3.534,91513.556665
1739566800000,3.535,3.554,3.496,3.552,116687.917762
1739570400000,3.551,3.56,3.482,3.505,100416.167073
1739574000000,3.504,3.533,3.496,3.528,51369.374568
1739577600000,3.526,3.526,3.495,3.511,123537.891672
1739581200000,3.513,3.538,3.508,3.536,97788.436353
1739584800000,3.537,3.568,3.528,3.563,174451.426104
1739588400000,3.563,3.566,3.536,3.544,70259.287013
1739592000000,3.544,3.558,3.531,3.541,70522.631347
1739595600000,3.542,3.56,3.533,3.543,124732.382703
1739599200000,3.543,3.548,3.504,3.508,136558.409331
1739602800000,3.51,3.52,3.489,3.506,147976.783448
1739606400000,3.506,3.532,3.502,3.514,59414.443699
1739610000000,3.514,3.528,3.488,3.5,83933.66087
1739613600000,3.499,3.504,3.488,3.494,58132.74508
1739617200000,3.495,3.499,3.46,3.478,149275.97998
1739620800000,3.48,3.499,3.472,3.494,52209.25187
1739624400000,3.494,3.502,3.476,3.481,71567.452859
1739628000000,3.481,3.481,3.421,3.449,269011.774021
1739631600000,3.449,3.464,3.431,3.442,85799.209842
1739635200000,3.443,3.454,3.421,3.428,85638.745694
1739638800000,3.429,3.435,3.407,3.417,70947.160687
1739642400000,3.419,3.446,3.414,3.438,36217.237964
1739646000000,3.44,3.442,3.408,3.409,49571.128013
1739649600000,3.41,3.418,3.382,3.401,206789.731045
1739653200000,3.402,3.419,3.402,3.416,29263.89333
1739656800000,3.416,3.418,3.387,3.406,32231.346405
1739660400000,3.406,3.425,3.401,3.416,35321.899888
1739664000000,3.415,3.431,3.408,3.418,105992.254234
1739667600000,3.417,3.417,3.391,3.404,67574.521514
1739671200000,3.402,3.405,3.367,3.376,179971.493935
1739674800000,3.376,3.388,3.361,3.388,111002.613924
1739678400000,3.388,3.399,3.382,3.396,40836.316619
1739682000000,3.397,3.408,3.376,3.402,59337.153168
1739685600000,3.401,3.408,3.388,3.395,150439.932139
1739689200000,3.394,3.394,3.361,3.369,79029.693846
1739692800000,3.368,3.386,3.361,3.383,89643.631467
1739696400000,3.381,3.42,3.373,3.415,139762.700423
1739700000000,3.414,3.429,3.412,3.417,68956.231976
1739703600000,3.418,3.46,3.412,3.459,88213.679722
1739707200000,3.459,3.487,3.449,3.452,188134.389254
1739710800000,3.451,3.451,3.4,3.407,155585.545918
1739714400000,3.407,3.428,3.372,3.426,208474.015778
1739718000000,3.427,3.466,3.421,3.441,139743.110961
1739721600000,3.441,3.454,3.415,3.43,63441.94137
1739725200000,3.43,3.445,3.396,3.403,50495.504719
1739728800000,3.402,3.403,3.36,3.392,86093.448692
1739732400000,3.389,3.399,3.362,3.398,44811.689487
1739736000000,3.397,3.416,3.387,3.391,24549.457413
1739739600000,3.391,3.435,3.376,3.421,46267.783496
1739743200000,3.421,3.421,3.378,3.404,36957.850191
1739746800000,3.406,3.414,3.374,3.4,73068.781499
1739750400000,3.4,3.442,3.396,3.439,116629.58661
1739754000000,3.439,3.463,3.424,3.458,118922.455109
1739757600000,3.458,3.474,3.421,3.429,133283.787277
1739761200000,3.429,3.429,3.397,3.414,86284.593849
1739764800000,3.414,3.414,3.38,3.382,154206.389085
1739768400000,3.382,3.39,3.325,3.378,385565.195759
1739772000000,3.379,3.41,3.372,3.387,200284.499279
1739775600000,3.387,3.412,3.356,3.375,172792.392919
1739779200000,3.374,3.41,3.359,3.394,209700.335973
1739782800000,3.395,3.433,3.392,3.426,181277.997662
1739786400000,3.426,3.464,3.418,3.423,202014.96104
1739790000000,3.422,3.441,3.402,3.412,115298.092403
1739793600000,3.412,3.452,3.412,3.444,154261.063189
1739797200000,3.444,3.458,3.424,3.45,196138.188303
1739800800000,3.452,3.512,3.448,3.496,487669.760157
1739804400000,3.497,3.511,3.39,3.402,393726.703812
1739808000000,3.399,3.417,3.346,3.358,345423.07027
1739811600000,3.358,3.397,3.356,3.37,113386.306014
1739815200000,3.37,3.378,3.328,3.331,126993.955624
1739818800000,3.329,3.377,3.313,3.372,91678.721995
1739822400000,3.371,3.431,3.367,3.412,158252.870357
1739826000000,3.412,3.459,3.411,3.458,77594.903517
1739829600000,3.459,3.461,3.415,3.418,111213.762189
1739833200000,3.418,3.445,3.417,3.435,87834.696539
1739836800000,3.435,3.438,3.378,3.392,144597.348564
1739840400000,3.391,3.424,3.385,3.418,75580.998354
1739844000000,3.418,3.427,3.389,3.394,133001.419017
1739847600000,3.394,3.408,3.383,3.396,36773.123529
1739851200000,3.395,3.407,3.353,3.369,153982.412311
1739854800000,3.371,3.381,3.31,3.313,393117.629983
1739858400000,3.314,3.318,3.229,3.239,442737.945741
1739862000000,3.24,3.275,3.225,3.254,348130.471298
1739865600000,3.254,3.264,3.203,3.219,661268.889582
1739869200000,3.218,3.285,3.204,3.284,208276.211645
1739872800000,3.285,3.292,3.252,3.26,98392.807318
1739876400000,3.258,3.265,3.233,3.247,206895.111685
1739880000000,3.246,3.298,3.242,3.29,196968.028658
1739883600000,3.289,3.301,3.271,3.297,166314.994553
1739887200000,3.298,3.33,3.232,3.253,308645.267491
1739890800000,3.254,3.26,3.178,3.196,650105.824086
1739894400000,3.196,3.223,3.143,3.161,432063.280098
1739898000000,3.161,3.189,3.134,3.185,263731.924458
1739901600000,3.187,3.232,3.177,3.205,149887.595191
1739905200000,3.205,3.205,3.16,3.182,193829.850621
1739908800000,3.183,3.199,3.152,3.169,81332.240875
1739912400000,3.169,3.221,3.164,3.217,305211.81776
1739916000000,3.218,3.238,3.201,3.206,207542.730323
1739919600000,3.207,3.233,3.196,3.23,151203.587438
1739923200000,3.231,3.249,3.221,3.223,191754.969895
1739926800000,3.224,3.227,3.192,3.21,173505.310449
1739930400000,3.211,3.269,3.21,3.253,216311.301146
1739934000000,3.254,3.254,3.232,3.247,103531.015034
1739937600000,3.248,3.251,3.2,3.2,112014.55485
1739941200000,3.2,3.241,3.195,3.232,164198.4357
1739944800000,3.232,3.262,3.228,3.255,80897.863137
1739948400000,3.253,3.306,3.25,3.289,213809.150669
1739952000000,3.288,3.297,3.267,3.269,520357.276317
1739955600000,3.269,3.296,3.261,3.285,133148.541217
1739959200000,3.285,3.305,3.277,3.298,174615.206421
1739962800000,3.298,3.31,3.285,3.306,95617.929668
1739966400000,3.307,3.313,3.291,3.299,286526.524874
1739970000000,3.3,3.334,3.3,3.311,189996.818354
1739973600000,3.312,3.329,3.255,3.259,261760.777434
1739977200000,3.26,3.295,3.251,3.274,289899.860037
1739980800000,3.273,3.309,3.27,3.302,164544.774917
1739984400000,3.303,3.32,3.285,3.309,74847.228525
1739988000000,3.31,3.313,3.288,3.29,40410.347747
1739991600000,3.29,3.322,3.273,3.297,54033.886539
1739995200000,3.296,3.315,3.288,3.29,40899.287576
1739998800000,3.29,3.309,3.274,3.284,59051.163776
1740002400000,3.284,3.328,3.275,3.321,137591.294414
1740006000000,3.321,3.343,3.321,3.325,104209.892434
1740009600000,3.326,3.383,3.315,3.374,322624.420475
1740013200000,3.373,3.404,3.348,3.367,287525.206444
1740016800000,3.366,3.416,3.364,3.4,213115.42995
1740020400000,3.4,3.455,3.398,3.447,326636.100032
1740024000000,3.447,3.497,3.447,3.466,291647.535429
1740027600000,3.467,3.503,3.465,3.471,299183.167522
1740031200000,3.471,3.482,3.447,3.455,265680.172419
1740034800000,3.456,3.464,3.433,3.433,336827.53456
1740038400000,3.432,3.457,3.423,3.44,168193.101696
1740042000000,3.44,3.453,3.431,3.438,93200.153375
1740045600000,3.44,3.474,3.428,3.473,164846.557398
1740049200000,3.472,3.477,3.453,3.46,151999.53853
1740052800000,3.46,3.478,3.452,3.455,124737.359763
1740056400000,3.456,3.469,3.436,3.463,188449.803446
1740060000000,3.464,3.504,3.451,3.454,449527.759276
1740063600000,3.455,3.473,3.427,3.433,250220.724913
1740067200000,3.434,3.498,3.429,3.472,308489.93222
1740070800000,3.471,3.501,3.468,3.5,125957.08205
1740074400000,3.499,3.521,3.476,3.476,156114.298837
1740078000000,3.476,3.497,3.472,3.491,54324.860258
1740081600000,3.49,3.527,3.487,3.499,104348.463242
1740085200000,3.499,3.5,3.474,3.479,88142.165441
1740088800000,3.479,3.501,3.472,3.488,104069.625257
1740092400000,3.488,3.514,3.481,3.495,135978.633832
1740096000000,3.495,3.519,3.486,3.499,178766.812788
1740099600000,3.497,3.503,3.466,3.485,113213.580957
1740103200000,3.485,3.5,3.466,3.47,123112.134864
1740106800000,3.47,3.492,3.467,3.475,62302.77911
1740110400000,3.476,3.517,3.476,3.51,127955.9326
1740114000000,3.511,3.538,3.499,3.524,147996.024878
1740117600000,3.524,3.53,3.506,3.52,108387.587746
1740121200000,3.52,3.54,3.513,3.526,122480.858678
1740124800000,3.527,3.548,3.519,3.541,113848.974962
1740128400000,3.542,3.605,3.539,3.549,504806.627535
1740132000000,3.548,3.562,3.529,3.529,262865.158272
1740135600000,3.53,3.536,3.511,3.517,196752.248082
1740139200000,3.517,3.545,3.514,3.542,169054.698083
1740142800000,3.543,3.58,3.536,3.57,193634.738321
1740146400000,3.57,3.571,3.504,3.538,313836.810733
1740150000000,3.537,3.567,3.406,3.473,801537.725769
1740153600000,3.475,3.513,3.446,3.452,374925.08092
1740157200000,3.451,3.463,3.357,3.361,378422.663333
1740160800000,3.36,3.379,3.34,3.363,239853.105545
1740164400000,3.362,3.37,3.255,3.273,458291.103171
1740168000000,3.272,3.323,3.264,3.273,303194.98174
1740171600000,3.271,3.289,3.255,3.278,157608.835072
1740175200000,3.278,3.332,3.272,3.327,175473.870636
1740178800000,3.326,3.33,3.297,3.322,137999.457166
1740182400000,3.322,3.358,3.304,3.346,304231.166625
1740186000000,3.346,3.361,3.339,3.345,125764.517157
1740189600000,3.345,3.345,3.308,3.329,167572.351455
1740193200000,3.329,3.329,3.304,3.322,184165.508051
1740196800000,3.322,3.345,3.315,3.339,95814.452721
1740200400000,3.339,3.348,3.327,3.336,257857.211854
1740204000000,3.337,3.343,3.32,3.331,109951.108071
1740207600000,3.332,3.349,3.33,3.33,94633.899109
1740211200000,3.331,3.347,3.326,3.334,45054.028498
1740214800000,3.335,3.357,3.333,3.351,79519.693696
1740218400000,3.353,3.374,3.344,3.362,86980.444864
1740222000000,3.362,3.379,3.356,3.372,55943.256113
1740225600000,3.372,3.386,3.359,3.383,110925.11178
1740229200000,3.383,3.397,3.358,3.359,193126.181248
1740232800000,3.359,3.369,3.348,3.355,188188.060324
1740236400000,3.356,3.389,3.352,3.379,121398.915137
1740240000000,3.379,3.395,3.377,3.384,137015.70376
1740243600000,3.385,3.437,3.381,3.429,182534.069185
1740247200000,3.429,3.454,3.429,3.442,136196.530422
1740250800000,3.443,3.446,3.422,3.439,52046.35913
1740254400000,3.44,3.442,3.414,3.421,38320.250862
1740258000000,3.422,3.434,3.407,3.429,30815.217414
1740261600000,3.43,3.437,3.423,3.426,65555.179822
1740265200000,3.427,3.449,3.416,3.433,105347.647099
1740268800000,3.434,3.465,3.431,3.458,141529.860656
1740272400000,3.457,3.463,3.432,3.453,90874.207517
1740276000000,3.452,3.454,3.423,3.427,105256.118008
1740279600000,3.428,3.452,3.418,3.44,84442.213693
1740283200000,3.44,3.442,3.425,3.439,59083.293496
1740286800000,3.438,3.456,3.434,3.44,98066.992067
1740290400000,3.441,3.453,3.433,3.445,99731.227577
1740294000000,3.446,3.508,3.443,3.498,265490.263349
1740297600000,3.498,3.501,3.482,3.489,221274.079113
1740301200000,3.49,3.502,3.46,3.48,165877.532798
1740304800000,3.479,3.485,3.456,3.466,122743.210856
1740308400000,3.465,3.472,3.435,3.444,227239.892584
1740312000000,3.443,3.461,3.415,3.424,177442.581124
1740315600000,3.424,3.453,3.423,3.443,121994.273709
1740319200000,3.444,3.452,3.402,3.412,233978.111803
1740322800000,3.411,3.437,3.374,3.382,266173.241415
1740326400000,3.382,3.408,3.38,3.387,101591.3388
1740330000000,3.391,3.427,3.391,3.42,57035.212989
1740333600000,3.419,3.436,3.405,3.412,39832.764298
1740337200000,3.412,3.417,3.401,3.406,19297.585316
1740340800000,3.407,3.415,3.393,3.404,43168.196878
1740344400000,3.405,3.411,3.39,3.408,30020.392151
1740348000000,3.408,3.411,3.377,3.396,58349.114137
1740351600000,3.397,3.432,3.392,3.413,139657.197655
1740355200000,3.414,3.437,3.408,3.414,112047.411764
1740358800000,3.414,3.421,3.356,3.368,201356.86135
1740362400000,3.368,3.387,3.356,3.364,119037.683108
1740366000000,3.361,3.361,3.286,3.299,411884.920013
1740369600000,3.299,3.307,3.257,3.285,387681.557804
1740373200000,3.284,3.32,3.27,3.308,316178.20047
1740376800000,3.309,3.309,3.282,3.306,63979.362044
1740380400000,3.306,3.322,3.295,3.307,96311.245104
1740384000000,3.306,3.306,3.243,3.257,328014.072681
1740387600000,3.258,3.308,3.252,3.279,126808.909097
1740391200000,3.279,3.288,3.225,3.257,417714.418248
1740394800000,3.257,3.277,3.24,3.27,116533.241887
1740398400000,3.27,3.275,3.25,3.259,89463.723192
1740402000000,3.26,3.283,3.232,3.25,140675.327384
1740405600000,3.25,3.259,3.186,3.199,449922.074631
1740409200000,3.199,3.226,3.171,3.205,405173.028509
1740412800000,3.206,3.235,3.196,3.212,322499.500967
1740416400000,3.211,3.242,3.207,3.219,100866.36256
1740420000000,3.22,3.225,3.195,3.197,92283.195629
1740423600000,3.196,3.205,3.136,3.174,259381.257362
1740427200000,3.175,3.213,3.166,3.185,196426.21482
1740430800000,3.185,3.211,3.167,3.168,101837.519947
1740434400000,3.167,3.167,2.937,2.993,1726709.7572
1740438000000,2.993,3.069,2.987,3.016,540673.986899
1740441600000,3.015,3.046,2.924,3.002,796297.063437
1740445200000,3.002,3.036,2.953,3.004,554899.661637
1740448800000,3.003,3.055,2.973,3.044,358143.95161
1740452400000,3.044,3.057,3.001,3.009,272162.031214
1740456000000,3.009,3.027,2.972,2.982,425925.167766
1740459600000,2.98,3.036,2.963,3.028,266916.734044
1740463200000,3.029,3.035,2.977,2.978,381195.679372
1740466800000,2.979,2.986,2.8,2.902,2278722.224628
1740470400000,2.902,2.975,2.892,2.957,375396.274531
1740474000000,2.955,2.961,2.9,2.917,249298.44889
1740477600000,2.917,2.958,2.862,2.934,580754.899203
1740481200000,2.932,3.014,2.89,3.006,475504.051398
1740484800000,3.005,3.038,2.984,3.038,349887.123827
1740488400000,3.036,3.054,3.002,3.002,281804.930149
1740492000000,3.002,3.027,2.941,2.961,474072.653703
1740495600000,2.961,3.03,2.934,3.005,439118.125879
1740499200000,3.005,3.055,2.977,3.032,253523.729069
1740502800000,3.031,3.056,3.011,3.041,92344.672621
1740506400000,3.042,3.064,3.018,3.042,161868.985232
1740510000000,3.042,3.1,3.022,3.097,153667.888499
1740513600000,3.098,3.158,3.08,3.14,143029.096985
1740517200000,3.14,3.163,3.117,3.159,138104.9852
1740520800000,3.16,3.181,3.127,3.145,123451.999311
1740524400000,3.146,3.163,3.13,3.142,163797.856555
1740528000000,3.143,3.147,3.121,3.123,189841.824915
1740531600000,3.123,3.162,3.121,3.152,257545.814613
1740535200000,3.151,3.208,3.144,3.202,179710.340212
1740538800000,3.201,3.221,3.19,3.204,238739.086444
1740542400000,3.204,3.222,3.19,3.196,337982.288679
1740546000000,3.196,3.2,3.166,3.166,236427.06491
1740549600000,3.166,3.2,3.164,3.198,193705.862428
1740553200000,3.198,3.204,3.163,3.182,412482.422711
1740556800000,3.182,3.186,3.152,3.168,318654.359155
1740560400000,3.168,3.221,3.164,3.218,304563.924741
1740564000000,3.216,3.218,3.192,3.209,290099.959332
1740567600000,3.209,3.218,3.177,3.182,157123.852346
1740571200000,3.182,3.193,3.117,3.14,431129.115552
1740574800000,3.141,3.165,3.131,3.138,357147.665363
1740578400000,3.138,3.171,3.072,3.164,947565.871357
1740582000000,3.164,3.213,3.164,3.177,295767.007734
1740585600000,3.177,3.189,3.132,3.159,304317.145891
1740589200000,3.16,3.17,3.073,3.09,325184.787019
1740592800000,3.09,3.118,3.006,3.025,716641.259955
1740596400000,3.025,3.069,3.018,3.053,283193.67149
1740600000000,3.054,3.136,3.017,3.135,240532.026258
1740603600000,3.135,3.166,3.113,3.166,216969.960228
1740607200000,3.167,3.209,3.158,3.174,142149.54942
1740610800000,3.176,3.186,3.137,3.149,263375.452095
1740614400000,3.149,3.174,3.128,3.151,222695.327457
1740618000000,3.15,3.212,3.14,3.182,385797.47189
1740621600000,3.18,3.211,3.162,3.17,521846.561937
1740625200000,3.171,3.203,3.159,3.193,121732.14871
1740628800000,3.192,3.213,3.17,3.184,231198.948254
1740632400000,3.184,3.219,3.184,3.213,185315.967066
1740636000000,3.213,3.245,3.202,3.233,259515.608127
1740639600000,3.234,3.291,3.232,3.263,364147.225364
1740643200000,3.263,3.288,3.256,3.275,307756.268805
1740646800000,3.274,3.337,3.274,3.297,486049.672415
1740650400000,3.298,3.338,3.287,3.337,329210.940849
1740654000000,3.337,3.342,3.298,3.303,197662.41283
1740657600000,3.303,3.308,3.277,3.281,267521.305873
1740661200000,3.282,3.294,3.252,3.267,624002.373421
1740664800000,3.267,3.295,3.252,3.258,276917.271867
1740668400000,3.257,3.306,3.223,3.288,402551.967513
1740672000000,3.288,3.311,3.25,3.255,224306.389835
1740675600000,3.256,3.265,3.225,3.26,224351.125368
1740679200000,3.26,3.275,3.251,3.255,77211.401578
1740682800000,3.255,3.257,3.2,3.21,149108.746427
1740686400000,3.211,3.213,3.155,3.18,271167.068358
1740690000000,3.181,3.224,3.15,3.224,150384.166716
1740693600000,3.224,3.256,3.197,3.254,118691.635635
1740697200000,3.253,3.27,3.238,3.262,91027.695046
1740700800000,3.261,3.266,3.234,3.234,107792.295287
1740704400000,3.234,3.262,3.106,3.124,1021351.509545
1740708000000,3.124,3.163,3.043,3.093,744293.54576
1740711600000,3.094,3.14,3.038,3.042,383321.853805
1740715200000,3.043,3.075,3.001,3.052,472934.48679
1740718800000,3.052,3.058,3.004,3.044,334120.71107
1740722400000,3.043,3.061,2.994,3.034,376136.908616
1740726000000,3.034,3.089,3.025,3.042,363945.480543
1740729600000,3.042,3.067,3.003,3.062,364675.037598
1740733200000,3.062,3.156,3.056,3.139,371990.609735
1740736800000,3.14,3.144,3.078,3.082,186046.385415
1740740400000,3.082,3.142,3.076,3.096,281798.169598
1740744000000,3.094,3.135,3.082,3.121,373382.117928
1740747600000,3.122,3.185,3.111,3.151,467290.988767
1740751200000,3.152,3.216,3.152,3.199,352046.680892
1740754800000,3.199,3.28,3.193,3.26,467824.076293
1740758400000,3.26,3.297,3.231,3.278,388962.542335
1740762000000,3.279,3.293,3.257,3.273,414642.929588
1740765600000,3.274,3.329,3.245,3.301,254454.362683
1740769200000,3.3,3.307,3.276,3.28,84229.787081
1740772800000,3.28,3.284,3.244,3.259,136997.093837
1740776400000,3.259,3.281,3.245,3.252,104126.066794
1740780000000,3.254,3.258,3.216,3.238,187886.409134
1740783600000,3.237,3.251,3.23,3.248,72289.785269
1740787200000,3.249,3.255,3.211,3.211,235326.743539
1740790800000,3.211,3.269,3.208,3.263,151482.43647
1740794400000,3.264,3.288,3.251,3.263,262025.536684
1740798000000,3.264,3.283,3.25,3.267,151331.225071
1740801600000,3.267,3.3,3.266,3.29,203629.888151
1740805200000,3.29,3.29,3.267,3.277,102523.636401
1740808800000,3.277,3.287,3.255,3.263,303830.079899
1740812400000,3.262,3.262,3.228,3.237,125612.126296
1740816000000,3.238,3.259,3.235,3.247,67699.793389
1740819600000,3.246,3.259,3.223,3.239,71474.380265
1740823200000,3.239,3.239,3.197,3.205,166784.483376
1740826800000,3.204,3.208,3.171,3.184,167377.710382
1740830400000,3.185,3.198,3.166,3.19,167676.814538
1740834000000,3.19,3.198,3.136,3.151,163060.978744
1740837600000,3.153,3.171,3.148,3.157,64073.120246
1740841200000,3.155,3.181,3.146,3.174,119561.135108
1740844800000,3.174,3.192,3.159,3.189,140674.768835
1740848400000,3.188,3.188,3.16,3.171,74758.501823
1740852000000,3.17,3.191,3.161,3.179,35919.955224
1740855600000,3.179,3.209,3.175,3.203,56052.127043
1740859200000,3.202,3.207,3.191,3.205,22744.634701
1740862800000,3.207,3.284,3.2,3.276,139173.965264
1740866400000,3.277,3.297,3.241,3.245,115017.582798
1740870000000,3.245,3.25,3.224,3.242,67475.60546
1740873600000,3.243,3.245,3.209,3.229,88757.624661
1740877200000,3.23,3.249,3.214,3.233,82183.723705
1740880800000,3.235,3.258,3.225,3.249,124535.603983
1740884400000,3.25,3.273,3.247,3.254,90179.36989
1740888000000,3.255,3.267,3.243,3.258,77103.6034
1740891600000,3.257,3.267,3.248,3.253,50745.591773
1740895200000,3.254,3.26,3.228,3.237,108392.433337
1740898800000,3.238,3.246,3.223,3.227,106090.265722
1740902400000,3.226,3.234,3.209,3.224,104437.949165
1740906000000,3.224,3.263,3.222,3.245,74580.238059
1740909600000,3.244,3.25,3.235,3.243,54773.411539
1740913200000,3.243,3.243,3.227,3.233,66732.753742
1740916800000,3.233,3.233,3.211,3.228,76888.295671
1740920400000,3.227,3.231,3.204,3.218,74720.449035
1740924000000,3.218,3.221,3.183,3.199,150803.263627
1740927600000,3.201,3.381,3.193,3.301,1583713.233181
1740931200000,3.302,3.543,3.297,3.508,2213965.478366
1740934800000,3.509,3.585,3.464,3.553,923624.58138
1740938400000,3.556,3.564,3.486,3.507,460767.473451
1740942000000,3.508,3.588,3.501,3.57,323176.144077
1740945600000,3.57,3.577,3.546,3.565,213919.37948
1740949200000,3.567,3.596,3.543,3.587,207087.025429
1740952800000,3.586,3.59,3.554,3.572,176547.921052
1740956400000,3.572,3.591,3.55,3.564,286813.709348
1740960000000,3.563,3.583,3.521,3.544,434645.312339
1740963600000,3.543,3.561,3.486,3.489,399078.258042
1740967200000,3.49,3.493,3.429,3.481,416255.195824
1740970800000,3.481,3.489,3.426,3.457,216158.385506
1740974400000,3.456,3.475,3.445,3.469,116639.347997
1740978000000,3.469,3.489,3.458,3.475,122205.982643
1740981600000,3.474,3.475,3.322,3.352,477957.288013
1740985200000,3.353,3.389,3.304,3.388,423741.934227
1740988800000,3.386,3.389,3.292,3.317,430725.61593
1740992400000,3.318,3.339,3.285,3.325,258728.205749
1740996000000,3.324,3.361,3.319,3.332,246588.709704
1740999600000,3.332,3.345,3.313,3.336,175588.464591
1741003200000,3.336,3.364,3.32,3.348,173242.263131
1741006800000,3.347,3.378,3.337,3.374,167211.772592
1741010400000,3.374,3.376,3.234,3.239,1011761.683461
1741014000000,3.241,3.328,3.238,3.288,430890.129141
1741017600000,3.29,3.313,3.263,3.281,173426.240713
1741021200000,3.28,3.308,3.268,3.273,116762.143108
1741024800000,3.272,3.278,3.115,3.139,831014.779077
1741028400000,3.138,3.163,3.007,3.027,872825.960413
1741032000000,3.027,3.065,3,3.047,375014.159024
1741035600000,3.043,3.087,3.011,3.018,224649.679799
1741039200000,3.019,3.105,3.019,3.089,278028.211376
1741042800000,3.089,3.089,3.065,3.072,248173.512969
1741046400000,3.071,3.086,3.029,3.031,539699.872043
1741050000000,3.033,3.045,2.884,2.93,1534729.598998
1741053600000,2.929,2.959,2.853,2.936,1190502.007024
1741057200000,2.934,2.968,2.917,2.94,379616.132956
1741060800000,2.941,2.979,2.938,2.965,262301.716793
1741064400000,2.966,3.022,2.962,3.01,461951.998781
1741068000000,3.011,3.019,2.992,3,195431.381588
1741071600000,2.999,3.009,2.976,2.982,236737.97887
1741075200000,2.982,3.016,2.975,3.001,190723.812287
1741078800000,3.001,3.001,2.957,2.965,123998.727718
1741082400000,2.964,3.006,2.956,2.994,181559.562682
1741086000000,2.992,3.016,2.981,2.985,129193.498762
1741089600000,2.984,3,2.96,2.984,281174.870086
1741093200000,2.982,2.982,2.901,2.923,455132.5886
1741096800000,2.922,3.052,2.9,2.942,936969.102943
1741100400000,2.941,2.971,2.886,2.966,496619.71184
1741104000000,2.965,2.975,2.767,2.89,1161482.805416
1741107600000,2.891,2.993,2.886,2.966,384374.796966
1741111200000,2.965,3.02,2.951,3.011,278914.926349
1741114800000,3.012,3.043,2.999,3.03,141253.864234
1741118400000,3.031,3.048,2.978,2.984,173933.125312
1741122000000,2.984,3.077,2.974,3.025,327823.809519
1741125600000,3.027,3.047,3.012,3.013,152674.285008
1741129200000,3.013,3.03,3.002,3.017,118069.880614
1741132800000,3.016,3.021,2.979,2.993,203885.621243
1741136400000,2.994,3.036,2.977,3.035,236533.857447
1741140000000,3.037,3.049,3.008,3.026,183911.710253
1741143600000,3.025,3.035,2.978,2.979,129052.736409
1741147200000,2.979,3.001,2.978,2.994,85335.592792
1741150800000,2.996,3.01,2.988,3.003,85983.135166
1741154400000,3.003,3.015,2.986,3.002,299148.081308
1741158000000,3.004,3.018,2.994,3.012,199178.615935
1741161600000,3.012,3.046,3.005,3.04,209060.763334
1741165200000,3.039,3.086,3.036,3.061,244249.937666
1741168800000,3.061,3.109,3.048,3.081,323569.91041
1741172400000,3.083,3.09,3.052,3.066,194543.892325
1741176000000,3.066,3.103,3.065,3.084,175858.785442
1741179600000,3.085,3.091,3.046,3.063,264970.943581
1741183200000,3.063,3.073,3.021,3.033,269435.695077
1741186800000,3.033,3.069,3.013,3.039,322140.375926
1741190400000,3.039,3.06,3.008,3.051,190695.868769
1741194000000,3.049,3.097,3.047,3.087,141615.670041
1741197600000,3.084,3.108,3.066,3.103,187157.681822
1741201200000,3.103,3.132,3.098,3.123,89097.485648
1741204800000,3.123,3.18,3.123,3.149,167943.146783
1741208400000,3.15,3.165,3.131,3.142,101919.963606
1741212000000,3.142,3.147,3.121,3.135,102217.016192
1741215600000,3.136,3.151,3.126,3.136,61109.956182
1741219200000,3.136,3.146,3.118,3.123,100241.091147
1741222800000,3.123,3.174,3.106,3.138,127203.231052
1741226400000,3.14,3.155,3.124,3.148,125562.990576
1741230000000,3.148,3.163,3.14,3.155,144905.667449
1741233600000,3.154,3.188,3.143,3.18,151571.60007
1741237200000,3.18,3.201,3.169,3.171,228583.301343
1741240800000,3.173,3.175,3.145,3.151,151576.908581
1741244400000,3.152,3.155,3.125,3.132,120856.283274
1741248000000,3.131,3.157,3.128,3.149,158373.72148
1741251600000,3.147,3.147,3.125,3.135,115313.348015
1741255200000,3.137,3.178,3.133,3.163,221643.814313
1741258800000,3.164,3.17,3.15,3.162,98389.19515
1741262400000,3.163,3.17,3.108,3.12,196111.802513
1741266000000,3.121,3.129,3.095,3.099,230191.31181
1741269600000,3.101,3.125,3.07,3.099,252932.494619
1741273200000,3.098,3.154,3.094,3.136,228978.126019
1741276800000,3.137,3.15,3.085,3.087,208140.885797
1741280400000,3.086,3.091,3.044,3.07,165052.236535
1741284000000,3.068,3.078,3.05,3.066,66881.041451
1741287600000,3.068,3.087,3.044,3.06,71565.096603
1741291200000,3.062,3.086,3.055,3.072,107831.769384
1741294800000,3.072,3.103,3.07,3.09,86698.035725
1741298400000,3.091,3.133,3.09,3.106,168286.762645
1741302000000,3.106,3.114,3.086,3.087,74071.353492
1741305600000,3.086,3.114,2.907,2.929,1218461.710532
1741309200000,2.928,3.059,2.917,3.037,370779.411874
1741312800000,3.036,3.074,3.029,3.041,193975.565145
1741316400000,3.042,3.054,3.028,3.031,128436.023846
1741320000000,3.031,3.055,3.029,3.032,90370.394901
1741323600000,3.03,3.066,3.03,3.049,114214.226253
1741327200000,3.048,3.077,3.035,3.064,125031.341461
1741330800000,3.063,3.107,3.062,3.105,184131.245151
1741334400000,3.104,3.13,3.09,3.106,202590.615673
1741338000000,3.105,3.189,3.104,3.155,576392.468702
1741341600000,3.155,3.177,3.14,3.166,195629.804566
1741345200000,3.164,3.179,3.157,3.164,104063.39556
1741348800000,3.164,3.178,3.14,3.146,307970.691123
1741352400000,3.146,3.218,3.132,3.164,1048815.750013
1741356000000,3.163,3.219,3.14,3.182,309167.328993
1741359600000,3.182,3.21,3.132,3.165,259781.093521
1741363200000,3.164,3.18,3.085,3.11,410157.204933
1741366800000,3.108,3.161,3.086,3.138,237763.247503
1741370400000,3.139,3.207,3.139,3.203,155561.45639
1741374000000,3.202,3.226,3.175,3.187,247533.926861
1741377600000,3.187,3.202,3.134,3.147,217103.932398
1741381200000,3.147,3.152,3.089,3.126,638716.14639
1741384800000,3.127,3.153,3.098,3.132,168388.638689
1741388400000,3.134,3.138,3.085,3.117,144842.67675
1741392000000,3.116,3.139,3.101,3.136,102067.618382
1741395600000,3.136,3.147,3.065,3.102,168535.750833
1741399200000,3.102,3.129,3.089,3.126,234074.894076
1741402800000,3.125,3.142,3.092,3.135,143266.628044
1741406400000,3.133,3.165,3.123,3.152,114858.026583
1741410000000,3.152,3.153,3.107,3.114,150188.488668
1741413600000,3.116,3.125,3.096,3.107,110604.440289
1741417200000,3.107,3.118,3.076,3.08,150881.447112
1741420800000,3.079,3.086,3.043,3.052,460271.291738
1741424400000,3.052,3.079,3.034,3.046,143990.92413
1741428000000,3.046,3.079,3.045,3.068,108466.285418
1741431600000,3.068,3.068,3.035,3.058,73647.494215
1741435200000,3.058,3.079,3.038,3.071,79174.519166
1741438800000,3.071,3.084,3.06,3.072,78829.375995
1741442400000,3.075,3.096,3.068,3.085,118240.693951
1741446000000,3.084,3.09,3.062,3.069,105293.034126
1741449600000,3.07,3.085,3.035,3.079,290886.221228
1741453200000,3.079,3.125,3.071,3.111,395865.713124
1741456800000,3.11,3.125,3.104,3.12,100999.926381
1741460400000,3.122,3.147,3.112,3.137,128449.624385
1741464000000,3.138,3.149,3.132,3.135,80647.851349
1741467600000,3.136,3.143,3.122,3.126,56251.985334
1741471200000,3.127,3.13,3.11,3.122,74646.134145
1741474800000,3.12,3.121,3.096,3.103,59624.640797
1741478400000,3.104,3.123,3.095,3.115,68230.464106
1741482000000,3.115,3.12,3.085,3.091,80643.875772
1741485600000,3.09,3.093,3.069,3.072,93000.445648
1741489200000,3.071,3.084,3.062,3.078,67961.509575
1741492800000,3.076,3.089,3.069,3.084,41702.450656
1741496400000,3.082,3.088,3.062,3.067,56743.644117
1741500000000,3.066,3.067,3.046,3.058,98970.340534
1741503600000,3.058,3.075,3.052,3.061,58481.383502
1741507200000,3.061,3.061,3.04,3.041,102044.051447
1741510800000,3.04,3.045,3.011,3.015,179610.747477
1741514400000,3.015,3.022,2.934,2.936,447144.236025
1741518000000,2.936,2.975,2.935,2.967,223879.303067
1741521600000,2.967,2.979,2.945,2.974,162632.856528
1741525200000,2.974,2.985,2.922,2.924,168711.253793
1741528800000,2.923,2.951,2.912,2.938,271973.889942
1741532400000,2.939,2.945,2.891,2.918,309809.794644
1741536000000,2.917,2.932,2.836,2.843,392037.216091
1741539600000,2.843,2.859,2.782,2.789,457587.109274
1741543200000,2.788,2.82,2.75,2.782,479599.682833
1741546800000,2.782,2.824,2.778,2.81,92845.927033
1741550400000,2.81,2.839,2.801,2.817,104347.502031
1741554000000,2.817,2.824,2.764,2.772,161039.280245
1741557600000,2.771,2.783,2.755,2.768,188206.425415
1741561200000,2.768,2.801,2.741,2.788,211487.771819
1741564800000,2.79,2.84,2.758,2.824,200089.5344
1741568400000,2.824,2.851,2.814,2.84,103752.878389
1741572000000,2.839,2.884,2.835,2.876,124602.701034
1741575600000,2.877,2.89,2.845,2.872,92675.403578
1741579200000,2.871,2.904,2.868,2.899,102233.094008
1741582800000,2.898,2.905,2.873,2.883,87355.885884
1741586400000,2.883,2.883,2.86,2.876,120632.380352
1741590000000,2.877,2.896,2.875,2.887,87402.878615
1741593600000,2.886,2.887,2.839,2.855,149908.966361
1741597200000,2.854,2.976,2.854,2.91,515016.616613
1741600800000,2.911,2.924,2.883,2.908,121054.459607
1741604400000,2.907,2.95,2.894,2.937,117255.78389
1741608000000,2.939,2.952,2.921,2.943,130155.068156
1741611600000,2.943,2.946,2.869,2.878,182911.935014
1741615200000,2.877,2.877,2.777,2.804,549384.749121
1741618800000,2.805,2.86,2.791,2.825,121689.160399
1741622400000,2.826,2.836,2.773,2.789,250019.864551
1741626000000,2.79,2.797,2.7,2.715,753766.497398
1741629600000,2.714,2.759,2.595,2.604,969738.238903
1741633200000,2.605,2.712,2.59,2.692,403513.75754
1741636800000,2.691,2.692,2.634,2.664,217855.193936
1741640400000,2.664,2.693,2.65,2.658,416508.129534
1741644000000,2.658,2.671,2.637,2.658,199140.635887
1741647600000,2.659,2.684,2.637,2.645,233485.019759
1741651200000,2.646,2.68,2.438,2.515,2080369.733624
1741654800000,2.515,2.615,2.454,2.615,852669.458145
1741658400000,2.612,2.639,2.591,2.625,357262.351604
1741662000000,2.624,2.655,2.616,2.621,161815.597651
1741665600000,2.62,2.66,2.614,2.642,159094.485203
1741669200000,2.641,2.71,2.638,2.695,546055.776054
1741672800000,2.694,2.722,2.68,2.68,174554.179961
1741676400000,2.681,2.713,2.679,2.692,129971.44015
1741680000000,2.69,2.721,2.683,2.705,169829.913571
1741683600000,2.706,2.742,2.705,2.714,187734.08333
1741687200000,2.715,2.719,2.701,2.707,157522.785791
1741690800000,2.706,2.712,2.679,2.689,198648.574605
1741694400000,2.689,2.693,2.646,2.653,242245.058286
1741698000000,2.651,2.726,2.613,2.664,787879.412412
1741701600000,2.663,2.682,2.573,2.609,735451.6557
1741705200000,2.608,2.698,2.604,2.687,378879.699442
1741708800000,2.688,2.748,2.676,2.716,329919.919358
1741712400000,2.716,2.722,2.659,2.685,236152.54305
1741716000000,2.685,2.801,2.685,2.787,375390.164459
1741719600000,2.786,2.807,2.775,2.799,165439.400135
1741723200000,2.799,2.802,2.775,2.777,136793.971375
1741726800000,2.777,2.8,2.772,2.783,106787.649191
1741730400000,2.781,2.795,2.765,2.774,86626.395989
1741734000000,2.775,2.776,2.732,2.741,173087.080112
1741737600000,2.742,2.756,2.722,2.746,167024.489668
1741741200000,2.747,2.803,2.744,2.78,169390.174774
1741744800000,2.779,2.799,2.742,2.752,211823.556136
1741748400000,2.752,2.766,2.707,2.709,177552.739494
1741752000000,2.709,2.709,2.673,2.698,328881.461263
1741755600000,2.698,2.726,2.685,2.723,113173.705185
1741759200000,2.722,2.731,2.703,2.727,96538.529226
1741762800000,2.727,2.774,2.726,2.765,122317.102924
1741766400000,2.764,2.802,2.745,2.783,330889.99696
1741770000000,2.784,2.809,2.755,2.773,339418.990094
1741773600000,2.773,2.777,2.746,2.76,88037.732181
1741777200000,2.761,2.798,2.761,2.792,145729.784975
1741780800000,2.793,2.871,2.786,2.842,529364.418912
1741784400000,2.843,2.846,2.762,2.776,217666.690086
1741788000000,2.775,2.783,2.729,2.739,203094.51888
1741791600000,2.739,2.761,2.693,2.76,310445.539458
1741795200000,2.76,2.8,2.752,2.773,229100.873685
1741798800000,2.773,2.809,2.769,2.774,199562.297352
1741802400000,2.774,2.812,2.769,2.781,117100.208066
1741806000000,2.782,2.79,2.759,2.776,72289.000102
1741809600000,2.776,2.786,2.77,2.78,58706.044926
1741813200000,2.78,2.805,2.775,2.785,65781.607537
1741816800000,2.786,2.805,2.785,2.793,78772.696214
1741820400000,2.792,2.795,2.779,2.789,61682.389048
1741824000000,2.788,2.799,2.772,2.776,100674.192499
1741827600000,2.777,2.799,2.759,2.788,206850.645631
1741831200000,2.789,2.808,2.773,2.774,73491.669258
1741834800000,2.775,2.797,2.768,2.774,58982.856902
1741838400000,2.775,2.785,2.75,2.76,164713.205253
1741842000000,2.761,2.776,2.737,2.741,105648.070433
1741845600000,2.741,2.746,2.719,2.741,144905.32906
1741849200000,2.742,2.766,2.735,2.756,78353.987831
1741852800000,2.756,2.765,2.723,2.757,114730.68174
1741856400000,2.758,2.805,2.758,2.8,202058.194756
1741860000000,2.798,2.802,2.775,2.793,192975.154009
1741863600000,2.793,2.795,2.775,2.794,133698.663099
1741867200000,2.795,2.839,2.772,2.779,302955.085915
1741870800000,2.781,2.807,2.732,2.745,218301.586038
1741874400000,2.743,2.781,2.734,2.771,125669.565188
1741878000000,2.772,2.778,2.745,2.762,168691.960211
1741881600000,2.762,2.763,2.716,2.727,227734.374584
1741885200000,2.727,2.733,2.664,2.679,316060.769737
1741888800000,2.68,2.718,2.677,2.705,107540.208286
1741892400000,2.706,2.716,2.681,2.692,90119.872511
1741896000000,2.692,2.707,2.681,2.687,61497.976432
1741899600000,2.684,2.705,2.678,2.704,60218.80713
1741903200000,2.703,2.757,2.703,2.756,61611.802423
1741906800000,2.755,2.778,2.741,2.748,96587.686178
1741910400000,2.749,2.775,2.739,2.761,87728.6398
1741914000000,2.761,2.772,2.75,2.758,80161.999734
1741917600000,2.758,2.794,2.756,2.791,122074.035945
1741921200000,2.79,2.792,2.776,2.791,175883.63229
1741924800000,2.792,2.803,2.783,2.783,183171.833175
1741928400000,2.784,2.789,2.768,2.789,82040.004071
1741932000000,2.789,2.793,2.774,2.792,92047.692639
1741935600000,2.791,2.81,2.782,2.797,208573.419783
1741939200000,2.797,2.846,2.796,2.828,215918.20603
1741942800000,2.828,2.841,2.821,2.831,137773.819014
1741946400000,2.831,2.845,2.816,2.839,100005.36312
1741950000000,2.839,2.848,2.832,2.834,94709.951152
1741953600000,2.834,2.849,2.828,2.842,289961.681547
1741957200000,2.843,2.863,2.829,2.855,192463.313198
1741960800000,2.855,2.865,2.83,2.864,312348.579474
1741964400000,2.865,2.908,2.865,2.874,371957.089939
1741968000000,2.875,2.896,2.862,2.894,199022.36745
1741971600000,2.893,2.899,2.872,2.88,92445.160919
1741975200000,2.881,2.895,2.877,2.89,51105.172173
1741978800000,2.891,2.909,2.883,2.893,68564.105213
1741982400000,2.891,2.893,2.867,2.883,65355.341639
1741986000000,2.883,2.891,2.875,2.89,42020.596929
1741989600000,2.89,2.916,2.888,2.912,48045.773079
1741993200000,2.913,2.913,2.878,2.884,99601.644153
1741996800000,2.885,2.889,2.871,2.885,119444.399364
1742000400000,2.884,2.894,2.858,2.869,104909.554549
1742004000000,2.867,2.886,2.859,2.882,80282.004525
1742007600000,2.881,2.904,2.877,2.897,105241.404058
1742011200000,2.899,2.912,2.885,2.908,115514.637606
1742014800000,2.907,2.909,2.888,2.894,41547.757435
1742018400000,2.893,2.894,2.877,2.884,101874.436785
1742022000000,2.884,2.884,2.862,2.872,54713.211946
1742025600000,2.872,2.895,2.872,2.894,72577.250934
1742029200000,2.892,2.906,2.884,2.902,33327.838063
1742032800000,2.901,2.904,2.885,2.895,69590.736239
1742036400000,2.895,2.922,2.889,2.916,109049.383674
1742040000000,2.916,2.936,2.912,2.927,179330.498545
1742043600000,2.927,2.947,2.926,2.943,101701.897441
1742047200000,2.942,2.946,2.925,2.93,90568.541954
1742050800000,2.93,2.946,2.929,2.944,73256.705189
1742054400000,2.945,2.98,2.942,2.965,176537.150394
1742058000000,2.964,2.973,2.95,2.953,53989.78857
1742061600000,2.954,2.958,2.933,2.94,47712.879543
1742065200000,2.939,2.939,2.926,2.934,117838.352891
1742068800000,2.933,2.957,2.933,2.955,36791.20847
1742072400000,2.957,2.966,2.951,2.958,47289.065651
1742076000000,2.959,2.969,2.953,2.957,45002.369607
1742079600000,2.956,2.959,2.943,2.947,54441.011281
1742083200000,2.947,2.954,2.935,2.944,70343.991401
1742086800000,2.943,2.947,2.918,2.925,104067.706205
1742090400000,2.924,2.928,2.907,2.912,155945.73009
1742094000000,2.912,2.928,2.911,2.925,34982.236743
1742097600000,2.926,2.94,2.924,2.94,37379.373228
1742101200000,2.94,2.956,2.938,2.952,99394.724965
1742104800000,2.951,2.951,2.936,2.945,50563.83685
1742108400000,2.945,2.945,2.925,2.932,86636.209067
1742112000000,2.932,2.936,2.917,2.934,74303.731428
1742115600000,2.934,2.935,2.894,2.905,233090.716357
1742119200000,2.907,2.916,2.885,2.887,81153.990722
1742122800000,2.886,2.887,2.827,2.838,395713.659986
1742126400000,2.838,2.862,2.834,2.848,80670.425254
1742130000000,2.849,2.868,2.824,2.83,118946.591242
1742133600000,2.827,2.861,2.827,2.861,157811.150579
1742137200000,2.86,2.866,2.838,2.853,57443.702669
1742140800000,2.852,2.917,2.848,2.881,367230.209824
1742144400000,2.883,2.894,2.859,2.879,86386.134514
1742148000000,2.88,2.882,2.854,2.861,43563.909063
1742151600000,2.861,2.864,2.815,2.826,179230.55071
1742155200000,2.828,2.851,2.825,2.851,28357.639555
1742158800000,2.849,2.86,2.835,2.85,56355.510637
1742162400000,2.851,2.856,2.826,2.827,51006.113933
1742166000000,2.828,2.844,2.815,2.835,361806.455859
1742169600000,2.834,2.885,2.833,2.883,129745.393567
1742173200000,2.882,2.898,2.874,2.892,71324.646117
1742176800000,2.894,2.92,2.893,2.904,139709.745335
1742180400000,2.904,2.927,2.904,2.91,139082.264483
1742184000000,2.911,2.925,2.903,2.905,64009.191197
1742187600000,2.905,2.905,2.889,2.892,123391.595721
1742191200000,2.893,2.908,2.875,2.901,55787.068632
1742194800000,2.9,2.919,2.898,2.908,85370.068249
1742198400000,2.909,2.92,2.894,2.916,116904.221867
1742202000000,2.917,2.942,2.911,2.928,89804.18306
1742205600000,2.93,2.935,2.915,2.927,83753.564508
1742209200000,2.926,2.933,2.914,2.915,50177.536558
1742212800000,2.915,2.951,2.904,2.916,332663.036716
1742216400000,2.916,2.936,2.902,2.921,162622.313625
1742220000000,2.92,2.957,2.901,2.938,306826.546842
1742223600000,2.938,2.965,2.921,2.962,155617.936611
1742227200000,2.963,2.987,2.943,2.957,217032.72365
1742230800000,2.956,2.976,2.95,2.97,100846.631624
1742234400000,2.97,3.023,2.966,3.021,277668.542382
1742238000000,3.021,3.032,2.998,3.01,136622.619524
1742241600000,3.011,3.048,3.011,3.043,105488.544574
1742245200000,3.043,3.083,3.04,3.059,240647.170999
1742248800000,3.059,3.076,3.036,3.038,106432.763992
1742252400000,3.039,3.051,3.022,3.022,258345.049034
1742256000000,3.023,3.031,3.011,3.02,104128.325064
1742259600000,3.022,3.029,2.965,2.977,281711.723324
1742263200000,2.977,2.995,2.951,2.974,409126.726407
1742266800000,2.973,2.977,2.936,2.941,147696.490209
1742270400000,2.94,2.957,2.938,2.952,137293.582176
1742274000000,2.954,2.973,2.954,2.96,94298.325672
1742277600000,2.96,2.969,2.916,2.923,218578.155563
1742281200000,2.922,2.957,2.919,2.951,176861.18677
1742284800000,2.952,2.962,2.937,2.95,118721.183572
1742288400000,2.951,2.952,2.921,2.922,90938.257724
1742292000000,2.922,2.957,2.845,2.877,946991.736962
1742295600000,2.877,2.884,2.851,2.86,140448.914748
1742299200000,2.858,2.866,2.839,2.859,202491.547155
1742302800000,2.858,2.876,2.834,2.849,183526.990668
1742306400000,2.847,2.879,2.835,2.874,224074.053678
1742310000000,2.872,2.877,2.828,2.835,245460.332212
1742313600000,2.834,2.852,2.82,2.84,130283.530749
1742317200000,2.84,2.85,2.824,2.833,65792.172777
1742320800000,2.835,2.863,2.834,2.851,443798.392967
1742324400000,2.853,2.89,2.85,2.884,135846.473986
1742328000000,2.885,2.888,2.863,2.873,54452.546254
1742331600000,2.872,2.884,2.858,2.869,34929.884909
1742335200000,2.869,2.911,2.86,2.909,95728.245139
1742338800000,2.91,2.938,2.907,2.926,150412.308304
1742342400000,2.924,2.96,2.922,2.949,126768.324666
1742346000000,2.948,2.958,2.922,2.922,167418.461507
1742349600000,2.923,2.954,2.92,2.948,101473.829752
1742353200000,2.948,2.953,2.936,2.951,51118.813975
1742356800000,2.953,2.96,2.933,2.939,54826.587551
1742360400000,2.939,2.952,2.935,2.944,45922.654235
1742364000000,2.944,2.948,2.93,2.938,47818.641249
1742367600000,2.938,2.948,2.925,2.932,93079.708929
1742371200000,2.934,2.944,2.929,2.93,60318.294268
1742374800000,2.931,2.941,2.927,2.936,52802.378453
1742378400000,2.936,2.965,2.918,2.943,269373.382614
1742382000000,2.944,3.01,2.941,2.997,284113.773169
1742385600000,2.997,3.003,2.967,2.979,213272.130314
1742389200000,2.978,3.036,2.966,3.005,382303.639349
1742392800000,3.008,3.034,2.996,3.01,141720.174454
1742396400000,3.009,3.024,2.996,3.013,108057.416996
1742400000000,3.013,3.014,2.985,2.996,211191.860654
1742403600000,2.993,2.998,2.955,2.979,158347.326271
1742407200000,2.979,3.043,2.954,3.032,368306.319507
1742410800000,3.034,3.055,3.015,3.035,204594.908255
1742414400000,3.036,3.057,3.026,3.037,106393.984269
1742418000000,3.037,3.059,3.032,3.059,76437.029825
1742421600000,3.058,3.09,3.058,3.075,145681.188552
1742425200000,3.077,3.095,3.066,3.087,163105.867054
1742428800000,3.088,3.104,3.04,3.051,601614.0595
1742432400000,3.052,3.067,3.042,3.053,126043.154343
1742436000000,3.054,3.058,3.035,3.047,142616.8153
1742439600000,3.047,3.049,3.027,3.031,78331.115498
1742443200000,3.031,3.031,3.013,3.019,130150.615715
1742446800000,3.02,3.021,2.993,3.017,317865.031438
1742450400000,3.016,3.03,3.013,3.025,68723.115055
1742454000000,3.025,3.053,3.02,3.048,78688.165069
1742457600000,3.048,3.087,3.048,3.072,223707.362499
1742461200000,3.072,3.073,3.052,3.056,94751.101407
1742464800000,3.056,3.058,3,3.014,238994.018187
1742468400000,3.014,3.033,3.01,3.028,78919.058592
1742472000000,3.028,3.059,3.017,3.051,52979.213919
1742475600000,3.052,3.059,3.033,3.046,105246.288427
1742479200000,3.045,3.08,3.044,3.068,216663.94045
1742482800000,3.069,3.069,3.014,3.025,190213.808424
1742486400000,3.023,3.046,2.973,2.987,281926.438407
1742490000000,2.985,3.022,2.982,3.021,153536.751837
1742493600000,3.02,3.024,3.005,3.012,118811.841364
1742497200000,3.013,3.044,3.013,3.039,162107.201041
1742500800000,3.039,3.073,3.038,3.068,57836.098745
1742504400000,3.069,3.07,3.046,3.053,69932.249478
1742508000000,3.051,3.058,3.041,3.046,66102.028089
1742511600000,3.046,3.054,3.034,3.048,55233.164046
1742515200000,3.049,3.067,3.045,3.062,80806.276181
1742518800000,3.061,3.07,3.053,3.061,43327.422099
1742522400000,3.061,3.067,3.046,3.047,53788.70767
1742526000000,3.046,3.046,3.02,3.028,173380.555927
1742529600000,3.028,3.042,3.026,3.036,22179.953141
1742533200000,3.035,3.035,2.996,3.011,90363.40864
1742536800000,3.011,3.017,2.994,3.003,112555.268379
1742540400000,3.004,3.006,2.964,2.987,175346.268301
1742544000000,2.987,3,2.958,2.972,99002.239847
1742547600000,2.971,2.985,2.949,2.972,107739.921255
1742551200000,2.971,2.974,2.932,2.946,124120.598445
1742554800000,2.946,2.946,2.917,2.928,132022.307639
1742558400000,2.928,2.941,2.908,2.909,130776.168611
1742562000000,2.909,2.915,2.871,2.901,335409.478035
1742565600000,2.899,2.918,2.872,2.917,258334.074095
1742569200000,2.917,2.917,2.894,2.908,122850.712181
1742572800000,2.908,2.944,2.898,2.944,116570.446057
1742576400000,2.943,2.944,2.925,2.933,35498.844512
1742580000000,2.932,2.961,2.926,2.939,109959.578837
1742583600000,2.938,2.942,2.922,2.927,42291.94315
1742587200000,2.928,2.931,2.92,2.93,29868.40656
1742590800000,2.931,2.949,2.919,2.924,56174.265183
1742594400000,2.926,2.926,2.905,2.916,85640.290264
1742598000000,2.916,2.931,2.912,2.918,40491.370984
1742601600000,2.918,2.933,2.912,2.929,46747.896957
1742605200000,2.93,2.946,2.922,2.922,70322.81766
1742608800000,2.921,2.947,2.916,2.941,99424.85686
1742612400000,2.941,2.966,2.929,2.962,115230.802955
1742616000000,2.962,2.984,2.958,2.972,99744.599984
1742619600000,2.973,2.98,2.968,2.975,60795.422412
1742623200000,2.974,3.004,2.973,2.995,143382.042924
1742626800000,2.996,3.03,2.992,3.015,160515.545643
1742630400000,3.015,3.025,3.01,3.019,115968.907322
1742634000000,3.019,3.049,3.019,3.031,168945.450919
1742637600000,3.03,3.035,3.02,3.028,74714.367953
1742641200000,3.028,3.033,3.006,3.008,76391.692653
1742644800000,3.008,3.015,3.006,3.013,137109.074436
1742648400000,3.013,3.018,2.999,3.001,81350.120809
1742652000000,3.001,3.001,2.972,2.972,127534.1183
1742655600000,2.972,2.996,2.969,2.993,89154.408277
1742659200000,2.993,3.011,2.983,3.006,178048.272418
1742662800000,3.006,3.045,3.006,3.043,118977.552136
1742666400000,3.044,3.057,3.033,3.033,230252.67742
1742670000000,3.035,3.036,3.017,3.022,93207.658889
1742673600000,3.024,3.029,3.004,3.005,58529.953209
1742677200000,3.004,3.011,2.983,2.991,87476.810912
1742680800000,2.992,3.009,2.989,2.995,56783.210888
1742684400000,2.993,2.993,2.976,2.991,80340.726184
1742688000000,2.99,3.001,2.977,3.001,57917.256434
1742691600000,3.001,3.027,2.995,3.016,194873.156656
1742695200000,3.017,3.021,3.004,3.018,48278.783419
1742698800000,3.02,3.022,3.009,3.021,31195.613339
1742702400000,3.022,3.022,2.993,2.994,43372.745072
1742706000000,2.993,3.003,2.985,3.003,57235.309745
1742709600000,3.003,3.003,2.983,2.996,40169.075776
1742713200000,2.996,3.015,2.995,3.005,84783.236271
1742716800000,3.006,3.021,3.005,3.016,174407.981119
1742720400000,3.015,3.027,3.014,3.019,133522.892031
1742724000000,3.019,3.022,3.013,3.014,60235.608516
1742727600000,3.015,3.033,3.007,3.008,102728.333883
1742731200000,3.007,3.014,2.997,3.001,55408.532078
1742734800000,3.003,3.029,2.989,3.024,244277.266716
1742738400000,3.025,3.028,2.995,2.997,129303.478765
1742742000000,2.996,3.017,2.992,3.006,91223.26634
1742745600000,3.004,3.004,2.974,2.984,242753.822542
1742749200000,2.985,2.997,2.964,2.982,86591.462283
1742752800000,2.978,2.98,2.966,2.971,27247.873755
1742756400000,2.971,2.997,2.968,2.992,21227.175991
1742760000000,2.994,3.003,2.99,2.993,25617.495598
1742763600000,2.993,3.004,2.983,3.004,42727.014226
1742767200000,3.004,3.019,2.997,3.008,67281.38567
1742770800000,3.009,3.027,3.003,3.026,111667.570897
1742774400000,3.024,3.069,3.019,3.046,203057.223353
1742778000000,3.044,3.046,2.998,3.001,307557.927215
1742781600000,3.001,3.036,2.997,3.03,60129.277571
1742785200000,3.031,3.072,3.028,3.055,189326.626859
1742788800000,3.055,3.114,3.055,3.105,414553.971214
1742792400000,3.107,3.148,3.106,3.139,503587.648041
1742796000000,3.139,3.199,3.139,3.182,604380.45838
1742799600000,3.183,3.188,3.144,3.147,423338.84985
1742803200000,3.147,3.175,3.146,3.164,207302.917392
1742806800000,3.164,3.167,3.139,3.155,154729.145487
1742810400000,3.155,3.157,3.123,3.13,157861.309066
1742814000000,3.131,3.148,3.112,3.133,318898.361319
1742817600000,3.134,3.152,3.123,3.13,139576.966715
1742821200000,3.131,3.133,3.102,3.128,161416.194249
1742824800000,3.128,3.165,3.116,3.121,283349.222639
1742828400000,3.122,3.146,3.116,3.134,126458.106661
1742832000000,3.133,3.145,3.112,3.131,136158.517994
1742835600000,3.131,3.158,3.124,3.15,107120.793041
1742839200000,3.149,3.159,3.127,3.152,50818.055427
1742842800000,3.152,3.154,3.137,3.14,36193.899508
1742846400000,3.14,3.146,3.121,3.126,33243.81228
1742850000000,3.126,3.142,3.117,3.139,52416.453599
1742853600000,3.139,3.142,3.119,3.128,44721.545683
1742857200000,3.128,3.131,3.103,3.131,97613.639231
1742860800000,3.128,3.148,3.118,3.143,141230.33048
1742864400000,3.142,3.149,3.107,3.131,132619.193227
1742868000000,3.131,3.148,3.122,3.132,95084.733754
1742871600000,3.131,3.135,3.091,3.101,161440.312059
1742875200000,3.101,3.113,3.087,3.112,83244.498811
1742878800000,3.111,3.139,3.102,3.115,99229.652797
1742882400000,3.115,3.128,3.111,3.118,49797.294628
1742886000000,3.118,3.131,3.101,3.104,66335.708437
1742889600000,3.105,3.129,3.105,3.127,30610.691465
1742893200000,3.125,3.141,3.116,3.137,91490.87172
1742896800000,3.136,3.138,3.112,3.135,81154.379184
1742900400000,3.135,3.14,3.119,3.13,42330.356766
1742904000000,3.131,3.135,3.106,3.109,86789.140677
1742907600000,3.107,3.143,3.102,3.115,220173.621146
1742911200000,3.115,3.134,3.104,3.128,116081.198306
1742914800000,3.13,3.138,3.108,3.112,105613.288046
1742918400000,3.113,3.125,3.098,3.111,110323.545692
1742922000000,3.112,3.145,3.112,3.143,50524.149675
1742925600000,3.143,3.143,3.116,3.116,59919.915283
1742929200000,3.116,3.139,3.116,3.134,93188.573867
1742932800000,3.135,3.156,3.129,3.131,202532.868735
1742936400000,3.134,3.151,3.129,3.136,51551.93726
1742940000000,3.136,3.14,3.114,3.128,58200.93208
1742943600000,3.127,3.132,3.114,3.132,53669.4473
1742947200000,3.132,3.172,3.123,3.155,185296.532284
1742950800000,3.155,3.179,3.153,3.165,102775.883085
1742954400000,3.165,3.167,3.117,3.121,182819.52138
1742958000000,3.12,3.134,3.106,3.115,125277.494813
1742961600000,3.115,3.122,3.107,3.12,77555.785744
1742965200000,3.12,3.146,3.112,3.143,130515.941205
1742968800000,3.144,3.17,3.135,3.167,91556.589838
1742972400000,3.168,3.204,3.16,3.189,286491.431671
1742976000000,3.19,3.198,3.169,3.169,137171.317994
1742979600000,3.17,3.188,3.166,3.179,71723.695946
1742983200000,3.178,3.205,3.178,3.197,128444.593872
1742986800000,3.197,3.209,3.19,3.191,85160.39837
1742990400000,3.192,3.192,3.161,3.171,143514.190535
1742994000000,3.17,3.17,3.11,3.113,269312.547834
1742997600000,3.111,3.135,3.059,3.092,398715.611494
1743001200000,3.091,3.103,3.077,3.095,128350.48005
1743004800000,3.093,3.122,3.08,3.098,146601.157423
1743008400000,3.097,3.104,3.067,3.076,82974.708146
1743012000000,3.075,3.09,3.056,3.059,67302.547207
1743015600000,3.059,3.073,3.022,3.058,148607.746542
1743019200000,3.057,3.081,3.054,3.069,94228.228545
1743022800000,3.07,3.072,3.01,3.054,104787.034576
1743026400000,3.051,3.051,3.013,3.03,118240.317275
1743030000000,3.029,3.031,3,3.026,669576.831737
1743033600000,3.025,3.068,3.017,3.068,103501.037538
1743037200000,3.068,3.079,3.058,3.071,75372.694398
1743040800000,3.071,3.106,3.069,3.1,100992.658577
1743044400000,3.099,3.109,3.089,3.101,75249.755443
1743048000000,3.104,3.104,3.073,3.073,85835.252412
1743051600000,3.073,3.078,3.055,3.06,71750.419993
1743055200000,3.059,3.077,3.052,3.063,56381.822533
1743058800000,3.064,3.072,3.052,3.059,80962.293544
1743062400000,3.059,3.065,3.041,3.052,157945.133479
1743066000000,3.053,3.059,3.034,3.04,120412.038133
1743069600000,3.04,3.053,3.022,3.022,139644.304901
1743073200000,3.022,3.03,3.001,3.005,194010.152105
1743076800000,3.005,3.023,2.993,3.008,224203.264209
1743080400000,3.008,3.022,2.957,2.992,297321.893184
1743084000000,2.991,3.034,2.985,3.03,189441.467593
1743087600000,3.031,3.038,3.004,3.02,85881.631879
1743091200000,3.019,3.034,3.004,3.004,120022.364777
1743094800000,3.004,3.013,2.988,2.989,31145.174793
1743098400000,2.989,3.03,2.988,3.025,20128.337863
1743102000000,3.025,3.032,3.012,3.013,20423.975623
1743105600000,3.016,3.03,3.005,3.029,27899.663419
1743109200000,3.029,3.05,3.019,3.042,73982.048914
1743112800000,3.046,3.046,3.036,3.038,63213.568451
1743116400000,3.037,3.037,3.017,3.02,44633.781311
1743120000000,3.021,3.023,2.992,3.021,121013.500999
1743123600000,3.021,3.044,3.006,3.029,59864.437951
1743127200000,3.03,3.047,3.025,3.031,64746.86851
1743130800000,3.03,3.033,3.004,3.019,86504.938643
1743134400000,3.019,3.026,2.932,2.96,369206.635252
1743138000000,2.958,2.958,2.903,2.908,176331.647068
1743141600000,2.906,2.929,2.881,2.89,280633.425702
1743145200000,2.893,2.908,2.879,2.883,158670.104673
1743148800000,2.882,2.898,2.861,2.874,217448.381877
1743152400000,2.873,2.885,2.857,2.87,165314.582498
1743156000000,2.87,2.881,2.862,2.873,327354.772555
1743159600000,2.874,2.886,2.836,2.883,475310.976423
1743163200000,2.883,2.887,2.84,2.84,174453.663245
1743166800000,2.841,2.869,2.823,2.83,198318.542451
1743170400000,2.831,2.847,2.813,2.837,183813.803618
1743174000000,2.837,2.844,2.826,2.828,131707.521239
1743177600000,2.827,2.844,2.802,2.811,207677.106921
1743181200000,2.81,2.826,2.8,2.824,130837.132784
1743184800000,2.821,2.833,2.814,2.826,78134.891006
1743188400000,2.825,2.832,2.802,2.809,49326.958464
1743192000000,2.811,2.825,2.782,2.788,152894.658763
1743195600000,2.788,2.82,2.779,2.807,72252.277837
1743199200000,2.807,2.842,2.807,2.841,97278.467534
1743202800000,2.841,2.841,2.821,2.828,45024.913914
1743206400000,2.827,2.854,2.823,2.831,73240.09218
1743210000000,2.83,2.84,2.811,2.82,69643.097386
1743213600000,2.821,2.825,2.788,2.793,105937.174581
1743217200000,2.793,2.831,2.777,2.83,105057.785872
1743220800000,2.832,2.839,2.814,2.818,55374.042683
1743224400000,2.818,2.825,2.802,2.81,57005.985451
1743228000000,2.808,2.808,2.776,2.791,90754.391924
1743231600000,2.791,2.801,2.767,2.779,112183.51786
1743235200000,2.779,2.813,2.776,2.81,337892.794468
1743238800000,2.811,2.812,2.772,2.799,650329.35578
1743242400000,2.8,2.809,2.781,2.785,100614.358447
1743246000000,2.786,2.794,2.746,2.774,208450.102896
1743249600000,2.775,2.806,2.771,2.8,100788.962553
1743253200000,2.8,2.819,2.8,2.813,184637.476166
1743256800000,2.813,2.813,2.777,2.778,83497.297548
1743260400000,2.779,2.79,2.765,2.767,86376.826251
1743264000000,2.768,2.778,2.734,2.739,99804.685155
1743267600000,2.739,2.753,2.7,2.728,205423.484876
1743271200000,2.729,2.746,2.724,2.728,41049.924731
1743274800000,2.73,2.738,2.713,2.736,22487.740862
1743278400000,2.736,2.739,2.705,2.708,36862.84866
1743282000000,2.707,2.734,2.706,2.724,38386.47762
1743285600000,2.723,2.736,2.716,2.726,35746.944898
1743289200000,2.725,2.752,2.717,2.746,67785.731659
1743292800000,2.747,2.749,2.709,2.726,78236.400651
1743296400000,2.725,2.763,2.724,2.744,192707.550222
1743300000000,2.744,2.77,2.744,2.765,200721.054541
1743303600000,2.766,2.783,2.756,2.76,117091.648718
1743307200000,2.758,2.78,2.758,2.774,72035.386401
1743310800000,2.774,2.778,2.757,2.759,58952.076491
1743314400000,2.761,2.78,2.749,2.775,86154.070528
1743318000000,2.776,2.785,2.771,2.774,68212.69012
1743321600000,2.773,2.794,2.767,2.792,74037.606346
1743325200000,2.794,2.798,2.776,2.78,40389.364655
1743328800000,2.78,2.794,2.756,2.763,84405.144466
1743332400000,2.764,2.783,2.759,2.773,35790.352635
1743336000000,2.773,2.786,2.765,2.781,44824.390175
1743339600000,2.782,2.785,2.74,2.749,302333.855314
1743343200000,2.748,2.769,2.739,2.759,212168.104919
1743346800000,2.758,2.776,2.752,2.754,37501.42683
1743350400000,2.755,2.764,2.722,2.731,244795.164401
1743354000000,2.73,2.748,2.716,2.746,46613.788005
1743357600000,2.749,2.785,2.749,2.785,33345.939077
1743361200000,2.785,2.797,2.77,2.77,24610.28001
1743364800000,2.771,2.776,2.76,2.765,25102.254412
1743368400000,2.767,2.781,2.739,2.751,43036.921308
1743372000000,2.75,2.776,2.707,2.757,83201.237388
1743375600000,2.758,2.758,2.735,2.754,73293.015742
1743379200000,2.756,2.776,2.726,2.735,122253.199683
1743382800000,2.734,2.789,2.732,2.782,210727.772621
1743386400000,2.783,2.791,2.758,2.771,158718.989198
1743390000000,2.772,2.784,2.741,2.745,82774.836878
1743393600000,2.746,2.775,2.737,2.767,80995.57313
1743397200000,2.764,2.787,2.764,2.771,93211.545466
1743400800000,2.773,2.777,2.747,2.748,110285.206642
1743404400000,2.75,2.762,2.718,2.74,115625.891523
1743408000000,2.738,2.765,2.738,2.739,113214.624106
1743411600000,2.743,2.762,2.703,2.72,157509.588873
1743415200000,2.718,2.752,2.698,2.744,185775.494889
1743418800000,2.746,2.762,2.731,2.75,90104.784969
1743422400000,2.752,2.788,2.735,2.774,120044.77921
1743426000000,2.773,2.781,2.725,2.757,286420.689284
1743429600000,2.759,2.804,2.759,2.792,202776.748217
1743433200000,2.794,2.814,2.787,2.789,206771.373913
1743436800000,2.787,2.8,2.771,2.774,133199.045233
1743440400000,2.774,2.794,2.751,2.761,70186.441863
1743444000000,2.764,2.796,2.759,2.786,87784.020754
1743447600000,2.786,2.798,2.769,2.77,81061.717555
1743451200000,2.773,2.788,2.764,2.767,16892.515414
1743454800000,2.768,2.782,2.768,2.772,17305.663982
1743458400000,2.772,2.774,2.754,2.769,38924.610524
1743462000000,2.768,2.788,2.768,2.779,48655.626216
1743465600000,2.779,2.801,2.776,2.79,172903.305775
1743469200000,2.789,2.794,2.777,2.788,50756.499752
1743472800000,2.787,2.815,2.786,2.811,170330.861046
1743476400000,2.811,2.824,2.8,2.823,474212.964109
1743480000000,2.823,2.859,2.819,2.84,277392.342267
1743483600000,2.841,2.888,2.84,2.865,236748.744083
1743487200000,2.866,2.938,2.866,2.927,476026.237427
1743490800000,2.927,2.946,2.878,2.889,943942.397206
1743494400000,2.889,2.925,2.887,2.913,662956.909814
1743498000000,2.915,2.934,2.905,2.909,217523.967143
1743501600000,2.909,2.91,2.869,2.87,225111.948568
1743505200000,2.871,2.876,2.853,2.872,307820.551311
1743508800000,2.871,2.885,2.857,2.873,193638.736611
1743512400000,2.871,2.884,2.858,2.875,206031.424369
1743516000000,2.874,2.899,2.827,2.888,414851.980675
1743519600000,2.889,2.929,2.888,2.897,365435.124643
1743523200000,2.899,2.908,2.866,2.879,150817.032095
1743526800000,2.88,2.884,2.864,2.865,59911.166102
1743530400000,2.865,2.865,2.844,2.851,112534.629225
1743534000000,2.85,2.852,2.833,2.845,73022.49911
1743537600000,2.845,2.845,2.819,2.838,105427.425589
1743541200000,2.838,2.864,2.834,2.843,475493.401313
1743544800000,2.845,2.861,2.841,2.848,140429.334797
1743548400000,2.849,2.853,2.83,2.837,179597.320802
1743552000000,2.837,2.84,2.806,2.813,295757.936471
1743555600000,2.813,2.833,2.803,2.818,331965.277383
1743559200000,2.82,2.826,2.785,2.802,294900.891095
1743562800000,2.802,2.837,2.802,2.83,141679.664949
1743566400000,2.829,2.834,2.806,2.813,116967.002252
1743570000000,2.813,2.815,2.781,2.785,218216.516312
1743573600000,2.783,2.797,2.765,2.767,199399.988885
1743577200000,2.766,2.81,2.765,2.792,177976.251185
1743580800000,2.791,2.81,2.776,2.788,99558.805595
1743584400000,2.787,2.822,2.787,2.803,89858.883246
1743588000000,2.804,2.815,2.783,2.785,111207.210371
1743591600000,2.785,2.796,2.783,2.785,128383.68815
1743595200000,2.786,2.808,2.772,2.808,93436.180767
1743598800000,2.807,2.834,2.779,2.807,204379.929753
1743602400000,2.806,2.824,2.794,2.81,138400.401893
1743606000000,2.81,2.882,2.809,2.867,455095.969598
1743609600000,2.868,2.886,2.855,2.86,142627.827081
1743613200000,2.861,2.869,2.818,2.833,203726.098755
1743616800000,2.832,2.853,2.819,2.84,48983.002206
1743620400000,2.842,2.854,2.829,2.85,36943.562755
1743624000000,2.85,2.907,2.786,2.825,796370.469317
1743627600000,2.827,2.831,2.772,2.796,162888.300099
1743631200000,2.795,2.796,2.647,2.67,1004864.858799
1743634800000,2.67,2.713,2.649,2.703,325418.69544
1743638400000,2.703,2.759,2.692,2.758,219388.045289
1743642000000,2.759,2.777,2.747,2.765,211138.182206
1743645600000,2.766,2.783,2.757,2.773,136624.112812
1743649200000,2.773,2.775,2.754,2.76,106301.42314
1743652800000,2.761,2.771,2.744,2.76,135479.057213
1743656400000,2.76,2.766,2.741,2.747,89731.746355
1743660000000,2.746,2.759,2.727,2.733,113682.613089
1743663600000,2.733,2.742,2.717,2.739,116632.963338
1743667200000,2.738,2.753,2.732,2.739,56610.811905
1743670800000,2.741,2.743,2.713,2.717,146247.579797
1743674400000,2.716,2.725,2.669,2.672,518674.378321
1743678000000,2.673,2.69,2.654,2.687,174443.270544
1743681600000,2.686,2.695,2.605,2.611,481693.922622
1743685200000,2.612,2.667,2.606,2.663,285309.925956
1743688800000,2.662,2.67,2.62,2.626,314844.737143
1743692400000,2.626,2.679,2.625,2.673,169087.000109
1743696000000,2.673,2.682,2.651,2.657,96077.875771
1743699600000,2.657,2.676,2.656,2.665,212539.623234
1743703200000,2.666,2.699,2.656,2.684,54272.245881
1743706800000,2.686,2.705,2.685,2.693,103948.609247
1743710400000,2.696,2.731,2.696,2.72,61518.352151
1743714000000,2.72,2.753,2.719,2.745,163961.584301
1743717600000,2.744,2.752,2.731,2.735,83536.116576
1743721200000,2.74,2.74,2.715,2.731,105677.509154
1743724800000,2.732,2.744,2.719,2.719,81232.081433
1743728400000,2.721,2.731,2.691,2.698,127839.128649
1743732000000,2.699,2.735,2.699,2.723,741698.256805
1743735600000,2.723,2.725,2.698,2.713,139248.058769
1743739200000,2.713,2.717,2.692,2.692,81068.404733
1743742800000,2.693,2.724,2.684,2.72,100672.475713
1743746400000,2.723,2.731,2.711,2.712,106209.331381
1743750000000,2.711,3.4,2.711,2.891,7897950.617966
1743753600000,2.891,2.915,2.851,2.883,660616.736387
1743757200000,2.881,2.891,2.833,2.844,534872.67269
1743760800000,2.844,2.845,2.728,2.74,838534.621514
1743764400000,2.741,2.769,2.722,2.765,517150.934087
1743768000000,2.764,2.791,2.733,2.771,572159.5762
1743771600000,2.772,2.788,2.741,2.778,343413.156109
1743775200000,2.776,2.789,2.73,2.753,294461.326722
1743778800000,2.752,2.796,2.743,2.758,397140.517299
1743782400000,2.758,2.778,2.744,2.77,439218.346013
1743786000000,2.771,2.816,2.753,2.798,214911.809659
1743789600000,2.799,2.802,2.764,2.768,200009.513435
1743793200000,2.769,2.785,2.761,2.779,125016.541511
1743796800000,2.78,2.785,2.761,2.781,92815.771767
1743800400000,2.781,2.802,2.778,2.788,92159.897221
1743804000000,2.79,2.796,2.767,2.776,182241.430196
1743807600000,2.776,2.776,2.754,2.767,151188.446693
1743811200000,2.766,2.768,2.745,2.758,212691.731417
1743814800000,2.758,2.777,2.754,2.766,158666.223774
1743818400000,2.765,2.766,2.749,2.751,124997.967782
1743822000000,2.751,2.761,2.745,2.758,110632.76503
1743825600000,2.757,2.757,2.733,2.737,136189.689077
1743829200000,2.737,2.75,2.736,2.742,72963.422138
1743832800000,2.742,2.751,2.737,2.743,84377.326789
1743836400000,2.743,2.756,2.737,2.751,75417.991219
1743840000000,2.752,2.758,2.737,2.739,116146.466957
1743843600000,2.738,2.752,2.738,2.747,198259.624701
1743847200000,2.747,2.756,2.743,2.747,99459.394548
1743850800000,2.749,2.754,2.738,2.739,123634.539606
1743854400000,2.74,2.743,2.708,2.72,365238.132301
1743858000000,2.721,2.724,2.682,2.691,381354.661344
1743861600000,2.691,2.705,2.684,2.689,144380.320352
1743865200000,2.688,2.688,2.656,2.666,297841.828705
1743868800000,2.667,2.684,2.664,2.671,127254.278549
1743872400000,2.671,2.691,2.668,2.681,75173.105949
1743876000000,2.68,2.705,2.68,2.701,54207.845889
1743879600000,2.702,2.708,2.684,2.685,31747.432297
1743883200000,2.685,2.7,2.675,2.693,47360.154171
1743886800000,2.694,2.703,2.68,2.681,45910.857726
1743890400000,2.682,2.691,2.68,2.69,33621.159613
1743894000000,2.691,2.704,2.686,2.699,37482.481992
1743897600000,2.699,2.71,2.683,2.701,183587.265549
1743901200000,2.7,2.711,2.687,2.694,84838.96783
1743904800000,2.695,2.695,2.667,2.67,251516.073806
1743908400000,2.67,2.673,2.661,2.672,75349.499161
1743912000000,2.671,2.675,2.657,2.669,70346.00097
1743915600000,2.668,2.686,2.667,2.684,51174.810136
1743919200000,2.684,2.684,2.664,2.664,42665.023354
1743922800000,2.664,2.672,2.648,2.655,158300.741273
1743926400000,2.655,2.656,2.626,2.654,198461.810545
1743930000000,2.652,2.661,2.642,2.652,60933.410806
1743933600000,2.652,2.654,2.636,2.638,109697.636052
1743937200000,2.638,2.64,2.626,2.638,75032.20744
1743940800000,2.638,2.646,2.607,2.611,112761.917734
1743944400000,2.611,2.627,2.565,2.568,549232.528849
1743948000000,2.569,2.595,2.557,2.595,301463.254459
1743951600000,2.594,2.602,2.581,2.6,85288.565776
1743955200000,2.6,2.604,2.557,2.566,144100.089297
1743958800000,2.565,2.576,2.484,2.507,803613.023907
1743962400000,2.506,2.51,2.42,2.441,622066.416056
1743966000000,2.442,2.461,2.395,2.431,377541.442326
1743969600000,2.427,2.439,2.341,2.365,746749.505782
1743973200000,2.366,2.412,2.363,2.387,255067.357914
1743976800000,2.388,2.424,2.366,2.377,553220.708177
1743980400000,2.377,2.392,2.324,2.376,742855.122205
1743984000000,2.376,2.405,2.368,2.395,433089.751202
1743987600000,2.396,2.449,2.396,2.428,438948.880895
1743991200000,2.427,2.435,2.39,2.397,265560.941952
1743994800000,2.397,2.4,2.292,2.327,844855.164818
1743998400000,2.328,2.359,2.317,2.349,235908.83871
1744002000000,2.349,2.37,2.32,2.326,249744.088788
1744005600000,2.328,2.347,2.112,2.14,2779611.982505
1744009200000,2.14,2.243,2.138,2.2,1115310.557588
1744012800000,2.199,2.302,2.197,2.287,839259.889326
1744016400000,2.287,2.317,2.266,2.28,397837.164023
1744020000000,2.28,2.324,2.279,2.288,323433.426694
1744023600000,2.288,2.308,2.263,2.275,204286.753656
1744027200000,2.276,2.339,2.269,2.325,498649.599302
1744030800000,2.324,2.385,2.273,2.373,1000971.669768
1744034400000,2.372,2.469,2.346,2.383,1901188.160042
1744038000000,2.383,2.4,2.342,2.377,436162.48869
1744041600000,2.375,2.378,2.328,2.332,297767.918371
1744045200000,2.334,2.403,2.334,2.392,235711.622881
1744048800000,2.39,2.395,2.358,2.362,156153.824455
1744052400000,2.365,2.387,2.355,2.363,114493.62599
1744056000000,2.364,2.407,2.364,2.389,51967.891113
1744059600000,2.389,2.403,2.37,2.387,115872.192574
1744063200000,2.39,2.41,2.384,2.394,152915.157019
1744066800000,2.393,2.396,2.368,2.369,126953.998591
1744070400000,2.369,2.381,2.348,2.35,197269.72667
1744074000000,2.349,2.404,2.342,2.401,304674.628709
1744077600000,2.401,2.42,2.385,2.393,327257.628224
1744081200000,2.394,2.404,2.372,2.379,216292.563707
1744084800000,2.379,2.391,2.369,2.386,124521.681449
1744088400000,2.386,2.387,2.349,2.364,188529.665757
1744092000000,2.362,2.362,2.336,2.336,228516.872395
1744095600000,2.335,2.34,2.317,2.329,120080.914193
1744099200000,2.328,2.335,2.307,2.332,178579.88655
1744102800000,2.332,2.353,2.328,2.328,387582.349365
1744106400000,2.327,2.339,2.323,2.327,86322.945396
1744110000000,2.328,2.378,2.32,2.376,197522.793529
1744113600000,2.378,2.385,2.352,2.371,249848.842214
1744117200000,2.37,2.39,2.348,2.362,299005.672764
1744120800000,2.363,2.377,2.318,2.32,217555.806027
1744124400000,2.32,2.345,2.313,2.341,113948.307533
1744128000000,2.341,2.349,2.283,2.294,402025.099866
1744131600000,2.295,2.3,2.244,2.278,332365.466934
1744135200000,2.278,2.302,2.265,2.278,216752.252048
1744138800000,2.278,2.285,2.243,2.262,136497.085393
1744142400000,2.261,2.29,2.251,2.286,58863.623299
1744146000000,2.287,2.292,2.256,2.281,72701.040188
1744149600000,2.282,2.282,2.245,2.267,99424.670074
1744153200000,2.266,2.27,2.245,2.264,113443.066204
1744156800000,2.265,2.289,2.25,2.258,178828.640777
1744160400000,2.26,2.268,2.173,2.261,719351.524356
1744164000000,2.263,2.286,2.26,2.266,479758.909345
1744167600000,2.267,2.275,2.251,2.259,301166.348434
1744171200000,2.258,2.298,2.256,2.28,170697.819144
1744174800000,2.282,2.304,2.279,2.288,182901.599035
1744178400000,2.288,2.311,2.287,2.293,201156.151581
1744182000000,2.293,2.33,2.293,2.325,292858.991392
1744185600000,2.326,2.342,2.32,2.34,193509.13801
1744189200000,2.34,2.344,2.323,2.334,67782.824066
1744192800000,2.334,2.359,2.326,2.349,178021.299179
1744196400000,2.347,2.351,2.279,2.301,337908.812089
1744200000000,2.302,2.319,2.278,2.306,88327.606236
1744203600000,2.307,2.355,2.302,2.337,319175.33465
1744207200000,2.338,2.354,2.312,2.312,111935.478168
1744210800000,2.313,2.346,2.313,2.328,189772.788018
1744214400000,2.329,2.357,2.326,2.353,272220.435419
1744218000000,2.354,2.504,2.332,2.5,1125847.812345
1744221600000,2.499,2.536,2.484,2.502,551381.140843
1744225200000,2.502,2.516,2.494,2.499,210505.084822
1744228800000,2.499,2.509,2.489,2.507,146001.113605
1744232400000,2.508,2.521,2.491,2.502,240968.229721
1744236000000,2.504,2.514,2.497,2.5,177167.657824
1744239600000,2.499,2.501,2.468,2.472,274017.929821
1744243200000,2.474,2.481,2.436,2.453,268443.484268
1744246800000,2.452,2.456,2.428,2.43,113092.319521
1744250400000,2.432,2.444,2.424,2.439,95866.855233
1744254000000,2.439,2.439,2.386,2.413,383683.352806
1744257600000,2.412,2.415,2.388,2.411,132893.571435
1744261200000,2.41,2.431,2.41,2.424,132006.310729
1744264800000,2.424,2.432,2.41,2.422,95339.935086
1744268400000,2.422,2.433,2.398,2.412,135209.719211
1744272000000,2.413,2.417,2.391,2.401,81527.136082
1744275600000,2.401,2.412,2.392,2.407,186063.171623
1744279200000,2.406,2.406,2.379,2.392,212689.410488
1744282800000,2.392,2.395,2.371,2.384,77232.0647
1744286400000,2.383,2.425,2.375,2.389,319970.040324
1744290000000,2.388,2.399,2.36,2.375,228515.190436
1744293600000,2.377,2.406,2.366,2.385,114845.298042
1744297200000,2.387,2.392,2.302,2.316,312923.832734
1744300800000,2.316,2.338,2.304,2.331,229862.564471
1744304400000,2.33,2.344,2.315,2.335,214565.064004
1744308000000,2.333,2.357,2.332,2.352,90342.500088
1744311600000,2.349,2.357,2.321,2.337,88309.736448
1744315200000,2.337,2.356,2.337,2.349,45975.4485
1744318800000,2.35,2.359,2.344,2.349,59124.410271
1744322400000,2.349,2.358,2.343,2.348,58000.276347
1744326000000,2.347,2.356,2.344,2.347,73476.583184
1744329600000,2.347,2.353,2.331,2.331,156850.55912
1744333200000,2.333,2.376,2.333,2.376,187563.948819
1744336800000,2.375,2.39,2.362,2.375,181818.525775
1744340400000,2.375,2.398,2.375,2.384,209126.309745
1744344000000,2.386,2.4,2.381,2.397,177734.826243
1744347600000,2.398,2.41,2.39,2.406,169640.575024
1744351200000,2.407,2.427,2.407,2.414,194286.972312
1744354800000,2.413,2.42,2.4,2.409,105016.662588
1744358400000,2.408,2.424,2.395,2.414,146611.617406
1744362000000,2.413,2.428,2.407,2.425,100826.564289
1744365600000,2.425,2.447,2.415,2.431,142704.384389
1744369200000,2.431,2.435,2.407,2.409,119419.91327
1744372800000,2.411,2.425,2.4,2.407,190512.272033
1744376400000,2.407,2.435,2.396,2.425,117542.488467
1744380000000,2.423,2.434,2.4,2.418,295062.297409
1744383600000,2.421,2.437,2.411,2.433,144277.692793
1744387200000,2.433,2.45,2.423,2.437,189621.506081
1744390800000,2.438,2.471,2.434,2.461,135865.490589
1744394400000,2.461,2.468,2.442,2.445,120530.870723
1744398000000,2.445,2.456,2.437,2.439,44506.210457
1744401600000,2.438,2.456,2.435,2.454,35579.959247
1744405200000,2.456,2.471,2.446,2.457,44961.510811
1744408800000,2.456,2.462,2.452,2.457,36047.151527
1744412400000,2.456,2.459,2.445,2.455,110854.698119
1744416000000,2.454,2.463,2.447,2.447,65495.744044
1744419600000,2.448,2.453,2.432,2.435,139821.178601
1744423200000,2.436,2.439,2.42,2.42,77418.253589
1744426800000,2.419,2.434,2.417,2.434,108431.814243
1744430400000,2.434,2.453,2.423,2.448,107119.00437
1744434000000,2.449,2.457,2.443,2.449,62473.019576
1744437600000,2.449,2.465,2.449,2.456,63344.597957
1744441200000,2.456,2.479,2.453,2.471,179664.22261
1744444800000,2.47,2.495,2.465,2.466,111917.878619
1744448400000,2.467,2.473,2.45,2.46,330827.710105
1744452000000,2.458,2.462,2.451,2.455,72098.443515
1744455600000,2.455,2.471,2.455,2.463,151276.941982
1744459200000,2.463,2.486,2.459,2.475,97604.738186
1744462800000,2.474,2.52,2.473,2.509,194443.004626
1744466400000,2.509,2.555,2.505,2.532,451428.371308
1744470000000,2.532,2.562,2.52,2.544,230856.60582
1744473600000,2.548,2.56,2.525,2.542,210628.416216
1744477200000,2.542,2.548,2.526,2.534,92121.784326
1744480800000,2.534,2.562,2.53,2.56,78386.336546
1744484400000,2.56,2.56,2.54,2.548,39478.960038
1744488000000,2.548,2.588,2.543,2.565,133758.569393
1744491600000,2.565,2.574,2.558,2.569,50647.006701
1744495200000,2.566,2.587,2.564,2.576,83358.839504
1744498800000,2.576,2.583,2.56,2.562,145916.648653
1744502400000,2.562,2.567,2.544,2.549,162580.589593
1744506000000,2.549,2.559,2.523,2.528,452463.23171
1744509600000,2.527,2.536,2.52,2.534,266358.673189
1744513200000,2.534,2.537,2.52,2.535,196206.070102
1744516800000,2.534,2.535,2.506,2.509,144649.643123
1744520400000,2.51,2.513,2.496,2.501,123979.144838
1744524000000,2.501,2.514,2.5,2.504,90160.200357
1744527600000,2.506,2.513,2.498,2.5,118184.551762
1744531200000,2.5,2.512,2.491,2.507,52795.080507
1744534800000,2.509,2.539,2.505,2.537,78524.444938
1744538400000,2.537,2.541,2.517,2.53,61563.741692
1744542000000,2.528,2.532,2.503,2.512,116196.187107
1744545600000,2.512,2.52,2.502,2.509,202583.187292
1744549200000,2.514,2.522,2.464,2.473,224061.583156
1744552800000,2.473,2.492,2.469,2.49,129084.432527
1744556400000,2.489,2.491,2.476,2.488,95754.284824
1744560000000,2.489,2.507,2.488,2.506,96806.983923
1744563600000,2.506,2.56,2.505,2.554,154946.971821
1744567200000,2.554,2.574,2.547,2.56,90163.120484
1744570800000,2.561,2.561,2.46,2.496,208743.487947
1744574400000,2.499,2.524,2.477,2.488,102945.708962
1744578000000,2.486,2.498,2.442,2.478,126678.647428
1744581600000,2.476,2.49,2.458,2.466,149328.843731
1744585200000,2.462,2.497,2.461,2.494,59678.171595
1744588800000,2.492,2.554,2.489,2.519,221557.957445
1744592400000,2.521,2.534,2.508,2.514,59126.997321
1744596000000,2.514,2.576,2.508,2.542,207309.914253
1744599600000,2.543,2.553,2.517,2.522,203474.284455
1744603200000,2.525,2.566,2.522,2.559,271037.996921
1744606800000,2.56,2.563,2.53,2.539,123554.098175
1744610400000,2.54,2.543,2.511,2.514,74849.045613
1744614000000,2.515,2.522,2.488,2.514,174507.88252
1744617600000,2.516,2.543,2.508,2.542,359505.779373
1744621200000,2.541,2.543,2.498,2.508,112715.304881
1744624800000,2.508,2.558,2.504,2.549,236786.814836
1744628400000,2.549,2.568,2.546,2.555,151440.446322
1744632000000,2.556,2.572,2.55,2.557,131990.489387
1744635600000,2.558,2.566,2.516,2.528,136265.623507
1744639200000,2.528,2.6,2.524,2.591,499229.599156
1744642800000,2.591,2.597,2.522,2.535,865590.116828
1744646400000,2.534,2.561,2.514,2.542,415941.759083
1744650000000,2.542,2.575,2.535,2.557,283652.798887
1744653600000,2.561,2.584,2.559,2.572,157748.772165
1744657200000,2.572,2.574,2.541,2.547,29450.344486
1744660800000,2.548,2.55,2.527,2.536,40864.401142
1744664400000,2.537,2.557,2.516,2.537,68981.961506
1744668000000,2.535,2.547,2.525,2.535,49976.315117
1744671600000,2.535,2.544,2.524,2.53,68718.83903
1744675200000,2.53,2.54,2.513,2.527,189434.429399
1744678800000,2.528,2.536,2.5,2.534,139074.758298
1744682400000,2.535,2.539,2.494,2.518,132735.244496
1744686000000,2.52,2.53,2.508,2.526,76697.678674
1744689600000,2.525,2.53,2.507,2.521,134261.159181
1744693200000,2.521,2.531,2.512,2.516,50923.510326
1744696800000,2.515,2.516,2.493,2.499,105965.26557
1744700400000,2.498,2.531,2.497,2.529,85347.362348
1744704000000,2.529,2.533,2.514,2.515,57291.73635
1744707600000,2.515,2.537,2.508,2.528,151625.080622
1744711200000,2.528,2.531,2.492,2.504,89701.908443
1744714800000,2.504,2.506,2.484,2.501,85472.864929
1744718400000,2.5,2.511,2.481,2.497,75768.575095
1744722000000,2.498,2.528,2.481,2.495,196731.714526
1744725600000,2.496,2.507,2.452,2.458,333021.982431
1744729200000,2.458,2.476,2.449,2.469,267088.574926
1744732800000,2.47,2.477,2.425,2.432,251361.933403
1744736400000,2.432,2.442,2.411,2.419,226255.156118
1744740000000,2.42,2.428,2.402,2.422,114271.616445
1744743600000,2.42,2.435,2.415,2.417,35216.64556
1744747200000,2.416,2.432,2.405,2.415,120640.709705
1744750800000,2.413,2.44,2.408,2.434,48225.191968
1744754400000,2.432,2.432,2.406,2.412,136333.474204
1744758000000,2.412,2.425,2.408,2.415,65970.030353
1744761600000,2.416,2.436,2.395,2.416,204421.868218
1744765200000,2.415,2.443,2.414,2.434,83892.640547
1744768800000,2.435,2.443,2.424,2.434,55911.664932
1744772400000,2.434,2.443,2.428,2.433,56869.412927
1744776000000,2.433,2.442,2.417,2.434,45271.905959
1744779600000,2.433,2.444,2.412,2.422,173414.105176
1744783200000,2.422,2.429,2.412,2.42,53991.905855
1744786800000,2.421,2.422,2.39,2.399,254094.928027
1744790400000,2.398,2.418,2.368,2.41,371117.622306
1744794000000,2.412,2.425,2.398,2.399,42494.230302
1744797600000,2.399,2.417,2.398,2.405,64489.042332
1744801200000,2.406,2.412,2.386,2.405,110220.211281
1744804800000,2.406,2.417,2.389,2.39,77561.5045
1744808400000,2.39,2.403,2.373,2.39,189696.773151
1744812000000,2.387,2.429,2.387,2.417,196392.565202
1744815600000,2.415,2.442,2.412,2.414,153730.743275
1744819200000,2.414,2.422,2.378,2.408,89885.224378
1744822800000,2.407,2.442,2.347,2.355,416628.2178
1744826400000,2.354,2.419,2.353,2.398,149817.448639
1744830000000,2.399,2.434,2.381,2.422,84955.281673
1744833600000,2.42,2.441,2.398,2.398,68273.177777
1744837200000,2.402,2.426,2.395,2.413,70377.882147
1744840800000,2.414,2.416,2.397,2.401,50787.004142
1744844400000,2.402,2.402,2.371,2.387,183508.092469
1744848000000,2.387,2.4,2.384,2.4,55478.241799
1744851600000,2.4,2.415,2.393,2.4,82207.653161
1744855200000,2.398,2.4,2.381,2.386,73742.262862
1744858800000,2.388,2.391,2.373,2.384,39355.79576
1744862400000,2.384,2.398,2.374,2.393,91426.617577
1744866000000,2.396,2.409,2.391,2.4,110813.921747
1744869600000,2.402,2.419,2.399,2.414,79289.026822
1744873200000,2.415,2.422,2.404,2.406,69336.995474
1744876800000,2.407,2.409,2.384,2.39,393560.129718
1744880400000,2.39,2.392,2.382,2.385,103317.912893
1744884000000,2.387,2.387,2.366,2.384,117257.695989
1744887600000,2.385,2.394,2.379,2.386,78050.609719
1744891200000,2.385,2.397,2.383,2.395,63253.627547
1744894800000,2.394,2.396,2.378,2.381,115917.701453
1744898400000,2.379,2.382,2.324,2.338,287030.314324
1744902000000,2.339,2.372,2.338,2.366,155055.405882
1744905600000,2.367,2.41,2.365,2.4,273995.104359
1744909200000,2.4,2.408,2.392,2.402,89651.720006
1744912800000,2.401,2.416,2.4,2.403,71371.653729
1744916400000,2.403,2.408,2.374,2.385,161252.846596
1744920000000,2.39,2.403,2.39,2.395,51594.947172
1744923600000,2.396,2.404,2.392,2.4,42109.803295
1744927200000,2.399,2.402,2.369,2.372,35784.283134
1744930800000,2.373,2.386,2.373,2.382,43877.740129
1744934400000,2.382,2.386,2.366,2.371,77976.337143
1744938000000,2.371,2.394,2.367,2.381,144654.145783
1744941600000,2.381,2.396,2.374,2.385,31325.512724
1744945200000,2.387,2.396,2.378,2.394,88829.405328
1744948800000,2.395,2.412,2.388,2.404,158865.906851
1744952400000,2.405,2.418,2.398,2.415,105850.186711
1744956000000,2.416,2.421,2.401,2.406,147485.215094
1744959600000,2.407,2.423,2.403,2.415,90625.175073
1744963200000,2.415,2.448,2.415,2.436,153124.258095
1744966800000,2.436,2.466,2.434,2.454,199850.994091
1744970400000,2.454,2.464,2.443,2.448,121162.940559
1744974000000,2.449,2.456,2.442,2.452,77593.736773
1744977600000,2.456,2.482,2.454,2.471,154496.591131
1744981200000,2.472,2.478,2.46,2.477,115472.881268
1744984800000,2.476,2.488,2.467,2.474,244893.675252
1744988400000,2.474,2.478,2.457,2.463,145032.277569
1744992000000,2.463,2.491,2.463,2.486,130162.975355
1744995600000,2.488,2.488,2.471,2.482,110436.536673
1744999200000,2.482,2.486,2.474,2.481,71564.722645
1745002800000,2.479,2.483,2.469,2.47,21272.655838
1745006400000,2.471,2.476,2.465,2.467,12867.207907
1745010000000,2.469,2.473,2.46,2.467,64625.827286
1745013600000,2.466,2.467,2.448,2.448,169043.395292
1745017200000,2.449,2.456,2.437,2.455,84277.644637
1745020800000,2.453,2.463,2.451,2.456,42058.501933
1745024400000,2.458,2.478,2.456,2.463,119125.147715
1745028000000,2.464,2.484,2.46,2.478,42741.763555
1745031600000,2.479,2.494,2.477,2.484,77534.769742
1745035200000,2.484,2.501,2.48,2.492,277288.019566
1745038800000,2.494,2.499,2.484,2.493,94162.137669
1745042400000,2.495,2.499,2.488,2.488,157907.507451
1745046000000,2.488,2.52,2.485,2.51,138548.237627
1745049600000,2.511,2.518,2.501,2.506,132958.649712
1745053200000,2.505,2.512,2.493,2.494,217552.767
1745056800000,2.493,2.501,2.489,2.501,58413.769284
1745060400000,2.501,2.502,2.484,2.487,173658.653144
1745064000000,2.487,2.489,2.478,2.484,79373.855753
1745067600000,2.484,2.492,2.481,2.485,49187.44382
1745071200000,2.486,2.494,2.483,2.493,53810.419661
1745074800000,2.492,2.514,2.49,2.508,80495.627863
1745078400000,2.509,2.517,2.498,2.505,255001.188828
1745082000000,2.508,2.542,2.505,2.534,426585.198361
1745085600000,2.534,2.563,2.534,2.561,111444.321654
1745089200000,2.56,2.6,2.558,2.598,224464.68896
1745092800000,2.598,2.599,2.578,2.593,122022.226924
1745096400000,2.591,2.659,2.591,2.644,423786.704293
1745100000000,2.644,2.657,2.637,2.639,317478.247179
1745103600000,2.64,2.654,2.628,2.638,282815.410479
1745107200000,2.637,2.657,2.6,2.611,489294.073138
1745110800000,2.611,2.631,2.611,2.626,115284.378141
1745114400000,2.626,2.627,2.616,2.621,59953.12271
1745118000000,2.622,2.635,2.614,2.62,153728.67831
1745121600000,2.62,2.637,2.612,2.636,103818.883594
1745125200000,2.637,2.651,2.636,2.637,129628.45095
1745128800000,2.636,2.649,2.632,2.647,102014.239601
1745132400000,2.646,2.652,2.623,2.632,165579.632864
1745136000000,2.632,2.633,2.604,2.608,136045.886722
1745139600000,2.608,2.611,2.598,2.606,145658.377582
1745143200000,2.605,2.605,2.567,2.579,389514.458824
1745146800000,2.579,2.592,2.575,2.587,169452.424746
1745150400000,2.586,2.597,2.584,2.586,99705.115509
1745154000000,2.586,2.64,2.577,2.62,227058.604257
1745157600000,2.621,2.639,2.617,2.635,133335.602419
1745161200000,2.634,2.641,2.623,2.634,118988.857383
1745164800000,2.634,2.686,2.632,2.673,344879.974141
1745168400000,2.676,2.687,2.656,2.668,114170.174391
1745172000000,2.669,2.682,2.664,2.666,69765.784447
1745175600000,2.667,2.672,2.661,2.668,37964.671339
1745179200000,2.666,2.672,2.655,2.663,42458.771137
1745182800000,2.664,2.669,2.652,2.659,40396.377982
1745186400000,2.661,2.661,2.641,2.646,55582.569933
1745190000000,2.649,2.655,2.642,2.648,42898.59178
1745193600000,2.648,2.694,2.644,2.676,187994.879431
1745197200000,2.678,2.686,2.662,2.681,185400.390776
1745200800000,2.682,2.688,2.669,2.675,98434.318361
1745204400000,2.677,2.683,2.66,2.663,133180.059276
1745208000000,2.664,2.669,2.651,2.666,103798.460923
1745211600000,2.666,2.671,2.656,2.658,104703.38487
1745215200000,2.658,2.679,2.658,2.667,34534.670438
1745218800000,2.667,2.676,2.659,2.673,55822.565548
1745222400000,2.675,2.684,2.673,2.678,40491.247514
1745226000000,2.678,2.683,2.669,2.677,68785.379135
1745229600000,2.676,2.683,2.671,2.679,60244.077485
1745233200000,2.681,2.681,2.642,2.661,148770.72056
1745236800000,2.661,2.683,2.661,2.678,64395.227566
1745240400000,2.679,2.695,2.673,2.68,115405.047685
1745244000000,2.679,2.717,2.672,2.709,191704.810301
1745247600000,2.708,2.709,2.672,2.681,114857.399838
1745251200000,2.68,2.687,2.632,2.636,231984.072816
1745254800000,2.637,2.647,2.608,2.638,157524.069603
1745258400000,2.637,2.637,2.616,2.618,55770.175493
1745262000000,2.617,2.648,2.614,2.637,35598.352464
1745265600000,2.637,2.64,2.62,2.626,81296.56898
1745269200000,2.628,2.633,2.614,2.616,69186.349276
1745272800000,2.616,2.618,2.591,2.599,189581.916642
1745276400000,2.599,2.613,2.582,2.61,122646.812464
1745280000000,2.612,2.614,2.554,2.583,294505.676879
1745283600000,2.584,2.624,2.578,2.614,204806.349488
1745287200000,2.613,2.622,2.588,2.593,115252.413605
1745290800000,2.594,2.599,2.581,2.586,96648.762394
1745294400000,2.587,2.59,2.55,2.552,298836.504056
1745298000000,2.552,2.553,2.514,2.525,543199.077065
1745301600000,2.524,2.535,2.483,2.501,410388.253124
1745305200000,2.5,2.536,2.489,2.527,365256.573896
1745308800000,2.527,2.545,2.515,2.527,215063.707789
1745312400000,2.528,2.531,2.498,2.505,462998.81053
1745316000000,2.503,2.529,2.493,2.525,466712.700201
1745319600000,2.526,2.538,2.515,2.527,200840.734315
1745323200000,2.526,2.532,2.508,2.526,167740.067957
1745326800000,2.526,2.574,2.521,2.554,670672.139997
1745330400000,2.554,2.598,2.543,2.596,392979.236215
1745334000000,2.597,2.664,2.578,2.599,860181.015763
1745337600000,2.599,2.611,2.58,2.592,145621.450063
1745341200000,2.592,2.61,2.573,2.607,224307.920911
1745344800000,2.609,2.637,2.607,2.633,399552.397322
1745348400000,2.635,2.646,2.606,2.64,180788.060254
1745352000000,2.641,2.65,2.629,2.642,62717.071713
1745355600000,2.64,2.712,2.616,2.698,525424.59286
1745359200000,2.702,2.718,2.651,2.684,815591.972165
1745362800000,2.685,2.724,2.685,2.712,461988.915207
1745366400000,2.713,2.738,2.699,2.729,390068.93242
1745370000000,2.729,2.771,2.708,2.713,333506.173052
1745373600000,2.715,2.746,2.713,2.73,435345.651598
1745377200000,2.73,2.733,2.713,2.733,91155.850055
1745380800000,2.733,2.762,2.713,2.761,192903.929012
1745384400000,2.759,2.759,2.733,2.733,163648.975181
1745388000000,2.732,2.743,2.723,2.732,547362.124136
1745391600000,2.731,2.739,2.711,2.729,148393.305025
1745395200000,2.728,2.739,2.716,2.734,167326.862245
1745398800000,2.734,2.754,2.731,2.733,171090.2072
1745402400000,2.731,2.744,2.709,2.738,195021.045113
1745406000000,2.738,2.751,2.73,2.746,143666.96343
1745409600000,2.746,2.766,2.738,2.765,183855.961973
1745413200000,2.764,2.789,2.71,2.718,628004.431136
1745416800000,2.719,2.749,2.716,2.72,226259.138946
1745420400000,2.721,2.739,2.671,2.738,570632.648856
1745424000000,2.738,2.778,2.712,2.768,526205.636142
1745427600000,2.768,2.801,2.757,2.784,339271.798012
1745431200000,2.782,2.817,2.767,2.774,206637.379909
1745434800000,2.773,2.783,2.745,2.767,125480.23018
1745438400000,2.766,2.787,2.763,2.786,75941.187181
1745442000000,2.784,2.79,2.763,2.779,114844.014484
1745445600000,2.778,2.789,2.773,2.787,90295.849766
1745449200000,2.788,2.803,2.783,2.79,145333.665049
1745452800000,2.789,2.798,2.758,2.768,210698.058344
1745456400000,2.768,2.773,2.741,2.756,277522.465017
1745460000000,2.755,2.771,2.728,2.73,113904.771553
1745463600000,2.73,2.739,2.687,2.691,294764.272137
1745467200000,2.691,2.71,2.678,2.71,245995.227584
1745470800000,2.71,2.731,2.71,2.722,127884.878433
1745474400000,2.722,2.744,2.708,2.722,141995.127223
1745478000000,2.723,2.739,2.692,2.707,268091.677289
1745481600000,2.707,2.719,2.661,2.678,315607.258201
1745485200000,2.676,2.705,2.673,2.703,114960.771317
1745488800000,2.702,2.72,2.695,2.717,112394.146187
1745492400000,2.715,2.72,2.7,2.72,97852.540904
1745496000000,2.72,2.729,2.705,2.727,62623.044586
1745499600000,2.726,2.744,2.716,2.734,180809.32944
1745503200000,2.735,2.801,2.734,2.784,424915.151627
1745506800000,2.785,2.853,2.779,2.809,748034.224522
1745510400000,2.81,2.85,2.803,2.835,278040.647755
1745514000000,2.834,2.851,2.792,2.818,311211.332661
1745517600000,2.819,2.847,2.819,2.832,78440.044381
1745521200000,2.835,2.837,2.824,2.829,59568.155848
1745524800000,2.83,2.852,2.829,2.838,116096.201448
1745528400000,2.839,2.851,2.822,2.846,82749.633385
1745532000000,2.844,2.85,2.832,2.833,91813.55947
1745535600000,2.834,2.862,2.826,2.858,154394.206387
1745539200000,2.859,2.887,2.854,2.881,216695.54831
1745542800000,2.882,2.91,2.866,2.866,384183.982785
1745546400000,2.868,2.872,2.82,2.828,396844.857265
1745550000000,2.827,2.843,2.816,2.835,140229.383866
1745553600000,2.834,2.852,2.826,2.843,88905.999513
1745557200000,2.843,2.863,2.84,2.851,89890.753623
1745560800000,2.851,2.889,2.85,2.888,145606.793095
1745564400000,2.888,2.9,2.859,2.875,232027.350181
1745568000000,2.876,2.889,2.859,2.886,230015.4765
1745571600000,2.885,2.89,2.865,2.876,251679.386384
1745575200000,2.876,2.879,2.834,2.842,196598.454632
1745578800000,2.844,2.872,2.843,2.862,136371.878631
1745582400000,2.866,2.884,2.833,2.838,273716.865718
1745586000000,2.841,2.848,2.8,2.828,335499.146876
1745589600000,2.827,2.884,2.825,2.87,361946.10319
1745593200000,2.873,2.878,2.835,2.847,253513.68655
1745596800000,2.847,2.856,2.811,2.844,468125.145414
1745600400000,2.844,2.854,2.803,2.806,162743.648948
1745604000000,2.809,2.837,2.809,2.822,61991.768292
1745607600000,2.822,2.837,2.816,2.837,118434.412085
1745611200000,2.834,2.849,2.831,2.846,54967.764695
1745614800000,2.849,2.862,2.824,2.834,63048.523393
1745618400000,2.835,2.868,2.834,2.863,72742.757114
1745622000000,2.865,2.866,2.852,2.862,90838.987325
1745625600000,2.862,2.889,2.86,2.886,189599.70951
1745629200000,2.885,2.929,2.87,2.917,444562.032246
1745632800000,2.919,2.924,2.896,2.915,213644.593794
1745636400000,2.916,2.922,2.893,2.901,96888.406998
1745640000000,2.901,2.908,2.877,2.879,160546.234414
1745643600000,2.879,2.901,2.87,2.889,453851.637121
1745647200000,2.889,2.916,2.884,2.915,112711.616606
1745650800000,2.915,2.923,2.894,2.894,208824.998855
1745654400000,2.894,2.924,2.89,2.897,187144.453118
1745658000000,2.895,2.899,2.868,2.888,169419.825868
1745661600000,2.888,2.894,2.878,2.887,49168.483856
1745665200000,2.889,2.893,2.831,2.841,355962.338871
1745668800000,2.843,2.858,2.841,2.843,134360.666567
1745672400000,2.843,2.855,2.815,2.837,288285.131765
1745676000000,2.837,2.851,2.815,2.847,156240.775767
1745679600000,2.848,2.87,2.848,2.866,270883.520915
1745683200000,2.866,2.869,2.84,2.854,181778.893825
1745686800000,2.853,2.871,2.853,2.864,373925.194585
1745690400000,2.864,2.874,2.855,2.859,79062.036223
1745694000000,2.858,2.877,2.856,2.875,53725.8335
1745697600000,2.876,2.884,2.847,2.847,60079.783007
1745701200000,2.847,2.866,2.847,2.859,42880.449856
1745704800000,2.862,2.885,2.862,2.87,100071.881085
1745708400000,2.87,2.871,2.859,2.863,89111.88845
1745712000000,2.863,2.887,2.854,2.873,416612.209179
1745715600000,2.873,2.873,2.747,2.759,786421.119875
1745719200000,2.758,2.783,2.75,2.773,323855.773374
1745722800000,2.773,2.786,2.769,2.772,126194.077083
1745726400000,2.773,2.781,2.734,2.742,254037.865736
1745730000000,2.742,2.746,2.711,2.728,563741.450907
1745733600000,2.728,2.741,2.72,2.725,149342.001764
1745737200000,2.726,2.742,2.719,2.735,117683.08959
1745740800000,2.734,2.754,2.728,2.745,161703.46392
1745744400000,2.746,2.752,2.735,2.744,69823.360744
1745748000000,2.744,2.747,2.722,2.731,117768.34985
1745751600000,2.73,2.732,2.717,2.726,115654.222477
1745755200000,2.727,2.732,2.69,2.7,587426.408036
1745758800000,2.7,2.723,2.676,2.719,359918.238196
1745762400000,2.718,2.736,2.714,2.726,163410.534924
1745766000000,2.725,2.725,2.693,2.703,432078.144705
1745769600000,2.704,2.712,2.669,2.682,574802.443806
1745773200000,2.683,2.71,2.678,2.7,285319.297668
1745776800000,2.7,2.723,2.695,2.711,71692.719504
1745780400000,2.712,2.728,2.704,2.728,67546.824788
1745784000000,2.728,2.729,2.712,2.721,28507.895959
1745787600000,2.717,2.736,2.709,2.73,127264.446752
1745791200000,2.729,2.73,2.698,2.718,182106.706679
1745794800000,2.717,2.721,2.703,2.705,102039.251805
1745798400000,2.705,2.739,2.696,2.72,221029.218734
1745802000000,2.718,2.726,2.645,2.67,582805.061064
1745805600000,2.671,2.723,2.665,2.722,179515.735789
1745809200000,2.722,2.744,2.718,2.733,191868.584135
1745812800000,2.733,2.757,2.73,2.731,163580.798551
1745816400000,2.732,2.743,2.724,2.734,101164.492131
1745820000000,2.735,2.769,2.735,2.764,194982.164586
1745823600000,2.765,2.777,2.754,2.776,164410.548894
1745827200000,2.777,2.809,2.776,2.787,253184.680736
1745830800000,2.789,2.796,2.772,2.773,214033.637744
1745834400000,2.774,2.79,2.749,2.777,451633.7262
1745838000000,2.776,2.789,2.769,2.778,91997.187091
1745841600000,2.778,2.781,2.751,2.755,83503.482103
1745845200000,2.755,2.768,2.714,2.718,190515.735533
1745848800000,2.719,2.748,2.708,2.715,135792.328485
1745852400000,2.715,2.721,2.667,2.692,472164.712706
1745856000000,2.692,2.718,2.676,2.71,197823.3971
1745859600000,2.709,2.74,2.709,2.736,115406.888727
1745863200000,2.737,2.75,2.718,2.746,67511.463169
1745866800000,2.746,2.779,2.746,2.764,118046.311212
1745870400000,2.765,2.781,2.76,2.778,58685.650415
1745874000000,2.777,2.777,2.758,2.768,54262.073904
1745877600000,2.77,2.783,2.763,2.772,80444.592523
1745881200000,2.772,2.775,2.753,2.765,190091.983742
1745884800000,2.765,2.818,2.761,2.814,208269.418534
1745888400000,2.813,2.839,2.78,2.786,424449.014221
1745892000000,2.784,2.794,2.77,2.787,135807.939267
1745895600000,2.786,2.805,2.783,2.786,200912.344601
1745899200000,2.786,2.802,2.76,2.772,193048.075624
1745902800000,2.77,2.774,2.755,2.767,170422.353901
1745906400000,2.768,2.813,2.768,2.805,236420.973694
1745910000000,2.805,2.811,2.793,2.806,367125.817211
1745913600000,2.807,2.822,2.805,2.813,266019.175762
1745917200000,2.815,2.818,2.785,2.793,162813.496862
1745920800000,2.791,2.803,2.766,2.781,261318.755808
1745924400000,2.781,2.796,2.775,2.781,81579.898112
1745928000000,2.781,2.781,2.762,2.767,210192.233464
1745931600000,2.766,2.793,2.757,2.789,221776.499259
1745935200000,2.788,2.815,2.781,2.803,289707.625813
1745938800000,2.804,2.805,2.782,2.789,94917.623384
1745942400000,2.79,2.8,2.778,2.781,145862.827465
1745946000000,2.78,2.793,2.765,2.792,159365.738468
1745949600000,2.793,2.812,2.786,2.798,204477.018634
1745953200000,2.799,2.8,2.781,2.781,60501.73541
1745956800000,2.782,2.786,2.762,2.773,99662.936077
1745960400000,2.773,2.773,2.732,2.755,178466.209479
1745964000000,2.753,2.753,2.719,2.728,226392.001125
1745967600000,2.728,2.747,2.705,2.742,559623.493453
1745971200000,2.742,2.763,2.733,2.753,196715.102022
1745974800000,2.753,2.754,2.727,2.745,225718.070324
1745978400000,2.743,2.753,2.73,2.744,101252.444985
1745982000000,2.744,2.758,2.736,2.755,76610.878024
1745985600000,2.755,2.759,2.747,2.756,47649.036822
1745989200000,2.757,2.757,2.73,2.735,105255.571048
1745992800000,2.735,2.748,2.728,2.728,114422.709927
1745996400000,2.729,2.74,2.712,2.724,187077.620937
1746000000000,2.723,2.737,2.715,2.732,205605.923599
1746003600000,2.732,2.777,2.732,2.773,203843.257963
1746007200000,2.773,2.799,2.764,2.79,358169.026162
1746010800000,2.79,2.795,2.782,2.789,226091.750583
1746014400000,2.789,2.793,2.729,2.751,455408.99388
1746018000000,2.751,2.754,2.68,2.689,552128.141491
1746021600000,2.687,2.749,2.671,2.726,394639.834875
1746025200000,2.726,2.771,2.726,2.752,229466.508066
1746028800000,2.752,2.764,2.73,2.747,193925.541062
1746032400000,2.748,2.768,2.734,2.761,202261.977561
1746036000000,2.762,2.789,2.758,2.774,140375.869117
1746039600000,2.774,2.788,2.756,2.778,56685.573915
1746043200000,2.78,2.811,2.777,2.781,221621.965939
1746046800000,2.782,2.797,2.769,2.774,135676.21742
1746050400000,2.774,2.792,2.771,2.779,95515.051408
1746054000000,2.781,2.782,2.766,2.771,72555.966356
1746057600000,2.771,2.797,2.765,2.795,90614.090235
1746061200000,2.796,2.807,2.793,2.798,165821.760524
1746064800000,2.799,2.811,2.776,2.776,252083.115281
1746068400000,2.776,2.784,2.755,2.759,132907.749694
1746072000000,2.759,2.767,2.748,2.763,259602.243785
1746075600000,2.764,2.779,2.758,2.772,168287.576488
1746079200000,2.772,2.773,2.756,2.765,80225.3046
1746082800000,2.765,2.787,2.76,2.777,71191.692251
1746086400000,2.776,2.789,2.773,2.782,107143.603035
1746090000000,2.783,2.798,2.78,2.789,118683.567882
1746093600000,2.788,2.818,2.783,2.817,408481.707942
1746097200000,2.817,2.826,2.796,2.811,249453.5095
1746100800000,2.812,2.824,2.801,2.821,190706.368448
1746104400000,2.821,2.829,2.783,2.787,371199.428882
1746108000000,2.787,2.816,2.787,2.812,348402.926521
1746111600000,2.813,2.831,2.801,2.801,282447.249428
1746115200000,2.803,2.824,2.8,2.816,186738.517673
1746118800000,2.817,2.83,2.812,2.82,68685.714036
1746122400000,2.82,2.828,2.808,2.826,72877.901281
1746126000000,2.827,2.859,2.822,2.825,124955.054958
1746129600000,2.825,2.845,2.822,2.832,60847.987301
1746133200000,2.833,2.857,2.823,2.853,108695.946883
1746136800000,2.856,2.859,2.84,2.857,77316.729464
1746140400000,2.858,2.864,2.827,2.84,115702.936389
1746144000000,2.839,2.879,2.823,2.87,269137.651633
1746147600000,2.87,2.871,2.846,2.858,200165.903291
1746151200000,2.856,2.87,2.851,2.867,78790.531839
1746154800000,2.867,2.877,2.863,2.864,97990.550865
1746158400000,2.864,2.871,2.834,2.839,139685.326701
1746162000000,2.84,2.844,2.825,2.831,99630.004078
1746165600000,2.83,2.851,2.824,2.843,62505.416477
1746169200000,2.842,2.856,2.83,2.843,368587.778405
1746172800000,2.844,2.903,2.842,2.89,499344.65728
1746176400000,2.89,2.89,2.851,2.855,157304.338687
1746180000000,2.855,2.86,2.826,2.834,228454.609804
1746183600000,2.834,2.845,2.829,2.837,114099.781
1746187200000,2.836,2.852,2.81,2.844,293524.586358
1746190800000,2.845,2.846,2.816,2.824,112728.086898
1746194400000,2.825,2.845,2.819,2.839,125064.217632
1746198000000,2.839,2.843,2.81,2.818,143205.168523
1746201600000,2.819,2.842,2.819,2.822,101657.528356
1746205200000,2.822,2.823,2.8,2.813,134880.644894
1746208800000,2.812,2.825,2.803,2.805,100133.601375
1746212400000,2.804,2.804,2.758,2.769,214139.996281
1746216000000,2.769,2.791,2.762,2.788,66070.238892
1746219600000,2.787,2.797,2.776,2.788,44399.633877
1746223200000,2.782,2.796,2.78,2.791,67223.650517
1746226800000,2.791,2.804,2.788,2.804,64341.506947
1746230400000,2.804,2.808,2.779,2.78,99551.047552
1746234000000,2.781,2.785,2.769,2.783,97325.397173
1746237600000,2.784,2.791,2.779,2.789,27043.261573
1746241200000,2.79,2.797,2.787,2.791,35930.822217
1746244800000,2.79,2.792,2.78,2.788,38026.485711
1746248400000,2.788,2.79,2.778,2.783,45804.93731
1746252000000,2.783,2.783,2.763,2.768,105278.476489
1746255600000,2.771,2.771,2.747,2.757,283121.819278
1746259200000,2.757,2.757,2.735,2.745,258840.815888
1746262800000,2.743,2.753,2.727,2.738,255727.878055
1746266400000,2.735,2.736,2.704,2.707,331704.451176
1746270000000,2.706,2.719,2.705,2.709,186367.316537
1746273600000,2.709,2.728,2.709,2.719,114889.992683
1746277200000,2.719,2.724,2.711,2.716,51424.304728
1746280800000,2.714,2.722,2.707,2.714,83079.073372
1746284400000,2.715,2.728,2.71,2.711,438364.875772
1746288000000,2.711,2.716,2.661,2.674,437810.122229
1746291600000,2.675,2.675,2.619,2.645,749575.611694
1746295200000,2.644,2.645,2.61,2.62,102074.328027
1746298800000,2.619,2.655,2.615,2.652,71683.644675
1746302400000,2.653,2.663,2.645,2.658,61384.331915
1746306000000,2.659,2.679,2.642,2.664,68736.978928
1746309600000,2.665,2.666,2.648,2.655,71743.911429
1746313200000,2.656,2.665,2.643,2.65,120288.037361
1746316800000,2.649,2.676,2.635,2.64,271302.560908
1746320400000,2.64,2.663,2.635,2.658,95817.47013
1746324000000,2.659,2.685,2.65,2.66,106962.561148
1746327600000,2.658,2.671,2.647,2.656,66571.518052
1746331200000,2.657,2.661,2.638,2.649,40643.490802
1746334800000,2.648,2.671,2.647,2.664,33591.606786
1746338400000,2.664,2.666,2.641,2.656,34984.638164
1746342000000,2.657,2.657,2.641,2.65,30980.443239
1746345600000,2.651,2.652,2.62,2.63,98025.08754
1746349200000,2.629,2.635,2.614,2.622,98284.547244
1746352800000,2.621,2.65,2.617,2.644,143205.321775
1746356400000,2.643,2.656,2.641,2.646,42629.792225
1746360000000,2.645,2.65,2.63,2.631,27051.55629
1746363600000,2.632,2.638,2.615,2.627,105107.435929
1746367200000,2.628,2.654,2.628,2.65,60479.437326
1746370800000,2.65,2.655,2.629,2.638,28653.968549
1746374400000,2.635,2.642,2.608,2.621,107115.062047
1746378000000,2.621,2.637,2.607,2.632,53315.433661
1746381600000,2.633,2.637,2.618,2.618,24557.455556
1746385200000,2.618,2.633,2.616,2.624,28140.526782
1746388800000,2.625,2.646,2.625,2.64,61770.914646
1746392400000,2.643,2.651,2.635,2.649,49972.965585
1746396000000,2.649,2.649,2.61,2.632,83257.559837
1746399600000,2.632,2.639,2.616,2.631,59268.902971
1746403200000,2.631,2.671,2.631,2.668,260071.975113
1746406800000,2.669,2.671,2.62,2.643,233745.591014
1746410400000,2.645,2.689,2.639,2.671,242968.041603
1746414000000,2.67,2.678,2.656,2.662,112664.475741
1746417600000,2.663,2.672,2.648,2.672,72394.199734
1746421200000,2.672,2.677,2.659,2.676,60793.632688
1746424800000,2.676,2.68,2.653,2.66,46091.487177
1746428400000,2.659,2.66,2.645,2.657,83822.76702
1746432000000,2.656,2.666,2.649,2.653,178377.367286
1746435600000,2.654,2.664,2.647,2.65,48680.136222
1746439200000,2.65,2.651,2.611,2.628,426237.877366
1746442800000,2.628,2.639,2.619,2.63,192684.493443
1746446400000,2.631,2.636,2.616,2.623,73569.877692
1746450000000,2.622,2.626,2.59,2.612,393607.889423
1746453600000,2.613,2.624,2.595,2.61,122700.816008
1746457200000,2.61,2.612,2.57,2.592,289033.900217
1746460800000,2.592,2.613,2.588,2.605,113111.949189
1746464400000,2.605,2.633,2.603,2.63,78428.249691
1746468000000,2.63,2.652,2.626,2.642,56709.467137
1746471600000,2.643,2.648,2.617,2.619,43259.408955
1746475200000,2.617,2.617,2.584,2.605,131441.809884
1746478800000,2.605,2.624,2.602,2.614,56597.722795
1746482400000,2.614,2.636,2.614,2.63,63721.002585
1746486000000,2.629,2.634,2.611,2.613,53191.713428
1746489600000,2.613,2.628,2.607,2.618,47183.077296
1746493200000,2.618,2.628,2.601,2.605,97791.022259
1746496800000,2.604,2.611,2.582,2.608,82553.887847
1746500400000,2.609,2.625,2.603,2.623,72166.51401
1746504000000,2.624,2.629,2.616,2.617,39139.786327
1746507600000,2.619,2.626,2.602,2.602,82104.051759
1746511200000,2.602,2.615,2.602,2.614,38542.247305
1746514800000,2.615,2.622,2.608,2.611,53631.176804
1746518400000,2.611,2.611,2.573,2.602,247605.925605
1746522000000,2.601,2.61,2.583,2.596,50687.733469
1746525600000,2.594,2.598,2.572,2.581,310608.170997
1746529200000,2.582,2.594,2.555,2.574,271681.128903
1746532800000,2.573,2.58,2.558,2.576,165370.67721
1746536400000,2.576,2.577,2.54,2.555,443698.291045
1746540000000,2.555,2.595,2.555,2.569,306032.532588
1746543600000,2.568,2.578,2.552,2.553,146177.161679
1746547200000,2.555,2.567,2.53,2.532,133179.596912
1746550800000,2.532,2.571,2.532,2.552,164740.857296
1746554400000,2.554,2.578,2.546,2.576,197335.354539
1746558000000,2.576,2.582,2.557,2.558,44569.777094
1746561600000,2.558,2.566,2.522,2.527,274683.353148
1746565200000,2.529,2.538,2.483,2.52,216845.801754
1746568800000,2.519,2.584,2.519,2.584,251513.978236
1746572400000,2.584,2.597,2.568,2.587,446406.662095
1746576000000,2.588,2.617,2.583,2.606,586386.983939
1746579600000,2.605,2.618,2.601,2.608,137596.314036
1746583200000,2.609,2.609,2.57,2.575,272916.243074
1746586800000,2.578,2.578,2.557,2.575,128520.484389
1746590400000,2.575,2.583,2.57,2.576,57118.571989
1746594000000,2.576,2.581,2.559,2.562,48427.085981
1746597600000,2.562,2.572,2.554,2.564,74132.990047
1746601200000,2.564,2.584,2.564,2.584,135765.533257
1746604800000,2.584,2.604,2.575,2.594,284951.600699
1746608400000,2.595,2.603,2.592,2.593,105823.104908
1746612000000,2.594,2.6,2.577,2.582,63586.426076
1746615600000,2.584,2.587,2.571,2.587,49835.907199
1746619200000,2.587,2.59,2.57,2.58,91066.129864
1746622800000,2.58,2.591,2.563,2.585,80333.827973
1746626400000,2.583,2.599,2.57,2.577,155989.991211
1746630000000,2.577,2.577,2.55,2.562,214561.804175
1746633600000,2.56,2.56,2.526,2.549,175896.667739
1746637200000,2.549,2.551,2.529,2.54,143691.825992
1746640800000,2.54,2.575,2.519,2.564,293807.894759
1746644400000,2.564,2.566,2.536,2.546,68710.678319
1746648000000,2.545,2.551,2.529,2.545,33308.506387
1746651600000,2.544,2.572,2.537,2.56,99843.067017
1746655200000,2.561,2.591,2.558,2.588,97839.875995
1746658800000,2.59,2.606,2.586,2.587,162295.629092
1746662400000,2.588,2.616,2.582,2.613,170853.58751
1746666000000,2.613,2.642,2.612,2.626,557377.270323
1746669600000,2.627,2.673,2.627,2.661,313358.248812
1746673200000,2.662,2.702,2.657,2.7,584879.258364
1746676800000,2.7,2.747,2.7,2.721,399635.355
1746680400000,2.721,2.729,2.709,2.709,330864.666657
1746684000000,2.708,2.72,2.707,2.717,115533.376322
1746687600000,2.719,2.736,2.717,2.724,195015.051991
1746691200000,2.725,2.752,2.725,2.751,246696.54888
1746694800000,2.751,2.753,2.738,2.746,103960.649752
1746698400000,2.746,2.771,2.738,2.766,269409.224696
1746702000000,2.764,2.765,2.742,2.752,131982.805791
1746705600000,2.752,2.764,2.744,2.748,238590.989889
1746709200000,2.748,2.761,2.738,2.752,176174.636915
1746712800000,2.752,2.779,2.739,2.763,284689.887381
1746716400000,2.762,2.843,2.76,2.815,514742.010126
1746720000000,2.815,2.855,2.815,2.855,344498.940057
1746723600000,2.854,2.86,2.829,2.835,225154.530716
1746727200000,2.835,2.849,2.831,2.836,108511.995161
1746730800000,2.836,2.864,2.828,2.861,164895.489861
1746734400000,2.863,2.915,2.85,2.907,361693.631837
1746738000000,2.908,2.956,2.892,2.915,472546.918364
1746741600000,2.915,2.92,2.896,2.905,185352.578903
1746745200000,2.905,2.931,2.893,2.931,283827.72833
1746748800000,2.93,2.973,2.928,2.944,457089.088022
1746752400000,2.942,2.966,2.931,2.961,292575.679447
1746756000000,2.961,2.965,2.94,2.945,215332.358042
1746759600000,2.945,2.964,2.923,2.93,301289.288505
1746763200000,2.929,2.948,2.927,2.942,106610.082172
1746766800000,2.942,2.97,2.939,2.968,204062.332024
1746770400000,2.968,2.988,2.957,2.976,267253.059568
1746774000000,2.975,3.036,2.974,3.01,560731.575857
1746777600000,3.01,3.091,2.97,3.004,1074001.519589
1746781200000,3.005,3.032,2.951,2.994,636783.193328
1746784800000,2.994,3.03,2.983,3.028,276532.618039
1746788400000,3.03,3.059,2.997,3.027,364592.792955
1746792000000,3.026,3.035,2.993,3.025,297766.342379
1746795600000,3.025,3.058,3.023,3.042,339128.120431
1746799200000,3.041,3.048,2.979,3.007,627093.154366
1746802800000,3.009,3.028,2.989,3.02,371774.188544
1746806400000,3.021,3.038,2.982,3.009,277964.796936
1746810000000,3.007,3.053,3.002,3.046,256756.392667
1746813600000,3.046,3.047,3.014,3.015,121662.718632
1746817200000,3.017,3.021,2.986,2.995,133959.294577
1746820800000,2.994,3.008,2.988,3.005,103503.760667
1746824400000,3.007,3.025,2.995,3.01,127920.107816
1746828000000,3.012,3.023,2.995,2.997,86923.297215
1746831600000,2.998,3.027,2.998,3.024,107446.225345
1746835200000,3.024,3.076,3.003,3.016,396729.614565
1746838800000,3.016,3.058,3.008,3.022,224256.490253
1746842400000,3.024,3.054,3.019,3.026,121380.991917
1746846000000,3.027,3.04,3.019,3.026,123872.095473
1746849600000,3.025,3.026,2.998,3.018,170482.713113
1746853200000,3.018,3.048,3.006,3.043,162297.040317
1746856800000,3.043,3.067,3.036,3.063,328004.262387
1746860400000,3.064,3.077,3.042,3.066,418256.228162
1746864000000,3.069,3.096,3.04,3.061,351095.038406
1746867600000,3.061,3.084,3.032,3.074,319277.030787
1746871200000,3.075,3.093,3.045,3.045,263633.963011
1746874800000,3.045,3.067,2.995,3.013,572655.114779
1746878400000,3.013,3.044,3.013,3.038,134809.557175
1746882000000,3.038,3.079,3.036,3.069,230083.927008
1746885600000,3.069,3.076,3.042,3.062,104346.175303
1746889200000,3.063,3.065,3.03,3.039,327911.846778
1746892800000,3.04,3.098,3.031,3.096,204789.669727
1746896400000,3.095,3.131,3.086,3.095,632369.018875
1746900000000,3.094,3.133,3.09,3.12,175079.010027
1746903600000,3.119,3.137,3.104,3.122,74616.450701
1746907200000,3.122,3.161,3.102,3.149,150946.248269
1746910800000,3.15,3.171,3.136,3.164,210245.74608
1746914400000,3.164,3.219,3.15,3.213,429269.421391
1746918000000,3.213,3.26,3.205,3.245,645053.589679
1746921600000,3.245,3.261,3.151,3.209,700714.010319
1746925200000,3.208,3.252,3.189,3.212,440105.287307
1746928800000,3.213,3.267,3.2,3.267,612397.736028
1746932400000,3.266,3.305,3.239,3.254,750035.701699
1746936000000,3.254,3.274,3.236,3.273,331465.426905
1746939600000,3.273,3.279,3.224,3.224,245167.048599
1746943200000,3.226,3.228,3.179,3.195,331419.537462
1746946800000,3.195,3.196,3.111,3.137,649910.320428
1746950400000,3.137,3.16,3.101,3.117,384774.933219
1746954000000,3.119,3.172,3.112,3.156,216316.21574
1746957600000,3.157,3.17,3.138,3.157,207900.829191
1746961200000,3.159,3.178,3.159,3.174,100178.726986
1746964800000,3.175,3.182,3.148,3.159,143802.474105
1746968400000,3.159,3.178,3.09,3.096,454545.700373
1746972000000,3.096,3.141,3.096,3.128,167693.597919
1746975600000,3.128,3.156,3.096,3.12,293823.639417
1746979200000,3.119,3.138,3.077,3.121,652756.564598
1746982800000,3.122,3.17,3.112,3.164,373204.150963
1746986400000,3.164,3.176,3.13,3.162,319147.361129
1746990000000,3.16,3.182,3.157,3.164,152763.241323
1746993600000,3.162,3.173,3.138,3.148,127174.995103
1746997200000,3.148,3.162,3.132,3.157,115984.940716
1747000800000,3.158,3.173,3.124,3.148,233354.553494
1747004400000,3.148,3.163,3.135,3.142,96754.394997
1747008000000,3.143,3.183,3.139,3.167,369127.844412
1747011600000,3.169,3.197,3.108,3.146,483362.965219
1747015200000,3.146,3.189,3.146,3.181,460370.848416
1747018800000,3.18,3.217,3.161,3.203,432519.37756
1747022400000,3.203,3.212,3.175,3.199,699805.653247
1747026000000,3.201,3.208,3.15,3.158,449990.192069
1747029600000,3.158,3.197,3.148,3.194,268251.791444
1747033200000,3.194,3.3,3.194,3.233,1422851.376636
1747036800000,3.235,3.268,3.19,3.261,486339.977131
1747040400000,3.264,3.274,3.23,3.234,297850.953518
1747044000000,3.231,3.242,3.211,3.232,273587.950906
1747047600000,3.23,3.244,3.175,3.185,263417.387931
1747051200000,3.184,3.254,3.184,3.244,186575.26922
1747054800000,3.246,3.278,3.211,3.248,407308.922526
1747058400000,3.249,3.262,3.12,3.15,723620.063475
1747062000000,3.153,3.169,3.103,3.136,454577.718473
1747065600000,3.137,3.177,3.11,3.174,367559.738489
1747069200000,3.175,3.189,3.125,3.137,103069.573073
1747072800000,3.137,3.147,2.99,3.044,982488.052363
1747076400000,3.045,3.112,3.041,3.102,200045.952965
1747080000000,3.1,3.145,3.077,3.128,126640.952649
1747083600000,3.129,3.14,3.11,3.133,158370.643949
1747087200000,3.133,3.148,3.124,3.133,135339.707108
1747090800000,3.134,3.162,3.134,3.14,132258.563275
1747094400000,3.141,3.145,3.069,3.071,282751.751986
1747098000000,3.072,3.087,3.019,3.03,397516.901765
1747101600000,3.032,3.045,2.967,2.999,527979.597491
1747105200000,3,3.019,2.953,2.957,442226.758141
1747108800000,2.956,3.021,2.942,3.016,270382.719448
1747112400000,3.016,3.026,2.986,3.003,154300.83002
1747116000000,3.004,3.023,3.004,3.013,149675.495278
1747119600000,3.014,3.048,3.007,3.014,140450.116955
1747123200000,3.018,3.027,3.002,3.015,89375.791435
1747126800000,3.015,3.064,3.013,3.052,169276.353088
1747130400000,3.052,3.054,3.031,3.047,119656.074339
1747134000000,3.048,3.075,3.037,3.057,284427.984905
1747137600000,3.057,3.099,3.04,3.074,420205.044592
1747141200000,3.074,3.098,3.059,3.077,206429.341632
1747144800000,3.077,3.083,3.025,3.045,253485.428597
1747148400000,3.045,3.088,3.037,3.086,184435.971973
1747152000000,3.088,3.16,3.082,3.147,585095.903187
1747155600000,3.148,3.19,3.143,3.175,177561.661695
1747159200000,3.175,3.209,3.168,3.205,481021.286488
1747162800000,3.204,3.237,3.185,3.222,353384.288774
1747166400000,3.221,3.235,3.196,3.233,130920.7532
1747170000000,3.233,3.258,3.218,3.243,204019.844397
1747173600000,3.244,3.261,3.221,3.246,178655.491845
1747177200000,3.246,3.253,3.214,3.218,272066.370049
1747180800000,3.219,3.269,3.206,3.268,293920.534633
1747184400000,3.268,3.289,3.238,3.249,404856.229825
1747188000000,3.251,3.254,3.206,3.234,327696.870494
1747191600000,3.233,3.238,3.209,3.221,144610.123548
1747195200000,3.222,3.231,3.197,3.231,186247.755038
1747198800000,3.232,3.247,3.222,3.238,124925.283508
1747202400000,3.24,3.245,3.21,3.226,114146.463467
1747206000000,3.226,3.226,3.176,3.182,426829.409991
1747209600000,3.181,3.193,3.107,3.11,624790.865794
1747213200000,3.112,3.154,3.1,3.144,315599.197421
1747216800000,3.144,3.177,3.144,3.146,187238.576607
1747220400000,3.15,3.174,3.149,3.157,116212.298495
1747224000000,3.159,3.171,3.121,3.131,331010.867151
1747227600000,3.13,3.148,3.079,3.12,433361.271894
1747231200000,3.121,3.121,3.064,3.082,293987.326832
1747234800000,3.084,3.094,3.058,3.09,238372.68406
1747238400000,3.09,3.107,3.061,3.081,198186.092283
1747242000000,3.081,3.086,3.042,3.079,180576.133615
1747245600000,3.08,3.098,3.065,3.082,142067.83905
1747249200000,3.079,3.094,3.068,3.075,62663.742307
1747252800000,3.075,3.084,3.067,3.067,39569.453464
1747256400000,3.067,3.083,3.052,3.082,73457.457104
1747260000000,3.078,3.085,3.048,3.05,90779.618831
1747263600000,3.05,3.059,3.026,3.052,110687.406162
1747267200000,3.053,3.085,3.048,3.075,156851.765344
1747270800000,3.072,3.08,3.006,3.016,300502.406031
1747274400000,3.016,3.05,3.013,3.038,137099.83387
1747278000000,3.038,3.041,3.012,3.018,89104.344125
1747281600000,3.017,3.034,3.01,3.023,77457.444289
1747285200000,3.023,3.026,2.973,2.979,429394.309304
1747288800000,2.979,2.995,2.953,2.977,303251.077292
1747292400000,2.977,2.981,2.907,2.915,487665.902804
1747296000000,2.914,2.97,2.914,2.969,264672.039751
1747299600000,2.968,2.972,2.921,2.945,315916.211191
1747303200000,2.945,2.949,2.9,2.924,248637.686329
1747306800000,2.925,2.965,2.923,2.951,312668.321713
1747310400000,2.951,2.983,2.942,2.95,292758.288894
1747314000000,2.95,2.97,2.908,2.925,410886.320986
1747317600000,2.926,2.939,2.882,2.918,514922.967101
1747321200000,2.917,2.98,2.907,2.974,258003.470765
1747324800000,2.973,3.015,2.955,3.015,204657.521057
1747328400000,3.014,3.033,2.996,3.002,80982.26998
1747332000000,2.997,3.005,2.917,2.924,238690.93373
1747335600000,2.926,2.954,2.908,2.942,260201.836245
1747339200000,2.943,2.959,2.919,2.933,284058.887002
1747342800000,2.93,2.945,2.89,2.942,138173.113421
1747346400000,2.938,2.964,2.926,2.926,125662.498122
1747350000000,2.925,2.942,2.88,2.936,204832.631779
1747353600000,2.937,2.971,2.929,2.949,180206.431129
1747357200000,2.95,2.969,2.929,2.962,178729.186378
1747360800000,2.963,2.991,2.954,2.976,330460.391881
1747364400000,2.977,2.989,2.968,2.981,106227.510391
1747368000000,2.983,2.992,2.957,2.974,99711.6873
1747371600000,2.975,3,2.975,2.993,176762.186384
1747375200000,2.992,3.002,2.982,2.993,133773.591831
1747378800000,2.993,3.004,2.972,2.986,128737.622328
1747382400000,2.986,2.995,2.935,2.963,183624.610085
1747386000000,2.961,2.999,2.956,2.998,212881.240712
1747389600000,2.999,3.01,2.985,3.006,160825.329722
1747393200000,3.008,3.023,2.997,3.006,134025.71961
1747396800000,3.008,3.016,2.977,2.977,127383.76484
1747400400000,2.977,3.008,2.974,3.005,99639.998517
1747404000000,3.003,3.004,2.953,2.969,231496.660467
1747407600000,2.97,2.993,2.97,2.982,182597.158491
1747411200000,2.982,2.995,2.942,2.974,135124.766852
1747414800000,2.976,2.98,2.938,2.944,118280.914734
1747418400000,2.942,2.951,2.928,2.936,49971.534029
1747422000000,2.935,2.945,2.922,2.935,78107.434339
1747425600000,2.935,2.939,2.899,2.915,255803.968165
1747429200000,2.915,2.933,2.905,2.914,134025.622778
1747432800000,2.91,2.914,2.853,2.868,430386.775502
1747436400000,2.87,2.894,2.868,2.88,253250.637992
1747440000000,2.879,2.892,2.839,2.854,311597.575163
1747443600000,2.852,2.852,2.78,2.797,549873.32154
1747447200000,2.797,2.824,2.768,2.811,705684.852722
1747450800000,2.812,2.83,2.786,2.827,215308.444812
1747454400000,2.828,2.855,2.82,2.847,168971.709118
1747458000000,2.848,2.852,2.808,2.81,120653.604049
1747461600000,2.811,2.83,2.808,2.825,97260.99135
1747465200000,2.826,2.84,2.807,2.822,122878.807521
1747468800000,2.821,2.834,2.802,2.802,49242.469644
1747472400000,2.804,2.81,2.777,2.799,170888.396726
1747476000000,2.796,2.822,2.791,2.807,54519.664167
1747479600000,2.807,2.814,2.782,2.797,86566.701562
1747483200000,2.797,2.805,2.783,2.783,109071.760057
1747486800000,2.785,2.802,2.753,2.768,283851.687167
1747490400000,2.769,2.814,2.768,2.806,152468.308272
1747494000000,2.807,2.811,2.789,2.789,89837.907407
1747497600000,2.789,2.796,2.742,2.776,216305.06637
1747501200000,2.773,2.803,2.772,2.777,94280.316521
1747504800000,2.776,2.805,2.765,2.766,175643.538908
1747508400000,2.764,2.789,2.759,2.766,43820.648427
1747512000000,2.765,2.811,2.76,2.809,71734.121147
1747515600000,2.81,2.811,2.783,2.799,65796.168567
1747519200000,2.8,2.8,2.743,2.77,197830.488621
1747522800000,2.769,2.793,2.765,2.786,37344.718204
1747526400000,2.786,2.796,2.771,2.796,74272.003084
1747530000000,2.795,2.809,2.78,2.8,57919.47895
1747533600000,2.802,2.807,2.791,2.795,53526.119013
1747537200000,2.794,2.806,2.778,2.794,175874.212175
1747540800000,2.795,2.814,2.794,2.813,96354.689202
1747544400000,2.813,2.863,2.813,2.858,185674.730967
1747548000000,2.859,2.864,2.845,2.849,261553.573299
1747551600000,2.848,2.883,2.845,2.881,138519.637465
1747555200000,2.884,2.91,2.881,2.904,332722.955744
1747558800000,2.905,2.921,2.88,2.887,412234.640141
1747562400000,2.889,2.892,2.863,2.873,110585.304805
1747566000000,2.872,2.879,2.855,2.857,88086.483204
1747569600000,2.856,2.876,2.841,2.876,402827.270437
1747573200000,2.877,2.906,2.873,2.903,99489.26514
1747576800000,2.904,2.949,2.892,2.937,267095.259874
1747580400000,2.94,2.971,2.927,2.965,324265.01862
1747584000000,2.966,2.986,2.957,2.968,331879.020717
1747587600000,2.968,2.968,2.877,2.88,331383.363387
1747591200000,2.882,2.885,2.813,2.84,495853.162627
1747594800000,2.837,2.856,2.781,2.783,252597.051856
1747598400000,2.782,2.814,2.725,2.811,549879.228617
1747602000000,2.813,2.858,2.813,2.832,163996.210353
1747605600000,2.833,2.871,2.803,2.869,185559.385126
1747609200000,2.868,2.924,2.849,2.911,242196.761208
1747612800000,2.912,2.934,2.842,2.847,340304.852472
1747616400000,2.846,2.86,2.826,2.828,132390.822362
1747620000000,2.827,2.833,2.802,2.809,177970.312107
1747623600000,2.809,2.809,2.771,2.781,246232.061562
1747627200000,2.783,2.804,2.734,2.748,449751.550851
1747630800000,2.749,2.772,2.735,2.766,220779.653733
1747634400000,2.764,2.792,2.733,2.735,185081.907815
1747638000000,2.734,2.806,2.732,2.789,205590.522595
1747641600000,2.786,2.808,2.773,2.788,126323.550801
1747645200000,2.785,2.802,2.763,2.778,302081.744382
1747648800000,2.777,2.785,2.754,2.773,194300.110441
1747652400000,2.772,2.778,2.763,2.771,52763.88554
1747656000000,2.77,2.771,2.735,2.748,198117.620733
1747659600000,2.749,2.8,2.747,2.786,122836.692782
1747663200000,2.789,2.826,2.779,2.818,226143.964169
1747666800000,2.819,2.847,2.818,2.839,147555.584039
1747670400000,2.839,2.882,2.816,2.878,223830.829946
1747674000000,2.879,2.909,2.875,2.898,252099.500762
1747677600000,2.901,2.911,2.852,2.864,289140.027677
1747681200000,2.865,2.89,2.857,2.884,126278.41505
1747684800000,2.883,2.888,2.864,2.87,96573.993246
1747688400000,2.869,2.869,2.842,2.863,100946.74899
1747692000000,2.861,2.861,2.838,2.847,87063.535528
1747695600000,2.844,2.866,2.844,2.861,100347.697992
1747699200000,2.861,2.889,2.847,2.85,166793.141066
1747702800000,2.849,2.897,2.845,2.888,138345.850214
1747706400000,2.888,2.924,2.886,2.889,276618.092649
1747710000000,2.892,2.893,2.866,2.877,174132.797043
1747713600000,2.878,2.883,2.859,2.88,75823.581557
1747717200000,2.88,2.897,2.875,2.881,107385.237623
1747720800000,2.88,2.888,2.858,2.867,87613.065975
1747724400000,2.869,2.869,2.836,2.845,165880.673157
1747728000000,2.846,2.853,2.825,2.844,160560.233672
1747731600000,2.841,2.852,2.83,2.84,150629.472147
1747735200000,2.841,2.852,2.811,2.821,175500.501948
1747738800000,2.821,2.824,2.795,2.815,345281.870394
1747742400000,2.814,2.816,2.78,2.8,176809.062105
1747746000000,2.8,2.807,2.779,2.79,174461.486729
1747749600000,2.789,2.811,2.785,2.8,149009.039952
1747753200000,2.802,2.829,2.801,2.82,119540.278089
1747756800000,2.82,2.828,2.792,2.799,190691.739821
1747760400000,2.797,2.834,2.796,2.824,78042.557621
1747764000000,2.825,2.83,2.763,2.769,229515.262341
1747767600000,2.768,2.843,2.766,2.831,149594.853648
1747771200000,2.829,2.863,2.823,2.853,202049.566776
1747774800000,2.859,2.873,2.845,2.861,236579.700066
1747778400000,2.856,2.861,2.825,2.855,209990.46365
1747782000000,2.854,2.879,2.847,2.863,167008.128779
1747785600000,2.864,2.879,2.846,2.849,235469.848486
1747789200000,2.851,2.873,2.836,2.838,278337.717087
1747792800000,2.839,2.858,2.813,2.858,191699.538034
1747796400000,2.858,2.894,2.858,2.88,292365.254522
1747800000000,2.882,2.901,2.868,2.882,318023.867317
1747803600000,2.882,2.908,2.879,2.895,224466.301278
1747807200000,2.895,2.917,2.882,2.897,193896.749403
1747810800000,2.898,2.9,2.852,2.86,180026.653456
1747814400000,2.86,2.873,2.85,2.85,114933.919334
1747818000000,2.851,2.855,2.837,2.849,108200.187651
1747821600000,2.85,2.863,2.844,2.862,53109.623583
1747825200000,2.863,2.894,2.861,2.878,156840.077556
1747828800000,2.878,2.892,2.868,2.873,78902.130477
1747832400000,2.876,2.903,2.857,2.887,181033.67281
1747836000000,2.887,2.917,2.872,2.917,433533.75968
1747839600000,2.917,2.929,2.897,2.914,438392.956119
1747843200000,2.917,3.001,2.911,2.961,628549.127121
1747846800000,2.964,2.973,2.825,2.853,1204033.979188
1747850400000,2.854,2.9,2.843,2.877,228701.518426
1747854000000,2.876,2.918,2.861,2.914,118279.408951
1747857600000,2.915,2.921,2.892,2.913,71648.198698
1747861200000,2.914,2.925,2.898,2.903,64394.425012
1747864800000,2.907,2.94,2.903,2.937,172695.86942
1747868400000,2.936,2.983,2.93,2.944,330813.764871
1747872000000,2.945,2.99,2.942,2.989,354039.305186
1747875600000,2.989,3.007,2.971,2.976,494189.460726
1747879200000,2.978,2.996,2.974,2.989,141969.067332
1747882800000,2.989,3.028,2.978,3.013,281811.246812
1747886400000,3.015,3.028,3.007,3.019,211998.498103
1747890000000,3.019,3.035,3,3.002,225060.913664
1747893600000,3.002,3.014,2.995,2.998,230712.417919
1747897200000,2.998,3.018,2.991,3.017,260445.810983
1747900800000,3.017,3.055,3.015,3.046,326530.166671
1747904400000,3.045,3.078,3.04,3.06,270333.605868
1747908000000,3.06,3.062,3.036,3.043,244958.647287
1747911600000,3.041,3.05,3.023,3.038,183678.514632
1747915200000,3.041,3.049,3.022,3.032,218431.355296
1747918800000,3.033,3.037,3.004,3.012,254944.554757
1747922400000,3.012,3.063,3.012,3.06,267303.557804
1747926000000,3.06,3.096,3.055,3.069,302916.515686
1747929600000,3.069,3.086,3.048,3.057,235228.675903
1747933200000,3.057,3.075,3.05,3.059,121548.649305
1747936800000,3.058,3.071,3.046,3.064,57206.170585
1747940400000,3.065,3.072,3.045,3.056,123753.467854
1747944000000,3.056,3.079,3.052,3.062,77645.869994
1747947600000,3.062,3.064,3.038,3.05,88638.42208
1747951200000,3.054,3.085,3.054,3.068,86459.995525
1747954800000,3.07,3.093,3.07,3.085,62830.066411
1747958400000,3.086,3.098,3.07,3.082,199316.872944
1747962000000,3.085,3.11,3.068,3.095,266533.627561
1747965600000,3.096,3.158,3.094,3.131,555068.528656
1747969200000,3.131,3.142,3.12,3.132,200671.22979
1747972800000,3.132,3.138,3.076,3.099,274109.952973
1747976400000,3.098,3.103,3.068,3.091,157623.874607
1747980000000,3.092,3.092,3.032,3.043,374607.865676
1747983600000,3.045,3.065,3.035,3.043,114787.49384
1747987200000,3.045,3.072,3.039,3.064,183769.908078
1747990800000,3.064,3.103,3.061,3.1,161280.348508
1747994400000,3.1,3.101,3.066,3.084,136153.146321
1747998000000,3.085,3.085,2.931,2.95,1019548.405709
1748001600000,2.952,2.955,2.868,2.941,1131901.851385
1748005200000,2.941,2.999,2.926,2.996,258837.030261
1748008800000,2.997,3.016,2.977,2.996,200906.806068
1748012400000,2.998,3.004,2.952,2.954,185161.398116
1748016000000,2.955,2.974,2.936,2.972,150623.325013
1748019600000,2.971,2.983,2.963,2.969,78746.974933
1748023200000,2.969,2.976,2.939,2.946,161580.518146
1748026800000,2.945,2.96,2.931,2.936,51651.871439
1748030400000,2.935,2.935,2.9,2.906,176039.773383
1748034000000,2.903,2.919,2.889,2.899,137816.190443
1748037600000,2.9,2.916,2.879,2.88,106165.201668
1748041200000,2.878,2.888,2.826,2.846,350226.316401
1748044800000,2.846,2.875,2.828,2.851,172900.183624
1748048400000,2.852,2.872,2.847,2.847,125533.197646
1748052000000,2.847,2.869,2.838,2.869,108227.021747
1748055600000,2.867,2.888,2.864,2.874,84509.249725
1748059200000,2.875,2.889,2.867,2.879,62457.385579
1748062800000,2.879,2.879,2.855,2.866,82034.113407
1748066400000,2.866,2.87,2.845,2.861,81789.029757
1748070000000,2.861,2.875,2.848,2.853,82456.389319
1748073600000,2.854,2.866,2.837,2.866,169725.909425
1748077200000,2.863,2.869,2.853,2.855,37730.546807
1748080800000,2.854,2.884,2.851,2.877,106771.048989
1748084400000,2.877,2.886,2.867,2.869,75808.1844
1748088000000,2.869,2.876,2.855,2.87,85571.529634
1748091600000,2.869,2.872,2.852,2.853,61528.803931
1748095200000,2.852,2.875,2.851,2.874,63682.109936
1748098800000,2.874,2.881,2.855,2.863,55496.282704
1748102400000,2.86,2.868,2.843,2.861,101694.458376
1748106000000,2.863,2.878,2.859,2.86,48611.064357
1748109600000,2.859,2.869,2.848,2.85,44908.150639
1748113200000,2.847,2.857,2.842,2.853,34419.998598
1748116800000,2.852,2.862,2.848,2.85,30924.483678
1748120400000,2.85,2.851,2.816,2.841,108670.531978
1748124000000,2.84,2.84,2.818,2.82,65093.24219
1748127600000,2.821,2.83,2.805,2.824,130720.762595
1748131200000,2.824,2.834,2.776,2.785,233044.294546
1748134800000,2.785,2.795,2.76,2.783,141143.496589
1748138400000,2.784,2.811,2.774,2.806,80079.372443
1748142000000,2.805,2.823,2.803,2.816,80243.643898
1748145600000,2.816,2.824,2.805,2.822,40198.149614
1748149200000,2.822,2.823,2.811,2.822,61550.598048
1748152800000,2.823,2.824,2.804,2.809,64899.01484
1748156400000,2.809,2.809,2.786,2.797,67591.349129
1748160000000,2.797,2.797,2.754,2.771,183722.702252
1748163600000,2.771,2.782,2.754,2.778,225196.626423
1748167200000,2.778,2.785,2.764,2.766,81307.712988
1748170800000,2.764,2.78,2.761,2.778,59228.314939
1748174400000,2.777,2.793,2.759,2.79,118181.588287
1748178000000,2.788,2.799,2.775,2.789,97930.512645
1748181600000,2.789,2.792,2.762,2.768,122645.966724
1748185200000,2.769,2.77,2.721,2.759,431124.707433
1748188800000,2.756,2.76,2.731,2.758,122247.49783
1748192400000,2.757,2.777,2.757,2.763,191282.343702
1748196000000,2.765,2.771,2.754,2.754,40493.592915
1748199600000,2.754,2.788,2.753,2.78,41180.986589
1748203200000,2.778,2.779,2.763,2.766,36110.134679
1748206800000,2.765,2.775,2.745,2.755,93366.586786
1748210400000,2.757,2.822,2.751,2.82,168105.822501
1748214000000,2.821,2.826,2.799,2.816,139730.574664
1748217600000,2.817,2.847,2.8,2.847,184360.970533
1748221200000,2.847,2.85,2.817,2.821,262728.453226
1748224800000,2.822,2.823,2.802,2.805,101203.988579
1748228400000,2.805,2.817,2.799,2.809,100901.986214
1748232000000,2.809,2.822,2.807,2.816,96806.033386
1748235600000,2.816,2.827,2.813,2.827,101303.43154
1748239200000,2.827,2.841,2.82,2.838,119454.990108
1748242800000,2.839,2.862,2.839,2.851,260104.815789
1748246400000,2.852,2.86,2.831,2.836,116172.756574
1748250000000,2.835,2.847,2.822,2.828,92882.66682
1748253600000,2.828,2.839,2.819,2.826,55592.399634
1748257200000,2.826,2.838,2.821,2.83,41659.406714
1748260800000,2.833,2.842,2.816,2.838,77590.555154
1748264400000,2.837,2.843,2.799,2.808,173845.102245
1748268000000,2.808,2.816,2.785,2.789,178777.592098
1748271600000,2.791,2.828,2.788,2.821,121944.714988
1748275200000,2.824,2.829,2.782,2.794,135081.676672
1748278800000,2.794,2.803,2.759,2.769,158935.40959
1748282400000,2.768,2.789,2.759,2.775,75017.677383
1748286000000,2.778,2.791,2.774,2.782,44603.61186
1748289600000,2.782,2.799,2.775,2.799,81168.424528
1748293200000,2.8,2.801,2.782,2.788,52610.348577
1748296800000,2.788,2.808,2.781,2.783,49834.812274
1748300400000,2.782,2.794,2.774,2.792,127776.619704
1748304000000,2.792,2.809,2.783,2.785,60169.832219
1748307600000,2.783,2.784,2.735,2.77,305027.602079
1748311200000,2.77,2.788,2.77,2.78,85592.04566
1748314800000,2.78,2.814,2.78,2.797,189610.400372
1748318400000,2.798,2.818,2.796,2.804,96692.554474
1748322000000,2.805,2.822,2.789,2.818,70353.403464
1748325600000,2.821,2.876,2.82,2.852,395965.85482
1748329200000,2.853,2.865,2.841,2.85,210380.711814
1748332800000,2.85,2.887,2.85,2.881,211734.959792
1748336400000,2.881,2.892,2.866,2.879,225083.729097
1748340000000,2.88,2.884,2.865,2.882,129898.096878
1748343600000,2.881,2.884,2.866,2.882,86892.009837
1748347200000,2.883,2.898,2.878,2.885,136435.24232
1748350800000,2.886,2.924,2.886,2.891,511285.887226
1748354400000,2.891,2.908,2.858,2.88,270972.74583
1748358000000,2.879,2.894,2.867,2.89,178058.945831
1748361600000,2.891,2.917,2.885,2.9,286508.622706
1748365200000,2.9,2.919,2.897,2.9,237929.263738
1748368800000,2.901,2.911,2.882,2.891,129147.002476
1748372400000,2.89,2.896,2.88,2.89,95637.634561
1748376000000,2.893,2.912,2.889,2.905,75887.932736
1748379600000,2.905,2.917,2.889,2.893,103739.419994
1748383200000,2.895,2.899,2.868,2.886,78728.6329
1748386800000,2.887,2.889,2.87,2.883,102070.848239
1748390400000,2.885,2.898,2.868,2.898,115257.558775
1748394000000,2.898,2.901,2.869,2.872,104532.686535
1748397600000,2.872,2.88,2.859,2.867,171236.739796
1748401200000,2.866,2.88,2.859,2.875,129084.685484
1748404800000,2.875,2.895,2.859,2.886,141928.144162
1748408400000,2.888,2.888,2.868,2.871,57289.471671
1748412000000,2.87,2.87,2.835,2.85,244750.437925
1748415600000,2.849,2.869,2.846,2.857,116951.420624
1748419200000,2.858,2.87,2.846,2.863,189018.940527
1748422800000,2.864,2.864,2.83,2.839,150833.535372
1748426400000,2.838,2.858,2.82,2.857,191180.76607
1748430000000,2.856,2.886,2.856,2.88,206676.727448
1748433600000,2.883,2.91,2.869,2.886,298431.877348
1748437200000,2.889,2.896,2.846,2.856,290089.304534
1748440800000,2.855,2.859,2.826,2.828,283977.762068
1748444400000,2.827,2.84,2.805,2.82,301290.467269
1748448000000,2.821,2.835,2.816,2.829,94400.472708
1748451600000,2.83,2.85,2.814,2.822,127230.397553
1748455200000,2.821,2.829,2.788,2.789,169100.935142
1748458800000,2.789,2.81,2.761,2.764,201737.046791
1748462400000,2.764,2.789,2.758,2.788,107227.311767
1748466000000,2.789,2.807,2.78,2.805,102903.185703
1748469600000,2.805,2.809,2.79,2.807,86050.267027
1748473200000,2.807,2.869,2.807,2.861,374481.999765
1748476800000,2.862,2.904,2.857,2.904,391089.031683
1748480400000,2.904,2.91,2.874,2.894,387710.848956
1748484000000,2.895,2.947,2.88,2.945,374020.813313
1748487600000,2.947,2.949,2.907,2.912,410444.049063
1748491200000,2.912,2.918,2.853,2.879,363865.56511
1748494800000,2.88,2.88,2.859,2.863,151515.508276
1748498400000,2.864,2.881,2.864,2.867,86182.221161
1748502000000,2.869,2.873,2.852,2.864,151568.580815
1748505600000,2.866,2.873,2.846,2.868,220044.781807
1748509200000,2.867,2.87,2.852,2.86,72963.787906
1748512800000,2.861,2.865,2.848,2.861,102969.830741
1748516400000,2.861,2.87,2.851,2.869,80676.685529
1748520000000,2.868,2.868,2.83,2.846,247572.658372
1748523600000,2.844,2.854,2.81,2.82,229124.742766
1748527200000,2.82,2.834,2.785,2.83,364805.754402
1748530800000,2.829,2.84,2.812,2.815,104889.245592
1748534400000,2.815,2.829,2.784,2.784,136475.183622
1748538000000,2.783,2.804,2.775,2.791,118593.029366
1748541600000,2.789,2.807,2.776,2.778,118684.557456
1748545200000,2.777,2.791,2.75,2.764,344488.217905
1748548800000,2.763,2.776,2.758,2.768,146152.564026
1748552400000,2.769,2.798,2.768,2.798,68972.070528
1748556000000,2.794,2.799,2.778,2.778,77660.445671
1748559600000,2.778,2.789,2.75,2.765,120481.228436
1748563200000,2.764,2.782,2.567,2.62,3141201.892086
1748566800000,2.621,2.673,2.607,2.654,592900.720515
1748570400000,2.653,2.689,2.652,2.669,200045.247232
1748574000000,2.668,2.688,2.664,2.675,83116.220618
1748577600000,2.675,2.682,2.663,2.674,83581.791372
1748581200000,2.672,2.684,2.658,2.672,105826.018838
1748584800000,2.671,2.671,2.627,2.638,277113.162232
1748588400000,2.642,2.667,2.641,2.65,364384.377718
1748592000000,2.652,2.663,2.634,2.644,111739.801872
1748595600000,2.644,2.665,2.628,2.658,158348.835804
1748599200000,2.658,2.668,2.644,2.667,81081.702004
1748602800000,2.668,2.677,2.657,2.669,82952.954185
1748606400000,2.667,2.675,2.631,2.663,137859.471838
1748610000000,2.662,2.672,2.636,2.64,163969.379513
1748613600000,2.64,2.668,2.634,2.66,277878.674035
1748617200000,2.66,2.672,2.642,2.642,141109.211921
1748620800000,2.643,2.655,2.54,2.584,1200902.509128
1748624400000,2.585,2.605,2.562,2.578,303101.473903
1748628000000,2.577,2.599,2.569,2.585,110657.237658
1748631600000,2.585,2.602,2.581,2.588,57931.139047
1748635200000,2.589,2.594,2.573,2.574,116210.963423
1748638800000,2.572,2.586,2.557,2.563,173587.451724
1748642400000,2.563,2.569,2.506,2.509,362180.303143
1748646000000,2.509,2.532,2.491,2.513,500575.408107
1748649600000,2.513,2.525,2.46,2.478,609885.593938
1748653200000,2.476,2.505,2.438,2.471,649059.530031
1748656800000,2.469,2.498,2.455,2.458,172206.02741
1748660400000,2.459,2.483,2.443,2.48,299540.5852
1748664000000,2.48,2.498,2.464,2.492,175054.85859
1748667600000,2.492,2.498,2.48,2.485,186574.688501
1748671200000,2.484,2.512,2.481,2.504,97733.260768
1748674800000,2.503,2.508,2.495,2.5,70912.354021
1748678400000,2.5,2.509,2.488,2.499,66150.482655
1748682000000,2.5,2.508,2.49,2.501,34303.364928
1748685600000,2.501,2.525,2.494,2.508,115571.886765
1748689200000,2.507,2.51,2.496,2.503,108044.161102
1748692800000,2.503,2.543,2.499,2.542,147995.872672
1748696400000,2.541,2.564,2.539,2.549,124797.562161
1748700000000,2.547,2.564,2.546,2.552,91558.834253
1748703600000,2.552,2.57,2.547,2.554,198516.984698
1748707200000,2.554,2.573,2.55,2.563,138462.594317
1748710800000,2.563,2.571,2.549,2.552,102227.802754
1748714400000,2.552,2.58,2.551,2.58,33837.065397
1748718000000,2.58,2.586,2.573,2.575,75779.533163
1748721600000,2.577,2.612,2.574,2.611,218398.064281
1748725200000,2.611,2.622,2.602,2.615,136690.370997
1748728800000,2.614,2.614,2.594,2.597,95038.795851
1748732400000,2.598,2.609,2.59,2.596,95044.080131
1748736000000,2.596,2.598,2.574,2.583,153289.927341
1748739600000,2.583,2.596,2.557,2.567,146477.099583
1748743200000,2.566,2.569,2.549,2.564,211695.068259
1748746800000,2.564,2.569,2.548,2.561,104701.596453
1748750400000,2.56,2.576,2.552,2.573,193857.733212
1748754000000,2.573,2.582,2.566,2.569,58527.189588
1748757600000,2.568,2.57,2.557,2.559,71172.820839
1748761200000,2.557,2.561,2.55,2.558,52604.735167
1748764800000,2.555,2.558,2.539,2.546,58916.001053
1748768400000,2.547,2.552,2.507,2.525,224209.562115
1748772000000,2.525,2.534,2.518,2.533,63042.732231
1748775600000,2.532,2.546,2.528,2.538,35222.406369
1748779200000,2.538,2.539,2.511,2.518,60586.514343
1748782800000,2.518,2.541,2.516,2.533,37623.478345
1748786400000,2.535,2.561,2.535,2.552,109849.297526
1748790000000,2.552,2.561,2.543,2.558,93132.013784
1748793600000,2.559,2.588,2.559,2.578,131017.851877
1748797200000,2.578,2.582,2.566,2.569,43258.639684
1748800800000,2.569,2.569,2.521,2.542,141867.781931
1748804400000,2.542,2.558,2.54,2.557,73960.928272
1748808000000,2.557,2.569,2.547,2.556,34637.35274
1748811600000,2.557,2.577,2.556,2.573,55859.878331
1748815200000,2.575,2.587,2.567,2.571,43384.619426
1748818800000,2.572,2.581,2.567,2.571,49157.953379
1748822400000,2.571,2.574,2.563,2.567,56875.548293
1748826000000,2.568,2.58,2.553,2.554,158253.495564
1748829600000,2.554,2.556,2.537,2.539,69839.551805
1748833200000,2.541,2.541,2.521,2.532,76467.853128
1748836800000,2.533,2.541,2.528,2.53,26400.583551
1748840400000,2.532,2.541,2.519,2.531,74485.083898
1748844000000,2.532,2.548,2.52,2.542,75995.270642
1748847600000,2.542,2.561,2.541,2.553,82129.984056
1748851200000,2.552,2.568,2.538,2.542,100211.015952
1748854800000,2.543,2.543,2.511,2.519,138204.941599
1748858400000,2.519,2.529,2.509,2.521,111353.451732
1748862000000,2.521,2.53,2.516,2.527,49564.753531
1748865600000,2.526,2.545,2.515,2.543,64489.97037
1748869200000,2.544,2.558,2.532,2.534,68885.036597
1748872800000,2.534,2.565,2.528,2.552,124108.066502
1748876400000,2.552,2.564,2.54,2.555,102083.842191
1748880000000,2.557,2.568,2.551,2.565,47815.822722
1748883600000,2.565,2.569,2.552,2.563,29967.107102
1748887200000,2.564,2.575,2.553,2.554,44887.643163
1748890800000,2.556,2.563,2.529,2.543,94452.08553
1748894400000,2.545,2.582,2.545,2.582,236708.897785
1748898000000,2.583,2.613,2.582,2.611,205830.209314
1748901600000,2.611,2.649,2.611,2.626,225613.570367
1748905200000,2.627,2.647,2.626,2.642,216429.038408
1748908800000,2.643,2.679,2.638,2.666,263335.994865
1748912400000,2.667,2.686,2.666,2.681,187265.725942
1748916000000,2.682,2.685,2.645,2.65,213154.05829
1748919600000,2.649,2.652,2.627,2.633,112109.698875
1748923200000,2.635,2.636,2.616,2.625,74107.289535
1748926800000,2.626,2.648,2.625,2.642,89048.105276
1748930400000,2.641,2.641,2.628,2.638,50396.706138
1748934000000,2.637,2.641,2.622,2.622,91604.419953
1748937600000,2.623,2.627,2.595,2.617,349396.757757
1748941200000,2.617,2.624,2.608,2.618,99001.9649
1748944800000,2.619,2.623,2.617,2.621,41719.14277
1748948400000,2.622,2.629,2.616,2.619,93269.793653
1748952000000,2.619,2.622,2.611,2.618,103323.352375
1748955600000,2.618,2.636,2.612,2.631,202977.333361
1748959200000,2.631,2.648,2.619,2.646,181080.937737
1748962800000,2.647,2.65,2.629,2.63,122789.798178
1748966400000,2.631,2.644,2.624,2.633,151799.827328
1748970000000,2.634,2.65,2.632,2.638,60028.6249
1748973600000,2.635,2.639,2.626,2.638,64358.462555
1748977200000,2.639,2.656,2.639,2.654,54526.203102
1748980800000,2.656,2.658,2.617,2.629,126804.190221
1748984400000,2.631,2.633,2.592,2.609,110000.598956
1748988000000,2.609,2.643,2.606,2.638,57689.382867
1748991600000,2.639,2.645,2.624,2.626,86400.463909
1748995200000,2.626,2.654,2.624,2.653,94157.640121
1748998800000,2.654,2.674,2.651,2.653,133003.95992
1749002400000,2.653,2.665,2.629,2.634,88357.17799
1749006000000,2.635,2.655,2.635,2.646,117508.228876
1749009600000,2.646,2.647,2.634,2.643,43409.881451
1749013200000,2.643,2.647,2.629,2.63,73460.420295
1749016800000,2.631,2.635,2.614,2.629,192427.292694
1749020400000,2.63,2.635,2.619,2.622,53456.156052
1749024000000,2.621,2.641,2.621,2.636,37023.304574
1749027600000,2.636,2.641,2.62,2.634,100421.337684
1749031200000,2.634,2.642,2.618,2.62,47178.820707
1749034800000,2.62,2.629,2.609,2.613,92794.302139
1749038400000,2.612,2.617,2.588,2.595,208969.608511
1749042000000,2.593,2.605,2.58,2.589,79385.843432
1749045600000,2.589,2.605,2.57,2.604,140650.353318
1749049200000,2.604,2.633,2.6,2.627,118397.448165
1749052800000,2.628,2.629,2.612,2.621,30779.730806
1749056400000,2.62,2.62,2.591,2.6,198000.388169
1749060000000,2.6,2.624,2.6,2.615,57205.229271
1749063600000,2.613,2.618,2.592,2.592,54767.093224
1749067200000,2.591,2.592,2.554,2.566,160440.833229
1749070800000,2.565,2.59,2.543,2.58,210662.319233
1749074400000,2.58,2.587,2.563,2.564,40571.757963
1749078000000,2.562,2.571,2.551,2.562,84256.438596
1749081600000,2.563,2.58,2.555,2.578,77539.216947
1749085200000,2.579,2.595,2.569,2.575,139801.62298
1749088800000,2.576,2.603,2.576,2.594,69612.589945
1749092400000,2.592,2.595,2.583,2.588,46357.186585
1749096000000,2.591,2.592,2.578,2.583,40141.529762
1749099600000,2.583,2.583,2.548,2.555,89897.957389
1749103200000,2.556,2.569,2.551,2.558,51229.062758
1749106800000,2.558,2.587,2.551,2.557,1037981.684417
1749110400000,2.556,2.56,2.541,2.552,355425.10717
1749114000000,2.553,2.56,2.543,2.549,132720.189583
1749117600000,2.549,2.549,2.511,2.523,562999.250958
1749121200000,2.524,2.525,2.504,2.518,338818.518276
1749124800000,2.518,2.56,2.515,2.549,425435.81968
1749128400000,2.548,2.556,2.5,2.505,470261.157117
1749132000000,2.504,2.522,2.464,2.508,773867.025753
1749135600000,2.507,2.527,2.5,2.521,168174.886378
1749139200000,2.52,2.524,2.478,2.489,251704.117498
1749142800000,2.489,2.501,2.483,2.493,80771.083356
1749146400000,2.491,2.494,2.469,2.481,139442.432403
1749150000000,2.48,2.484,2.376,2.407,1469647.627769
1749153600000,2.408,2.418,2.318,2.327,941653.703534
1749157200000,2.326,2.368,2.318,2.366,404476.402654
1749160800000,2.366,2.382,2.348,2.374,304894.80375
1749164400000,2.375,2.385,2.361,2.368,272749.741589
1749168000000,2.366,2.393,2.361,2.391,140739.63515
1749171600000,2.391,2.394,2.377,2.386,113557.807367
1749175200000,2.386,2.399,2.377,2.398,95034.33344
1749178800000,2.397,2.418,2.393,2.414,221307.014747
1749182400000,2.414,2.42,2.401,2.418,89158.246886
1749186000000,2.419,2.423,2.404,2.418,132529.283145
1749189600000,2.416,2.426,2.409,2.424,82288.964862
1749193200000,2.424,2.427,2.406,2.411,73338.563031
1749196800000,2.41,2.418,2.408,2.41,95701.33289
1749200400000,2.41,2.42,2.402,2.403,127117.244728
1749204000000,2.404,2.415,2.395,2.398,90868.502068
1749207600000,2.399,2.417,2.397,2.403,172605.512582
1749211200000,2.403,2.442,2.402,2.416,273948.337878
1749214800000,2.415,2.45,2.415,2.435,179426.820091
1749218400000,2.434,2.458,2.429,2.458,178394.932088
1749222000000,2.458,2.467,2.434,2.444,126460.573853
1749225600000,2.444,2.456,2.431,2.434,73575.869386
1749229200000,2.433,2.436,2.414,2.43,87729.259938
1749232800000,2.43,2.433,2.41,2.413,60891.571614
1749236400000,2.412,2.422,2.406,2.421,65261.041656
1749240000000,2.419,2.436,2.415,2.427,42565.197764
1749243600000,2.427,2.432,2.415,2.425,52537.556234
1749247200000,2.426,2.426,2.405,2.417,98326.967026
1749250800000,2.418,2.42,2.409,2.411,43639.15308
1749254400000,2.41,2.439,2.399,2.439,119014.100997
1749258000000,2.438,2.445,2.431,2.441,41411.488807
1749261600000,2.439,2.456,2.437,2.454,76096.224428
1749265200000,2.453,2.476,2.45,2.47,125290.976133
1749268800000,2.469,2.474,2.46,2.474,94867.541639
1749272400000,2.474,2.492,2.469,2.488,72459.159243
1749276000000,2.488,2.495,2.475,2.495,81531.820898
1749279600000,2.495,2.511,2.485,2.505,137852.928626
1749283200000,2.506,2.51,2.489,2.491,180637.325377
1749286800000,2.492,2.498,2.48,2.488,99609.161213
1749290400000,2.489,2.51,2.488,2.508,91323.1318
1749294000000,2.508,2.514,2.501,2.504,71294.537471
1749297600000,2.506,2.518,2.501,2.508,118170.24712
1749301200000,2.507,2.519,2.501,2.511,99188.916302
1749304800000,2.511,2.524,2.506,2.514,138102.163694
1749308400000,2.514,2.52,2.506,2.511,99679.271021
1749312000000,2.512,2.521,2.49,2.494,178099.404333
1749315600000,2.494,2.497,2.484,2.486,63984.719902
1749319200000,2.485,2.505,2.485,2.495,34639.681441
1749322800000,2.497,2.505,2.496,2.497,15258.676151
1749326400000,2.499,2.51,2.499,2.504,32417.874098
1749330000000,2.505,2.518,2.503,2.515,77776.92534
1749333600000,2.518,2.526,2.511,2.517,34069.189735
1749337200000,2.517,2.518,2.504,2.507,66136.990193
1749340800000,2.507,2.508,2.495,2.5,58327.580022
1749344400000,2.5,2.511,2.495,2.511,48333.443372
1749348000000,2.51,2.511,2.503,2.504,48766.599688
1749351600000,2.504,2.504,2.497,2.498,30784.660309
1749355200000,2.5,2.514,2.495,2.513,82047.092857
1749358800000,2.515,2.515,2.491,2.493,57729.825837
1749362400000,2.495,2.502,2.492,2.493,63528.638598
1749366000000,2.494,2.503,2.487,2.49,69314.957069
1749369600000,2.49,2.503,2.488,2.488,41087.439204
1749373200000,2.49,2.492,2.47,2.476,147024.936662
1749376800000,2.476,2.49,2.47,2.489,85546.771141
1749380400000,2.489,2.513,2.489,2.509,104567.280943
1749384000000,2.51,2.513,2.493,2.501,60537.493772
1749387600000,2.502,2.533,2.494,2.511,152063.165662
1749391200000,2.511,2.526,2.506,2.516,135515.931931
1749394800000,2.519,2.53,2.517,2.521,189046.41592
1749398400000,2.521,2.544,2.521,2.536,80044.523492
1749402000000,2.536,2.542,2.521,2.523,54864.600067
1749405600000,2.524,2.526,2.515,2.523,20457.446315
1749409200000,2.523,2.529,2.498,2.507,287449.293397
1749412800000,2.507,2.508,2.496,2.498,41047.982403
1749416400000,2.499,2.514,2.499,2.51,76095.671007
1749420000000,2.51,2.511,2.487,2.489,46917.650236
1749423600000,2.489,2.49,2.479,2.489,93990.600543
1749427200000,2.489,2.499,2.482,2.49,43818.595247
1749430800000,2.493,2.495,2.48,2.486,52492.065036
1749434400000,2.486,2.502,2.483,2.486,31141.688979
1749438000000,2.486,2.49,2.475,2.487,78869.036417
1749441600000,2.487,2.491,2.478,2.48,43430.094069
1749445200000,2.48,2.48,2.459,2.46,128513.631913
1749448800000,2.46,2.476,2.457,2.473,54427.702773
1749452400000,2.471,2.471,2.456,2.465,55341.792078
1749456000000,2.465,2.48,2.455,2.479,42092.438314
1749459600000,2.479,2.511,2.474,2.498,184366.016726
1749463200000,2.5,2.527,2.495,2.516,268136.948287
1749466800000,2.517,2.53,2.51,2.518,126890.778851
1749470400000,2.519,2.527,2.511,2.523,86870.058512
1749474000000,2.52,2.522,2.477,2.484,299810.199431
1749477600000,2.486,2.504,2.483,2.495,169573.515624
1749481200000,2.496,2.514,2.493,2.502,133588.980953
1749484800000,2.503,2.534,2.503,2.514,279144.231691
1749488400000,2.515,2.529,2.514,2.522,33310.049396
1749492000000,2.525,2.53,2.519,2.53,38927.018085
1749495600000,2.531,2.534,2.512,2.522,43015.810262
1749499200000,2.523,2.524,2.515,2.52,21424.431791
1749502800000,2.521,2.578,2.521,2.574,273144.36045
1749506400000,2.576,2.608,2.572,2.605,245092.080759
1749510000000,2.606,2.616,2.587,2.603,187364.816236
1749513600000,2.604,2.639,2.6,2.62,339439.958772
1749517200000,2.62,2.633,2.61,2.625,167747.33381
1749520800000,2.624,2.625,2.606,2.609,103427.525959
1749524400000,2.61,2.61,2.593,2.599,146164.696653
1749528000000,2.599,2.606,2.584,2.596,136935.944263
1749531600000,2.596,2.602,2.569,2.58,156028.275499
1749535200000,2.579,2.595,2.569,2.591,109915.566913
1749538800000,2.591,2.6,2.585,2.592,80861.729238
1749542400000,2.592,2.602,2.587,2.592,46692.922687
1749546000000,2.591,2.61,2.591,2.61,85534.982317
1749549600000,2.609,2.609,2.593,2.608,33421.601489
1749553200000,2.608,2.702,2.595,2.694,601586.478641
1749556800000,2.695,2.723,2.679,2.715,539253.443907
1749560400000,2.713,2.717,2.657,2.688,586485.116422
1749564000000,2.688,2.689,2.649,2.658,279928.477835
1749567600000,2.658,2.68,2.635,2.671,420397.456139
1749571200000,2.672,2.7,2.672,2.689,326851.33406
1749574800000,2.689,2.717,2.679,2.682,184027.509721
1749578400000,2.682,2.717,2.678,2.711,158386.540437
1749582000000,2.711,2.73,2.696,2.704,253073.414115
1749585600000,2.704,2.711,2.693,2.71,94936.735299
1749589200000,2.711,2.72,2.694,2.711,227006.254555
1749592800000,2.71,2.749,2.71,2.722,296804.609301
1749596400000,2.722,2.737,2.718,2.733,178231.707638
1749600000000,2.732,2.74,2.704,2.705,211294.620281
1749603600000,2.706,2.708,2.688,2.698,175981.317524
1749607200000,2.698,2.713,2.693,2.701,119792.895148
1749610800000,2.7,2.731,2.7,2.718,137850.206528
1749614400000,2.717,2.726,2.71,2.715,67531.173649
1749618000000,2.714,2.723,2.71,2.714,51280.67457
1749621600000,2.714,2.725,2.711,2.723,117024.162791
1749625200000,2.725,2.737,2.716,2.724,179341.783388
1749628800000,2.723,2.732,2.706,2.713,141338.109242
1749632400000,2.713,2.716,2.684,2.69,182154.297676
1749636000000,2.692,2.709,2.69,2.707,161148.364556
1749639600000,2.707,2.707,2.681,2.698,158194.856807
1749643200000,2.697,2.737,2.68,2.719,430712.824953
1749646800000,2.721,2.736,2.711,2.72,148461.770901
1749650400000,2.722,2.762,2.714,2.752,252966.710228
1749654000000,2.752,2.77,2.735,2.758,217510.613708
1749657600000,2.76,2.768,2.742,2.753,175145.455401
1749661200000,2.753,2.754,2.709,2.709,193174.87555
1749664800000,2.709,2.716,2.693,2.7,146609.388434
1749668400000,2.7,2.71,2.692,2.695,62813.011095
1749672000000,2.696,2.714,2.683,2.705,111172.43218
1749675600000,2.705,2.725,2.667,2.675,210568.922064
1749679200000,2.675,2.69,2.663,2.677,143642.254607
1749682800000,2.676,2.699,2.676,2.692,103193.423832
1749686400000,2.69,2.701,2.67,2.685,196781.7165
1749690000000,2.684,2.689,2.663,2.686,118991.02707
1749693600000,2.684,2.694,2.66,2.665,98963.11699
1749697200000,2.665,2.669,2.637,2.653,194453.243155
1749700800000,2.652,2.652,2.63,2.647,82483.359565
1749704400000,2.646,2.656,2.627,2.651,77140.564125
1749708000000,2.648,2.652,2.631,2.64,76943.625463
1749711600000,2.639,2.644,2.615,2.627,118836.238651
1749715200000,2.627,2.632,2.611,2.626,112436.500799
1749718800000,2.624,2.637,2.619,2.626,70189.719683
1749722400000,2.625,2.628,2.596,2.607,206506.76028
1749726000000,2.606,2.61,2.579,2.588,153088.536124
1749729600000,2.588,2.619,2.578,2.611,128487.403288
1749733200000,2.612,2.636,2.61,2.627,116628.569682
1749736800000,2.628,2.646,2.626,2.635,103287.912319
1749740400000,2.636,2.639,2.588,2.592,240883.407302
1749744000000,2.592,2.621,2.587,2.616,121294.560181
1749747600000,2.615,2.638,2.614,2.625,45081.41682
1749751200000,2.624,2.624,2.58,2.595,211452.089649
1749754800000,2.595,2.602,2.538,2.543,283831.432308
1749758400000,2.542,2.546,2.482,2.499,392985.180422
1749762000000,2.496,2.524,2.489,2.501,209206.937975
1749765600000,2.5,2.515,2.498,2.504,169040.619819
1749769200000,2.504,2.521,2.501,2.505,95226.31898
1749772800000,2.505,2.506,2.367,2.4,1534438.552346
1749776400000,2.399,2.4,2.343,2.375,835671.909963
1749780000000,2.374,2.377,2.336,2.36,435953.061225
1749783600000,2.36,2.411,2.357,2.402,515616.127575
1749787200000,2.401,2.402,2.379,2.394,215110.184752
1749790800000,2.392,2.4,2.386,2.386,131497.314335
1749794400000,2.386,2.392,2.359,2.392,218468.15856
1749798000000,2.391,2.394,2.376,2.38,200840.433178
1749801600000,2.38,2.405,2.374,2.388,256695.176384
1749805200000,2.388,2.393,2.368,2.379,172131.065148
1749808800000,2.378,2.384,2.363,2.383,165421.463591
1749812400000,2.38,2.392,2.369,2.392,167889.613886
1749816000000,2.391,2.403,2.372,2.374,162645.982166
1749819600000,2.375,2.398,2.368,2.377,229756.65446
1749823200000,2.378,2.389,2.356,2.382,266297.507006
1749826800000,2.381,2.421,2.379,2.406,219903.706384
1749830400000,2.408,2.443,2.405,2.437,216582.853515
1749834000000,2.438,2.438,2.405,2.428,107280.691745
1749837600000,2.428,2.432,2.384,2.4,153784.802482
1749841200000,2.4,2.408,2.387,2.397,57280.804544
1749844800000,2.399,2.433,2.393,2.427,66720.818064
1749848400000,2.428,2.443,2.417,2.436,94737.952995
1749852000000,2.439,2.456,2.436,2.448,129764.922249
1749855600000,2.448,2.466,2.444,2.462,125350.282648
1749859200000,2.461,2.461,2.433,2.436,172198.68201
1749862800000,2.436,2.438,2.422,2.428,126387.726394
1749866400000,2.429,2.438,2.424,2.43,67850.893126
1749870000000,2.431,2.443,2.427,2.431,39080.026085
1749873600000,2.43,2.44,2.429,2.438,64090.712961
1749877200000,2.439,2.451,2.431,2.449,85366.076104
1749880800000,2.448,2.451,2.433,2.436,116682.249579
1749884400000,2.436,2.442,2.42,2.439,107210.450589
1749888000000,2.438,2.444,2.427,2.444,132434.601659
1749891600000,2.442,2.445,2.429,2.43,47792.6353
1749895200000,2.431,2.441,2.424,2.436,63768.322834
1749898800000,2.435,2.445,2.432,2.438,61330.801663
1749902400000,2.439,2.439,2.423,2.437,64843.309658
1749906000000,2.436,2.443,2.42,2.428,84850.381925
1749909600000,2.428,2.433,2.413,2.42,60189.657015
1749913200000,2.421,2.428,2.399,2.413,168822.710983
1749916800000,2.412,2.417,2.381,2.387,169949.177614
1749920400000,2.387,2.418,2.386,2.417,62904.71393
1749924000000,2.417,2.431,2.394,2.408,65098.564903
1749927600000,2.409,2.418,2.4,2.4,49577.082808
1749931200000,2.401,2.407,2.382,2.403,67272.08837
1749934800000,2.404,2.43,2.402,2.426,103226.27985
1749938400000,2.428,2.434,2.413,2.418,73071.303474
1749942000000,2.417,2.43,2.416,2.419,37448.236279
1749945600000,2.419,2.427,2.416,2.425,57496.847461
1749949200000,2.425,2.429,2.407,2.414,93216.473979
1749952800000,2.415,2.425,2.415,2.417,34303.504755
1749956400000,2.417,2.427,2.417,2.422,70491.063647
1749960000000,2.423,2.431,2.422,2.43,64906.315452
1749963600000,2.429,2.442,2.418,2.442,55153.404211
1749967200000,2.442,2.447,2.416,2.416,138616.914392
1749970800000,2.418,2.421,2.408,2.417,106166.377276
1749974400000,2.418,2.42,2.411,2.417,66416.971826
1749978000000,2.415,2.415,2.395,2.398,89258.947029
1749981600000,2.398,2.412,2.398,2.411,99168.641659
1749985200000,2.412,2.413,2.394,2.4,70995.176813
1749988800000,2.401,2.408,2.394,2.407,95126.578292
1749992400000,2.407,2.424,2.402,2.42,80176.750217
1749996000000,2.421,2.437,2.401,2.434,126798.784896
1749999600000,2.434,2.435,2.412,2.414,129615.450295
1750003200000,2.417,2.42,2.403,2.415,44705.416678
1750006800000,2.415,2.419,2.399,2.412,56443.293267
1750010400000,2.411,2.411,2.396,2.405,48193.664907
1750014000000,2.404,2.411,2.386,2.395,71868.760116
1750017600000,2.396,2.396,2.367,2.38,146929.720038
1750021200000,2.38,2.39,2.372,2.39,85434.337911
1750024800000,2.389,2.42,2.388,2.415,102434.300462
1750028400000,2.416,2.424,2.411,2.42,60452.82486
1750032000000,2.422,2.424,2.408,2.414,56054.370992
1750035600000,2.414,2.439,2.397,2.436,251394.914516
1750039200000,2.438,2.457,2.437,2.443,197879.503557
1750042800000,2.444,2.451,2.441,2.443,70073.004341
1750046400000,2.442,2.465,2.442,2.457,91738.83242
1750050000000,2.458,2.484,2.455,2.478,220674.82412
1750053600000,2.478,2.495,2.478,2.485,183017.816028
1750057200000,2.485,2.497,2.484,2.492,140850.837639
1750060800000,2.492,2.494,2.483,2.491,85373.588677
1750064400000,2.489,2.507,2.489,2.5,93107.965488
1750068000000,2.5,2.509,2.492,2.501,99194.333147
1750071600000,2.504,2.525,2.487,2.515,170606.868287
1750075200000,2.516,2.538,2.513,2.529,218916.418158
1750078800000,2.528,2.536,2.521,2.535,121479.189306
1750082400000,2.535,2.556,2.533,2.548,259649.106856
1750086000000,2.548,2.551,2.518,2.524,189012.874888
1750089600000,2.524,2.54,2.518,2.521,104028.79001
1750093200000,2.522,2.533,2.519,2.527,49471.952679
1750096800000,2.528,2.544,2.528,2.544,42214.902146
1750100400000,2.543,2.551,2.538,2.538,52344.425327
1750104000000,2.543,2.568,2.536,2.559,127742.515856
1750107600000,2.559,2.57,2.546,2.55,95247.343389
1750111200000,2.553,2.555,2.483,2.499,327561.582158
1750114800000,2.499,2.517,2.458,2.464,260813.780354
1750118400000,2.464,2.49,2.413,2.488,651252.919093
1750122000000,2.491,2.496,2.472,2.472,86731.819999
1750125600000,2.473,2.49,2.457,2.488,130648.456814
1750129200000,2.488,2.495,2.475,2.482,75700.901756
1750132800000,2.483,2.485,2.468,2.473,80321.992657
1750136400000,2.473,2.476,2.453,2.461,64230.1684
1750140000000,2.459,2.465,2.445,2.45,73640.900292
1750143600000,2.45,2.455,2.442,2.445,111734.730083
1750147200000,2.445,2.447,2.419,2.424,288999.44766
1750150800000,2.426,2.438,2.42,2.429,84109.989933
1750154400000,2.429,2.429,2.407,2.424,169326.300819
1750158000000,2.424,2.424,2.405,2.412,92021.225514
1750161600000,2.41,2.422,2.406,2.411,91899.426101
1750165200000,2.41,2.429,2.408,2.414,132704.013016
1750168800000,2.416,2.433,2.403,2.403,173240.614396
1750172400000,2.404,2.405,2.37,2.391,466109.723641
1750176000000,2.392,2.394,2.342,2.344,248876.912512
1750179600000,2.345,2.378,2.341,2.367,279263.067195
1750183200000,2.365,2.394,2.363,2.393,41240.71742
1750186800000,2.394,2.444,2.392,2.43,93413.556384
1750190400000,2.43,2.437,2.407,2.407,96269.43996
1750194000000,2.408,2.41,2.386,2.394,72899.411739
1750197600000,2.394,2.396,2.373,2.375,84125.21557
1750201200000,2.375,2.402,2.375,2.393,39610.094043
1750204800000,2.394,2.408,2.387,2.403,97100.031828
1750208400000,2.403,2.415,2.388,2.388,70680.980277
1750212000000,2.389,2.397,2.381,2.384,84353.879642
1750215600000,2.384,2.401,2.384,2.397,30961.667598
1750219200000,2.397,2.415,2.394,2.413,54614.714026
1750222800000,2.413,2.415,2.403,2.406,35663.360028
1750226400000,2.407,2.415,2.39,2.396,80439.614943
1750230000000,2.395,2.4,2.391,2.397,53847.588064
1750233600000,2.397,2.406,2.375,2.384,118914.516132
1750237200000,2.385,2.39,2.363,2.37,150293.47123
1750240800000,2.37,2.371,2.332,2.34,322403.54448
1750244400000,2.339,2.371,2.338,2.371,202870.280079
1750248000000,2.371,2.377,2.355,2.357,147306.812861
1750251600000,2.357,2.358,2.314,2.353,493939.361265
1750255200000,2.353,2.384,2.346,2.357,208053.812867
1750258800000,2.357,2.37,2.34,2.363,95367.133227
1750262400000,2.363,2.367,2.343,2.351,54473.073012
1750266000000,2.349,2.366,2.33,2.359,177638.20703
1750269600000,2.359,2.375,2.336,2.336,321340.441501
1750273200000,2.335,2.366,2.333,2.339,68260.598298
1750276800000,2.341,2.4,2.334,2.396,65223.705361
1750280400000,2.397,2.4,2.381,2.393,93817.849131
1750284000000,2.393,2.397,2.384,2.393,32065.712071
1750287600000,2.392,2.403,2.377,2.39,40371.714266
1750291200000,2.39,2.419,2.382,2.395,114265.15562
1750294800000,2.396,2.397,2.375,2.381,81346.251159
1750298400000,2.381,2.388,2.369,2.372,68118.976614
1750302000000,2.372,2.388,2.372,2.385,68366.152911
1750305600000,2.386,2.389,2.373,2.387,54415.328147
1750309200000,2.388,2.4,2.379,2.38,62348.766614
1750312800000,2.38,2.387,2.368,2.371,92913.536529
1750316400000,2.372,2.38,2.365,2.366,60860.799773
1750320000000,2.367,2.373,2.357,2.357,97712.66996
1750323600000,2.357,2.382,2.354,2.375,85868.919489
1750327200000,2.377,2.383,2.369,2.372,47403.451639
1750330800000,2.372,2.372,2.359,2.36,295031.470387
1750334400000,2.36,2.367,2.349,2.356,228400.174797
1750338000000,2.357,2.365,2.344,2.346,217237.30842
1750341600000,2.346,2.356,2.33,2.336,231681.381025
1750345200000,2.336,2.344,2.329,2.338,306899.065387
1750348800000,2.337,2.349,2.321,2.322,117312.951545
1750352400000,2.323,2.359,2.317,2.347,150083.539906
1750356000000,2.347,2.363,2.338,2.348,36438.040377
1750359600000,2.347,2.354,2.337,2.34,25989.455551
1750363200000,2.34,2.352,2.334,2.34,33700.31918
1750366800000,2.339,2.355,2.337,2.351,61075.190677
1750370400000,2.351,2.361,2.346,2.35,77381.656817
1750374000000,2.35,2.353,2.339,2.345,62848.869337
1750377600000,2.345,2.363,2.345,2.354,74450.786331
1750381200000,2.353,2.359,2.342,2.354,37335.68729
1750384800000,2.354,2.355,2.342,2.347,23369.993804
1750388400000,2.347,2.355,2.341,2.353,27690.573129
1750392000000,2.353,2.357,2.329,2.329,80442.108741
1750395600000,2.33,2.348,2.327,2.346,54480.020298
1750399200000,2.347,2.356,2.343,2.347,145377.024035
1750402800000,2.347,2.379,2.344,2.375,115160.601466
1750406400000,2.374,2.385,2.364,2.37,206222.354232
1750410000000,2.37,2.371,2.356,2.362,83346.779324
1750413600000,2.363,2.367,2.353,2.358,37318.671957
1750417200000,2.358,2.369,2.354,2.365,38685.063808
1750420800000,2.365,2.371,2.36,2.362,55003.470681
1750424400000,2.365,2.373,2.345,2.351,122261.57184
1750428000000,2.352,2.357,2.295,2.3,444325.375415
1750431600000,2.301,2.322,2.299,2.308,251843.311108
1750435200000,2.306,2.31,2.252,2.253,436206.329107
1750438800000,2.253,2.267,2.182,2.231,1019927.243589
1750442400000,2.23,2.248,2.227,2.246,126579.787471
1750446000000,2.247,2.258,2.238,2.255,45523.456388
1750449600000,2.254,2.278,2.254,2.267,100046.488173
1750453200000,2.267,2.275,2.262,2.263,78153.589179
1750456800000,2.264,2.264,2.237,2.249,192255.774221
1750460400000,2.249,2.262,2.247,2.259,69791.122184
1750464000000,2.259,2.276,2.257,2.272,125934.5813
1750467600000,2.272,2.295,2.271,2.291,138225.777159
1750471200000,2.292,2.294,2.281,2.289,64438.770411
1750474800000,2.288,2.298,2.286,2.289,54547.436087
1750478400000,2.289,2.293,2.282,2.286,69721.44138
1750482000000,2.288,2.294,2.285,2.292,53491.011357
1750485600000,2.293,2.296,2.289,2.293,166333.561286
1750489200000,2.294,2.295,2.285,2.292,64482.515408
1750492800000,2.291,2.296,2.286,2.295,41283.443869
1750496400000,2.296,2.298,2.287,2.295,46776.713347
1750500000000,2.296,2.302,2.284,2.288,45181.630561
1750503600000,2.287,2.291,2.283,2.286,49341.359086
1750507200000,2.287,2.291,2.269,2.27,90491.948628
1750510800000,2.27,2.276,2.248,2.253,126749.223933
1750514400000,2.253,2.27,2.248,2.263,70114.158901
1750518000000,2.264,2.274,2.255,2.271,115230.715026
1750521600000,2.272,2.277,2.256,2.265,44885.29746
1750525200000,2.264,2.279,2.248,2.258,167424.275694
1750528800000,2.258,2.271,2.247,2.25,86354.015961
1750532400000,2.251,2.256,2.228,2.23,106197.817876
1750536000000,2.231,2.25,2.222,2.242,91330.89454
1750539600000,2.241,2.245,2.131,2.16,690150.558221
1750543200000,2.159,2.192,2.156,2.189,253746.053974
1750546800000,2.191,2.194,2.144,2.19,376522.280645
1750550400000,2.189,2.22,2.172,2.209,231417.468067
1750554000000,2.21,2.221,2.175,2.176,144858.896754
1750557600000,2.176,2.191,2.15,2.165,247114.990013
1750561200000,2.166,2.176,2.143,2.159,258332.311534
1750564800000,2.16,2.187,2.153,2.179,225320.379912
1750568400000,2.179,2.194,2.174,2.191,178615.545658
1750572000000,2.19,2.208,2.183,2.201,108166.694659
1750575600000,2.202,2.205,2.178,2.184,201412.4428
1750579200000,2.184,2.187,2.165,2.172,189411.574289
1750582800000,2.174,2.179,2.127,2.134,319134.156639
1750586400000,2.134,2.171,2.13,2.164,139584.217312
1750590000000,2.164,2.18,2.161,2.17,155001.816922
1750593600000,2.168,2.183,2.138,2.165,128601.000599
1750597200000,2.165,2.17,2.059,2.091,1143465.594928
1750600800000,2.092,2.107,2.048,2.104,586610.323051
1750604400000,2.105,2.109,2.071,2.075,215892.218112
1750608000000,2.075,2.079,2.04,2.057,477322.187962
1750611600000,2.056,2.086,2.038,2.064,316421.333584
1750615200000,2.065,2.075,2.054,2.057,112435.406168
1750618800000,2.057,2.061,2.031,2.045,139787.942209
1750622400000,2.046,2.049,1.961,2.035,913004.280798
1750626000000,2.036,2.058,2.01,2.015,267652.386823
1750629600000,2.015,2.065,2.014,2.061,300160.84438
1750633200000,2.062,2.073,2.053,2.069,189211.347401
1750636800000,2.068,2.097,2.065,2.08,351082.904878
1750640400000,2.081,2.089,2.062,2.089,236566.690203
1750644000000,2.088,2.095,2.081,2.089,132607.305015
1750647600000,2.089,2.097,2.083,2.085,107361.31853
1750651200000,2.087,2.1,2.081,2.089,190238.127425
1750654800000,2.091,2.112,2.089,2.106,135698.044009
1750658400000,2.107,2.121,2.099,2.115,314012.184028
1750662000000,2.115,2.129,2.103,2.106,133472.283799
1750665600000,2.107,2.115,2.095,2.098,109167.910028
1750669200000,2.098,2.099,2.086,2.089,121673.997974
1750672800000,2.09,2.091,2.072,2.084,116535.2608
1750676400000,2.084,2.101,2.079,2.097,97694.059779
1750680000000,2.098,2.118,2.086,2.117,79214.133076
1750683600000,2.117,2.154,2.086,2.15,662761.356602
1750687200000,2.151,2.165,2.131,2.135,283616.333603
1750690800000,2.133,2.144,2.102,2.103,227645.26535
1750694400000,2.103,2.109,2.046,2.066,606983.267458
1750698000000,2.066,2.141,2.055,2.132,287843.293422
1750701600000,2.132,2.17,2.132,2.163,146201.413642
1750705200000,2.164,2.18,2.152,2.171,71294.777518
1750708800000,2.17,2.214,2.167,2.197,232702.643946
1750712400000,2.199,2.208,2.189,2.197,187541.65639
1750716000000,2.196,2.271,2.196,2.257,565416.237409
1750719600000,2.257,2.264,2.247,2.253,256003.678198
1750723200000,2.254,2.262,2.238,2.248,281478.06119
1750726800000,2.248,2.259,2.24,2.248,143391.558707
1750730400000,2.247,2.249,2.226,2.234,231034.699697
1750734000000,2.234,2.249,2.232,2.244,132186.501066
1750737600000,2.243,2.248,2.236,2.247,132989.849056
1750741200000,2.246,2.282,2.244,2.281,245973.396332
1750744800000,2.282,2.3,2.274,2.292,337484.866733
1750748400000,2.292,2.297,2.264,2.272,243973.289872
1750752000000,2.272,2.284,2.254,2.28,263062.254686
1750755600000,2.279,2.304,2.272,2.282,163928.824706
1750759200000,2.282,2.291,2.278,2.285,128040.015517
1750762800000,2.285,2.294,2.273,2.282,359270.616304
1750766400000,2.282,2.292,2.274,2.284,81264.083141
1750770000000,2.284,2.291,2.27,2.28,140235.191925
1750773600000,2.281,2.311,2.28,2.295,222974.200964
1750777200000,2.297,2.306,2.282,2.294,116754.311121
1750780800000,2.295,2.356,2.29,2.356,294504.728553
1750784400000,2.355,2.356,2.307,2.313,122625.251984
1750788000000,2.313,2.315,2.295,2.299,68800.762787
1750791600000,2.298,2.303,2.278,2.302,138390.105852
1750795200000,2.301,2.306,2.288,2.305,50483.740017
1750798800000,2.304,2.306,2.294,2.303,54989.472418
1750802400000,2.302,2.304,2.29,2.299,42653.501469
1750806000000,2.298,2.299,2.283,2.297,87898.005505
1750809600000,2.299,2.307,2.283,2.302,115699.014756
1750813200000,2.303,2.307,2.286,2.3,102897.14517
1750816800000,2.301,2.314,2.299,2.304,74195.963591
1750820400000,2.305,2.314,2.298,2.303,89464.52562
1750824000000,2.303,2.308,2.291,2.296,75555.76651
1750827600000,2.295,2.301,2.275,2.276,251429.618827
1750831200000,2.277,2.283,2.27,2.28,249680.708639
1750834800000,2.279,2.293,2.275,2.284,232443.78509
1750838400000,2.285,2.291,2.256,2.268,206427.947159
1750842000000,2.269,2.279,2.248,2.257,288581.844796
1750845600000,2.256,2.271,2.251,2.266,134401.044777
1750849200000,2.266,2.28,2.258,2.28,42867.015734
1750852800000,2.28,2.281,2.264,2.276,168329.45793
1750856400000,2.277,2.299,2.272,2.295,203465.141483
1750860000000,2.295,2.296,2.248,2.266,214201.920431
1750863600000,2.265,2.265,2.238,2.241,187222.135992
1750867200000,2.241,2.248,2.23,2.234,125828.601073
1750870800000,2.233,2.268,2.232,2.257,85526.367531
1750874400000,2.257,2.258,2.246,2.254,30318.360003
1750878000000,2.254,2.266,2.253,2.256,48334.946862
1750881600000,2.256,2.271,2.256,2.27,32794.98894
1750885200000,2.27,2.279,2.251,2.254,60664.556341
1750888800000,2.251,2.253,2.239,2.25,81521.647188
1750892400000,2.249,2.258,2.241,2.253,22007.149014
1750896000000,2.253,2.263,2.251,2.253,42640.747982
1750899600000,2.253,2.284,2.242,2.271,97570.017549
1750903200000,2.273,2.284,2.258,2.283,142618.860559
1750906800000,2.283,2.302,2.268,2.272,168316.072785
1750910400000,2.273,2.274,2.252,2.264,69009.186875
1750914000000,2.264,2.265,2.252,2.259,37871.965007
1750917600000,2.258,2.272,2.256,2.27,65305.993375
1750921200000,2.268,2.281,2.267,2.271,57027.163511
1750924800000,2.271,2.28,2.262,2.262,40096.236275
1750928400000,2.264,2.268,2.242,2.249,95402.333422
1750932000000,2.248,2.262,2.244,2.256,95411.20277
1750935600000,2.256,2.26,2.25,2.255,75177.162685
1750939200000,2.255,2.259,2.231,2.233,96016.750598
1750942800000,2.234,2.235,2.198,2.204,236357.910242
1750946400000,2.203,2.238,2.195,2.223,183959.832973
1750950000000,2.222,2.226,2.196,2.211,143895.783551
1750953600000,2.21,2.21,2.178,2.184,183976.895809
1750957200000,2.184,2.201,2.18,2.18,215767.415414
1750960800000,2.18,2.199,2.176,2.19,78525.214947
1750964400000,2.191,2.215,2.19,2.206,62823.417841
1750968000000,2.206,2.243,2.205,2.228,44324.014818
1750971600000,2.227,2.23,2.195,2.216,87414.797847
1750975200000,2.215,2.227,2.196,2.197,52021.938378
1750978800000,2.197,2.203,2.193,2.198,60137.777097
1750982400000,2.198,2.21,2.18,2.183,163306.145365
1750986000000,2.183,2.218,2.173,2.214,80251.166635
1750989600000,2.213,2.222,2.206,2.218,70372.029733
1750993200000,2.221,2.224,2.213,2.222,116793.499005
1750996800000,2.221,2.221,2.206,2.206,187942.427199
1751000400000,2.206,2.225,2.192,2.194,228310.310214
1751004000000,2.194,2.2,2.186,2.193,163295.857052
1751007600000,2.193,2.205,2.175,2.181,171970.903555
1751011200000,2.182,2.208,2.175,2.199,166516.778475
1751014800000,2.199,2.202,2.188,2.192,172187.306119
1751018400000,2.194,2.194,2.177,2.178,99903.4947
1751022000000,2.178,2.182,2.166,2.174,166448.762746
1751025600000,2.172,2.179,2.147,2.151,187443.692474
1751029200000,2.151,2.168,2.144,2.168,130387.811742
1751032800000,2.168,2.175,2.156,2.159,512574.88136
1751036400000,2.159,2.19,2.154,2.185,290369.451477
1751040000000,2.185,2.21,2.176,2.195,273540.232712
1751043600000,2.193,2.195,2.158,2.164,156930.142843
1751047200000,2.16,2.165,2.141,2.15,78126.646501
1751050800000,2.15,2.173,2.148,2.171,71914.488976
1751054400000,2.17,2.19,2.166,2.19,67870.133136
1751058000000,2.19,2.211,2.188,2.203,112294.107788
1751061600000,2.204,2.217,2.204,2.215,79656.332504
1751065200000,2.216,2.217,2.206,2.213,101568.005764
1751068800000,2.215,2.217,2.21,2.21,74741.272438
1751072400000,2.21,2.215,2.199,2.207,123905.514674
1751076000000,2.207,2.212,2.2,2.2,90906.250063
1751079600000,2.201,2.205,2.195,2.195,52387.503356
1751083200000,2.197,2.199,2.187,2.189,65096.681696
1751086800000,2.188,2.198,2.183,2.185,55249.835179
1751090400000,2.186,2.193,2.183,2.191,47798.254677
1751094000000,2.191,2.204,2.188,2.201,27581.314392
1751097600000,2.203,2.205,2.19,2.195,48926.222767
1751101200000,2.195,2.211,2.187,2.204,60167.658534
1751104800000,2.206,2.215,2.203,2.209,78325.43657
1751108400000,2.208,2.215,2.204,2.205,43168.336731
1751112000000,2.206,2.208,2.199,2.206,36909.083465
1751115600000,2.206,2.211,2.2,2.201,59730.241667
1751119200000,2.201,2.223,2.201,2.22,101713.625244
1751122800000,2.219,2.243,2.217,2.239,135409.281115
1751126400000,2.243,2.257,2.232,2.236,142798.914577
1751130000000,2.236,2.249,2.228,2.246,96737.943588
1751133600000,2.246,2.253,2.241,2.253,111402.697449
1751137200000,2.253,2.261,2.249,2.252,44809.854412
1751140800000,2.252,2.26,2.251,2.257,16271.85627
1751144400000,2.256,2.276,2.253,2.273,56205.743825
1751148000000,2.273,2.284,2.269,2.283,151308.803222
1751151600000,2.28,2.285,2.267,2.27,77676.703102
1751155200000,2.27,2.277,2.266,2.272,88830.680601
1751158800000,2.272,2.272,2.259,2.259,60127.895033
1751162400000,2.261,2.267,2.25,2.265,82594.810917
1751166000000,2.266,2.271,2.26,2.261,100609.766091
1751169600000,2.263,2.268,2.262,2.267,31938.11768
1751173200000,2.267,2.269,2.258,2.268,47795.44989
1751176800000,2.268,2.268,2.254,2.26,163859.346548
1751180400000,2.26,2.265,2.253,2.265,41964.428111
1751184000000,2.266,2.274,2.26,2.27,55884.693975
1751187600000,2.271,2.285,2.267,2.275,96581.112415
1751191200000,2.276,2.281,2.266,2.277,89509.118933
1751194800000,2.277,2.278,2.269,2.274,21012.779256
1751198400000,2.275,2.275,2.266,2.273,89885.262696
1751202000000,2.274,2.278,2.263,2.265,31753.174247
1751205600000,2.266,2.273,2.253,2.256,64903.508284
1751209200000,2.255,2.262,2.249,2.259,58109.211956
1751212800000,2.259,2.27,2.257,2.268,44854.702679
1751216400000,2.267,2.272,2.254,2.272,41972.330836
1751220000000,2.271,2.288,2.266,2.287,38044.864995
1751223600000,2.287,2.29,2.28,2.287,49217.936014
1751227200000,2.286,2.293,2.28,2.287,59794.178099
1751230800000,2.287,2.308,2.275,2.307,89033.546045
1751234400000,2.308,2.416,2.305,2.409,675646.018698
1751238000000,2.409,2.421,2.387,2.387,289322.901578
1751241600000,2.387,2.397,2.365,2.367,208794.822845
1751245200000,2.368,2.37,2.345,2.353,172768.759213
1751248800000,2.353,2.364,2.342,2.342,95249.244318
1751252400000,2.342,2.35,2.337,2.338,112715.612892
1751256000000,2.339,2.341,2.324,2.327,165091.218626
1751259600000,2.327,2.336,2.322,2.328,58335.368771
1751263200000,2.329,2.335,2.294,2.315,225321.58676
1751266800000,2.311,2.337,2.309,2.336,131774.615886
1751270400000,2.336,2.339,2.313,2.318,131435.801968
1751274000000,2.319,2.328,2.311,2.311,100382.985961
1751277600000,2.312,2.319,2.309,2.314,86935.545025
1751281200000,2.313,2.329,2.31,2.319,142331.840032
1751284800000,2.32,2.332,2.292,2.298,133708.043987
1751288400000,2.298,2.308,2.28,2.284,138297.837195
1751292000000,2.285,2.303,2.275,2.286,229283.625565
1751295600000,2.287,2.312,2.276,2.294,289356.283228
1751299200000,2.293,2.303,2.282,2.3,122055.169131
1751302800000,2.298,2.304,2.293,2.297,65677.139848
1751306400000,2.297,2.306,2.291,2.299,53629.766159
1751310000000,2.3,2.341,2.3,2.339,51642.557976
1751313600000,2.337,2.344,2.323,2.323,54588.636178
1751317200000,2.325,2.329,2.303,2.309,86597.158334
1751320800000,2.31,2.316,2.302,2.305,32822.166535
1751324400000,2.305,2.311,2.299,2.302,75129.291705
1751328000000,2.302,2.315,2.288,2.304,109607.522446
1751331600000,2.304,2.319,2.304,2.305,72064.723658
1751335200000,2.304,2.318,2.293,2.296,96016.564656
1751338800000,2.295,2.298,2.287,2.291,60190.094764
1751342400000,2.29,2.29,2.259,2.26,173047.866187
1751346000000,2.26,2.266,2.243,2.259,135949.055594
1751349600000,2.259,2.264,2.25,2.263,72484.482767
1751353200000,2.262,2.269,2.243,2.267,89635.800772
1751356800000,2.264,2.265,2.247,2.256,37563.935
1751360400000,2.255,2.261,2.252,2.259,39880.423516
1751364000000,2.259,2.263,2.249,2.257,47102.166378
1751367600000,2.253,2.255,2.225,2.231,142413.937919
1751371200000,2.232,2.238,2.222,2.228,72053.74762
1751374800000,2.228,2.242,2.217,2.238,105494.293578
1751378400000,2.238,2.253,2.225,2.249,145643.608666
1751382000000,2.248,2.251,2.235,2.238,50877.025616
1751385600000,2.239,2.247,2.232,2.239,44279.550868
1751389200000,2.238,2.241,2.227,2.233,31887.314683
1751392800000,2.232,2.232,2.201,2.21,70625.884457
1751396400000,2.209,2.222,2.205,2.209,33391.449813
1751400000000,2.209,2.216,2.192,2.212,81685.997005
1751403600000,2.209,2.22,2.201,2.21,57773.330248
1751407200000,2.21,2.212,2.196,2.199,41365.641589
1751410800000,2.198,2.205,2.18,2.202,143590.654361
1751414400000,2.202,2.213,2.198,2.2,49297.819617
1751418000000,2.201,2.212,2.181,2.205,105149.078264
1751421600000,2.206,2.21,2.196,2.201,35566.299525
1751425200000,2.201,2.217,2.201,2.207,71613.742413
1751428800000,2.207,2.238,2.202,2.236,93268.054117
1751432400000,2.236,2.244,2.227,2.237,110194.871094
1751436000000,2.239,2.248,2.23,2.248,90467.800693
1751439600000,2.247,2.252,2.239,2.243,65557.881443
1751443200000,2.242,2.248,2.24,2.247,78869.189081
1751446800000,2.247,2.25,2.236,2.238,77597.148212
1751450400000,2.238,2.249,2.233,2.244,67286.600966
1751454000000,2.245,2.254,2.239,2.242,47773.444409
1751457600000,2.242,2.245,2.229,2.239,75022.648432
1751461200000,2.24,2.261,2.238,2.251,85773.227588
1751464800000,2.252,2.276,2.248,2.275,200664.8267
1751468400000,2.275,2.3,2.275,2.3,201606.651823
1751472000000,2.3,2.428,2.3,2.419,1149764.75334
1751475600000,2.42,2.43,2.378,2.395,570588.825611
1751479200000,2.395,2.417,2.395,2.412,178088.545724
1751482800000,2.412,2.422,2.404,2.421,198076.655855
1751486400000,2.421,2.435,2.416,2.42,214927.05248
1751490000000,2.42,2.423,2.403,2.417,145182.93789
1751493600000,2.418,2.427,2.395,2.398,113257.909419
1751497200000,2.398,2.4,2.368,2.37,261677.704314
1751500800000,2.371,2.388,2.365,2.378,142632.962885
1751504400000,2.379,2.395,2.372,2.394,84853.992542
1751508000000,2.394,2.395,2.374,2.383,135323.196596
1751511600000,2.383,2.392,2.376,2.378,61623.180999
1751515200000,2.38,2.409,2.376,2.409,125759.192499
1751518800000,2.41,2.427,2.403,2.425,180969.023178
1751522400000,2.424,2.434,2.416,2.434,188157.935884
1751526000000,2.433,2.444,2.428,2.437,170585.477981
1751529600000,2.438,2.441,2.416,2.418,197869.618402
1751533200000,2.417,2.438,2.415,2.428,318847.518644
1751536800000,2.429,2.431,2.407,2.415,387893.485423
1751540400000,2.415,2.416,2.396,2.402,226684.962517
1751544000000,2.401,2.424,2.371,2.393,626582.317192
1751547600000,2.392,2.428,2.385,2.423,413033.808531
1751551200000,2.421,2.429,2.391,2.397,257808.332651
1751554800000,2.397,2.402,2.359,2.362,181420.015209
1751558400000,2.362,2.382,2.362,2.377,139253.907001
1751562000000,2.377,2.387,2.376,2.383,45249.769999
1751565600000,2.383,2.391,2.374,2.383,30309.84141
1751569200000,2.383,2.388,2.381,2.385,13598.978602
1751572800000,2.385,2.398,2.385,2.397,13390.713929
1751576400000,2.397,2.405,2.392,2.402,50830.29336
1751580000000,2.401,2.403,2.397,2.402,53957.19529
1751583600000,2.402,2.404,2.39,2.398,67736.552447
1751587200000,2.397,2.405,2.386,2.398,90950.863144
1751590800000,2.398,2.409,2.394,2.395,32323.085992
1751594400000,2.394,2.396,2.372,2.375,115338.515512
1751598000000,2.375,2.388,2.373,2.379,20807.992458
1751601600000,2.378,2.383,2.363,2.363,67302.082854
1751605200000,2.364,2.381,2.363,2.369,52130.446543
1751608800000,2.369,2.37,2.34,2.342,156480.009165
1751612400000,2.342,2.349,2.307,2.314,201520.251879
1751616000000,2.314,2.325,2.291,2.321,229414.132304
1751619600000,2.321,2.33,2.314,2.318,60678.818299
1751623200000,2.318,2.321,2.309,2.31,55617.330625
1751626800000,2.309,2.325,2.309,2.32,96105.384572
1751630400000,2.319,2.33,2.311,2.316,60456.800106
1751634000000,2.316,2.323,2.299,2.302,134277.490028
1751637600000,2.301,2.307,2.278,2.29,180045.145128
1751641200000,2.289,2.292,2.259,2.263,218856.941643
1751644800000,2.261,2.266,2.23,2.244,365724.654749
1751648400000,2.244,2.258,2.239,2.252,99792.270943
1751652000000,2.251,2.252,2.237,2.248,62375.904065
1751655600000,2.248,2.253,2.237,2.24,42537.197904
1751659200000,2.239,2.251,2.237,2.245,45039.776355
1751662800000,2.243,2.253,2.238,2.253,59756.79817
1751666400000,2.251,2.274,2.249,2.271,141077.941835
1751670000000,2.272,2.272,2.258,2.264,94503.982088
1751673600000,2.264,2.274,2.258,2.268,99708.479134
1751677200000,2.267,2.267,2.249,2.257,59982.10129
1751680800000,2.257,2.265,2.246,2.263,48335.118902
1751684400000,2.262,2.27,2.261,2.263,64630.226827
1751688000000,2.261,2.267,2.253,2.253,72262.589272
1751691600000,2.252,2.263,2.247,2.263,52845.446538
1751695200000,2.263,2.279,2.26,2.278,97189.998852
1751698800000,2.278,2.281,2.262,2.265,70312.593501
1751702400000,2.265,2.269,2.251,2.259,75298.65373
1751706000000,2.258,2.266,2.245,2.266,77103.947449
1751709600000,2.265,2.267,2.257,2.258,58892.71371
1751713200000,2.259,2.269,2.257,2.258,44291.697645
1751716800000,2.259,2.26,2.24,2.25,75263.456039
1751720400000,2.249,2.256,2.24,2.241,42817.087854
1751724000000,2.242,2.248,2.237,2.248,60690.64223
1751727600000,2.247,2.251,2.238,2.241,32932.121586
1751731200000,2.243,2.249,2.225,2.242,81558.559471
1751734800000,2.241,2.249,2.228,2.238,40799.91867
1751738400000,2.237,2.238,2.215,2.217,95018.521302
1751742000000,2.218,2.237,2.212,2.234,30055.692488
1751745600000,2.234,2.249,2.23,2.247,43532.612947
1751749200000,2.249,2.262,2.247,2.253,61996.627648
1751752800000,2.249,2.259,2.249,2.258,19212.774483
1751756400000,2.259,2.263,2.249,2.253,73222.292397
1751760000000,2.254,2.256,2.245,2.256,42467.284545
1751763600000,2.257,2.257,2.245,2.252,34054.796445
1751767200000,2.253,2.258,2.247,2.247,38689.313557
1751770800000,2.248,2.25,2.239,2.24,50892.564597
1751774400000,2.241,2.246,2.234,2.236,40687.590507
1751778000000,2.237,2.24,2.233,2.234,40340.07691
1751781600000,2.236,2.247,2.234,2.243,77061.268778
1751785200000,2.245,2.251,2.24,2.242,68699.292247
1751788800000,2.241,2.252,2.23,2.245,179661.364004
1751792400000,2.244,2.254,2.241,2.241,84878.496168
1751796000000,2.243,2.257,2.241,2.247,71888.160028
1751799600000,2.247,2.255,2.243,2.255,63331.82361
1751803200000,2.255,2.264,2.247,2.263,74993.322448
1751806800000,2.262,2.304,2.26,2.291,185605.162104
1751810400000,2.293,2.297,2.272,2.284,127263.660469
1751814000000,2.285,2.291,2.28,2.29,88753.69088
1751817600000,2.292,2.3,2.285,2.296,92164.45057
1751821200000,2.296,2.296,2.284,2.289,51842.375522
1751824800000,2.29,2.29,2.264,2.277,87435.724071
1751828400000,2.277,2.282,2.271,2.273,24284.3918
1751832000000,2.278,2.29,2.276,2.282,46517.873326
1751835600000,2.282,2.33,2.282,2.314,146037.530883
1751839200000,2.313,2.329,2.307,2.308,77261.06199
1751842800000,2.31,2.31,2.281,2.291,159165.696808
1751846400000,2.294,2.296,2.279,2.281,95357.3949
1751850000000,2.284,2.295,2.276,2.291,44620.204514
1751853600000,2.292,2.319,2.292,2.305,104854.390486
1751857200000,2.305,2.32,2.302,2.305,63748.489928
1751860800000,2.305,2.318,2.304,2.304,83141.839221
1751864400000,2.304,2.307,2.293,2.296,147316.537433
1751868000000,2.295,2.295,2.281,2.282,47659.52017
1751871600000,2.284,2.305,2.279,2.305,61524.944699
1751875200000,2.304,2.308,2.299,2.304,65074.996331
1751878800000,2.304,2.305,2.287,2.289,40059.777053
1751882400000,2.288,2.288,2.277,2.279,54067.929135
1751886000000,2.279,2.286,2.272,2.277,55970.977282
1751889600000,2.277,2.281,2.264,2.273,87834.517755
1751893200000,2.274,2.295,2.269,2.295,161144.766029
1751896800000,2.295,2.296,2.259,2.266,120199.631308
1751900400000,2.264,2.276,2.263,2.272,70143.382578
1751904000000,2.272,2.279,2.254,2.262,125730.1261
1751907600000,2.261,2.275,2.254,2.267,57765.387698
1751911200000,2.267,2.271,2.247,2.27,72105.684607
1751914800000,2.27,2.29,2.269,2.279,53550.072908
1751918400000,2.279,2.279,2.256,2.264,58798.063855
1751922000000,2.263,2.28,2.255,2.271,62548.522033
1751925600000,2.273,2.276,2.256,2.267,31741.567842
1751929200000,2.268,2.281,2.267,2.279,35206.817991
1751932800000,2.279,2.285,2.271,2.275,104007.608166
1751936400000,2.271,2.272,2.248,2.253,94206.489052
1751940000000,2.252,2.259,2.244,2.253,70233.664306
1751943600000,2.254,2.26,2.25,2.252,19510.506287
1751947200000,2.251,2.254,2.239,2.253,73385.259856
1751950800000,2.254,2.257,2.249,2.254,15293.751221
1751954400000,2.254,2.261,2.249,2.253,47671.816086
1751958000000,2.254,2.257,2.245,2.256,31276.576563
1751961600000,2.258,2.261,2.244,2.244,53127.125088
1751965200000,2.243,2.252,2.239,2.248,68492.391557
1751968800000,2.248,2.274,2.245,2.273,99874.657124
1751972400000,2.274,2.298,2.274,2.286,199748.855111
1751976000000,2.286,2.294,2.279,2.293,98797.562056
1751979600000,2.292,2.304,2.283,2.298,146291.74685
1751983200000,2.3,2.301,2.266,2.271,209736.544934
1751986800000,2.273,2.277,2.259,2.266,87326.888161
1751990400000,2.267,2.288,2.261,2.28,31123.552429
1751994000000,2.282,2.326,2.281,2.315,172183.097797
1751997600000,2.316,2.331,2.315,2.33,71448.948567
1752001200000,2.33,2.332,2.312,2.319,94952.322359
1752004800000,2.319,2.322,2.308,2.309,75743.01087
1752008400000,2.31,2.322,2.308,2.318,69891.979541
1752012000000,2.317,2.321,2.308,2.314,65223.573
1752015600000,2.314,2.316,2.303,2.311,92568.470956
1752019200000,2.312,2.314,2.295,2.302,126112.706852
1752022800000,2.302,2.313,2.283,2.293,124825.111577
1752026400000,2.292,2.296,2.286,2.295,63639.735236
1752030000000,2.295,2.303,2.29,2.291,53202.253211
1752033600000,2.293,2.308,2.29,2.308,94529.538902
1752037200000,2.308,2.335,2.297,2.323,207387.280681
1752040800000,2.325,2.333,2.315,2.333,55838.886495
1752044400000,2.333,2.342,2.325,2.336,142200.976195
1752048000000,2.338,2.351,2.329,2.345,111777.719482
1752051600000,2.346,2.351,2.327,2.334,83427.236129
1752055200000,2.333,2.344,2.33,2.344,55417.370517
1752058800000,2.345,2.357,2.341,2.351,132520.616139
1752062400000,2.353,2.379,2.351,2.369,205802.085771
1752066000000,2.369,2.376,2.353,2.356,228295.611237
1752069600000,2.356,2.365,2.336,2.351,139651.88697
1752073200000,2.351,2.358,2.345,2.35,51627.27907
1752076800000,2.35,2.364,2.35,2.359,76564.85784
1752080400000,2.361,2.365,2.35,2.358,43963.350564
1752084000000,2.359,2.392,2.357,2.381,145561.143733
1752087600000,2.383,2.446,2.382,2.439,228744.948949
1752091200000,2.442,2.458,2.427,2.442,238069.515111
1752094800000,2.441,2.471,2.438,2.45,181412.941432
1752098400000,2.454,2.468,2.448,2.458,122340.794516
1752102000000,2.459,2.46,2.435,2.438,163746.615972
1752105600000,2.438,2.449,2.42,2.422,114717.419613
1752109200000,2.422,2.435,2.422,2.428,80755.530008
1752112800000,2.428,2.443,2.428,2.443,89055.419046
1752116400000,2.444,2.446,2.431,2.434,63041.633512
1752120000000,2.435,2.447,2.423,2.445,128434.177123
1752123600000,2.445,2.448,2.432,2.432,103656.519733
1752127200000,2.433,2.449,2.425,2.446,60597.912321
1752130800000,2.445,2.461,2.439,2.442,222704.454317
1752134400000,2.442,2.452,2.431,2.448,246495.927099
1752138000000,2.447,2.45,2.433,2.438,51078.622059
1752141600000,2.438,2.457,2.431,2.446,241140.280248
1752145200000,2.442,2.443,2.431,2.442,79421.985878
1752148800000,2.441,2.444,2.427,2.442,66992.18503
1752152400000,2.441,2.461,2.44,2.443,110814.716741
1752156000000,2.445,2.453,2.427,2.448,95079.968466
1752159600000,2.447,2.451,2.434,2.441,56741.003066
1752163200000,2.441,2.491,2.438,2.49,243786.118259
1752166800000,2.488,2.517,2.48,2.515,220591.90451
1752170400000,2.513,2.52,2.494,2.511,154392.694083
1752174000000,2.513,2.52,2.5,2.511,81966.678186
1752177600000,2.51,2.533,2.51,2.527,86801.068324
1752181200000,2.526,2.591,2.523,2.58,563245.734916
1752184800000,2.581,2.605,2.579,2.604,230261.150717
1752188400000,2.603,2.605,2.57,2.588,256927.731381
1752192000000,2.589,2.592,2.541,2.563,296951.890402
1752195600000,2.563,2.605,2.562,2.603,159617.207959
1752199200000,2.603,2.608,2.589,2.607,163854.761956
1752202800000,2.606,2.618,2.598,2.609,235410.442625
1752206400000,2.608,2.629,2.6,2.628,348984.80487
1752210000000,2.628,2.662,2.626,2.639,534831.350844
1752213600000,2.639,2.653,2.593,2.596,300882.038469
1752217200000,2.597,2.608,2.579,2.589,256135.613759
1752220800000,2.589,2.623,2.588,2.619,189001.283943
1752224400000,2.62,2.641,2.614,2.628,220987.862619
1752228000000,2.627,2.641,2.624,2.627,159348.243522
1752231600000,2.629,2.629,2.602,2.613,259166.72203
1752235200000,2.614,2.637,2.608,2.636,138594.388111
1752238800000,2.636,2.656,2.61,2.65,493431.7778
1752242400000,2.651,2.664,2.628,2.649,363223.028898
1752246000000,2.648,2.68,2.599,2.61,655763.587207
1752249600000,2.611,2.641,2.588,2.633,434384.97241
1752253200000,2.633,2.665,2.63,2.662,177202.530738
1752256800000,2.662,2.678,2.642,2.656,126641.691563
1752260400000,2.652,2.659,2.635,2.657,69907.163635
1752264000000,2.656,2.661,2.616,2.618,89008.008916
1752267600000,2.618,2.626,2.566,2.588,208138.831878
1752271200000,2.587,2.599,2.513,2.546,472147.025715
1752274800000,2.545,2.569,2.544,2.562,138519.031998
1752278400000,2.563,2.572,2.526,2.548,196606.766229
1752282000000,2.548,2.59,2.547,2.587,194606.07175
1752285600000,2.585,2.605,2.579,2.583,119697.830183
1752289200000,2.582,2.595,2.578,2.586,78762.538849
1752292800000,2.587,2.589,2.542,2.544,149191.550497
1752296400000,2.546,2.563,2.526,2.555,213682.54814
1752300000000,2.554,2.593,2.547,2.591,224866.494078
1752303600000,2.59,2.597,2.571,2.578,155971.542468
1752307200000,2.579,2.587,2.559,2.566,84190.167949
1752310800000,2.565,2.59,2.561,2.588,68395.902672
1752314400000,2.587,2.59,2.572,2.582,72490.625784
1752318000000,2.583,2.588,2.57,2.574,75853.615529
1752321600000,2.575,2.586,2.517,2.547,295959.003917
1752325200000,2.544,2.544,2.496,2.53,308682.458981
1752328800000,2.531,2.547,2.51,2.512,158056.622622
1752332400000,2.511,2.516,2.462,2.484,382152.209513
1752336000000,2.483,2.523,2.474,2.501,238107.777997
1752339600000,2.502,2.54,2.498,2.536,91875.042206
1752343200000,2.535,2.544,2.523,2.537,116720.508918
1752346800000,2.538,2.542,2.526,2.541,41302.989675
1752350400000,2.541,2.542,2.502,2.503,107561.883891
1752354000000,2.503,2.536,2.502,2.536,86387.472784
1752357600000,2.536,2.538,2.516,2.532,44919.6125
1752361200000,2.533,2.545,2.524,2.536,89018.892281
1752364800000,2.537,2.545,2.527,2.534,110169.606456
1752368400000,2.533,2.545,2.529,2.54,123522.933836
1752372000000,2.538,2.545,2.52,2.539,95954.824682
1752375600000,2.538,2.542,2.529,2.537,74068.443097
1752379200000,2.537,2.558,2.526,2.558,114125.010691
1752382800000,2.558,2.563,2.542,2.543,88535.144789
1752386400000,2.542,2.575,2.542,2.558,121629.528792
1752390000000,2.558,2.572,2.556,2.563,86187.170178
1752393600000,2.562,2.57,2.552,2.561,75062.173012
1752397200000,2.563,2.567,2.538,2.547,58744.914446
1752400800000,2.549,2.56,2.543,2.548,249345.712718
1752404400000,2.549,2.572,2.549,2.571,55517.197917
1752408000000,2.569,2.594,2.562,2.586,168659.641035
1752411600000,2.584,2.598,2.568,2.59,179603.60206
1752415200000,2.591,2.621,2.584,2.595,331557.690095
1752418800000,2.595,2.627,2.587,2.592,413626.84743
1752422400000,2.594,2.608,2.569,2.572,131024.195136
1752426000000,2.572,2.592,2.564,2.588,78682.319022
1752429600000,2.59,2.612,2.585,2.606,81414.050177
1752433200000,2.603,2.615,2.589,2.589,56419.77613
1752436800000,2.59,2.605,2.58,2.597,50867.66109
1752440400000,2.597,2.597,2.54,2.56,158210.828935
1752444000000,2.559,2.566,2.542,2.547,146296.167512
1752447600000,2.548,2.564,2.545,2.56,99214.92412
1752451200000,2.56,2.573,2.554,2.559,107930.554264
1752454800000,2.56,2.589,2.554,2.584,124270.329846
1752458400000,2.585,2.633,2.579,2.608,228889.825449
1752462000000,2.609,2.668,2.604,2.638,445604.05974
1752465600000,2.639,2.679,2.636,2.678,310333.318359
1752469200000,2.679,2.689,2.621,2.646,448410.859152
1752472800000,2.648,2.648,2.626,2.635,204173.252654
1752476400000,2.636,2.667,2.633,2.665,180981.488611
1752480000000,2.663,2.663,2.62,2.64,151619.269126
1752483600000,2.644,2.663,2.634,2.645,247765.660086
1752487200000,2.644,2.66,2.622,2.658,271122.227104
1752490800000,2.656,2.669,2.631,2.637,317183.970372
1752494400000,2.636,2.648,2.622,2.639,136473.872001
1752498000000,2.639,2.65,2.618,2.638,138336.030734
1752501600000,2.639,2.653,2.591,2.613,338100.719429
1752505200000,2.613,2.613,2.566,2.588,197227.698328
1752508800000,2.587,2.608,2.572,2.603,123192.410892
1752512400000,2.604,2.604,2.584,2.596,83443.523162
1752516000000,2.596,2.597,2.556,2.561,121369.344263
1752519600000,2.559,2.57,2.55,2.56,52322.337923
1752523200000,2.56,2.569,2.523,2.562,215592.820664
1752526800000,2.559,2.58,2.556,2.577,103165.641054
1752530400000,2.576,2.585,2.568,2.579,56715.924158
1752534000000,2.579,2.581,2.558,2.575,72691.618472
1752537600000,2.575,2.582,2.537,2.541,155222.65518
1752541200000,2.54,2.551,2.504,2.524,297043.835666
1752544800000,2.526,2.536,2.494,2.504,260844.622982
1752548400000,2.504,2.506,2.463,2.487,373885.494039
1752552000000,2.486,2.513,2.467,2.505,166226.931414
1752555600000,2.505,2.512,2.495,2.505,126561.072789
1752559200000,2.504,2.513,2.496,2.51,79466.654386
1752562800000,2.51,2.521,2.498,2.502,62174.448237
1752566400000,2.503,2.506,2.482,2.497,68478.852079
1752570000000,2.497,2.514,2.497,2.502,82680.415291
1752573600000,2.502,2.516,2.502,2.51,29950.175023
1752577200000,2.508,2.518,2.49,2.509,78841.855191
1752580800000,2.509,2.536,2.489,2.525,188846.611547
1752584400000,2.525,2.549,2.517,2.541,312836.852151
1752588000000,2.54,2.555,2.471,2.483,236558.991757
1752591600000,2.484,2.539,2.479,2.533,173719.698683
1752595200000,2.535,2.57,2.533,2.555,165776.754403
1752598800000,2.559,2.607,2.553,2.605,97581.688695
1752602400000,2.606,2.636,2.567,2.59,335185.302187
1752606000000,2.589,2.61,2.551,2.558,125233.131486
1752609600000,2.558,2.584,2.547,2.576,66972.05237
1752613200000,2.573,2.623,2.572,2.618,76084.187396
1752616800000,2.622,2.622,2.594,2.612,127731.287658
1752620400000,2.612,2.651,2.612,2.646,194137.214546
1752624000000,2.646,2.664,2.627,2.664,199853.926725
1752627600000,2.663,2.669,2.646,2.651,130630.620052
1752631200000,2.651,2.653,2.6,2.614,265114.132135
1752634800000,2.614,2.622,2.607,2.609,73632.542731
1752638400000,2.61,2.621,2.589,2.621,237955.903811
1752642000000,2.621,2.63,2.617,2.619,90174.946975
1752645600000,2.62,2.637,2.608,2.635,81797.248424
1752649200000,2.634,2.645,2.626,2.64,98806.413364
1752652800000,2.64,2.642,2.625,2.627,94421.272922
1752656400000,2.627,2.64,2.611,2.62,129398.813385
1752660000000,2.622,2.622,2.603,2.605,59497.689764
1752663600000,2.604,2.619,2.604,2.614,43186.299565
1752667200000,2.615,2.635,2.61,2.62,85416.746281
1752670800000,2.617,2.629,2.598,2.617,150673.490493
1752674400000,2.617,2.656,2.598,2.65,357207.86597
1752678000000,2.652,2.66,2.605,2.633,315879.146504
1752681600000,2.632,2.674,2.622,2.673,214388.270137
1752685200000,2.675,2.682,2.658,2.672,165398.14552
1752688800000,2.673,2.699,2.669,2.679,192219.014724
1752692400000,2.68,2.683,2.657,2.676,121208.479297
1752696000000,2.676,2.715,2.676,2.697,202430.06568
1752699600000,2.698,2.735,2.69,2.718,251715.052364
1752703200000,2.721,2.738,2.677,2.682,248074.099357
1752706800000,2.684,2.686,2.637,2.654,279928.715654
1752710400000,2.653,2.697,2.651,2.662,323154.101242
1752714000000,2.661,2.678,2.594,2.625,396729.221111
1752717600000,2.622,2.648,2.62,2.638,169013.776041
1752721200000,2.639,2.639,2.595,2.614,327227.979097
1752724800000,2.612,2.631,2.607,2.629,115917.703915
1752728400000,2.628,2.659,2.616,2.659,169910.158099
1752732000000,2.658,2.693,2.647,2.68,345749.544175
1752735600000,2.68,2.68,2.645,2.668,168336.295592
1752739200000,2.669,2.683,2.662,2.682,121213.309735
1752742800000,2.682,2.72,2.679,2.705,396166.329048
1752746400000,2.704,2.711,2.681,2.688,265114.995868
1752750000000,2.687,2.69,2.665,2.675,202001.169108
1752753600000,2.676,2.708,2.657,2.697,220240.603927
1752757200000,2.696,2.704,2.632,2.678,349672.070331
1752760800000,2.677,2.7,2.665,2.686,236486.374699
1752764400000,2.688,2.693,2.653,2.686,266312.195217
1752768000000,2.685,2.69,2.615,2.64,484326.047669
1752771600000,2.641,2.673,2.635,2.673,146980.55611
1752775200000,2.674,2.688,2.663,2.684,94784.85042
1752778800000,2.686,2.696,2.645,2.649,152866.31625
1752782400000,2.649,2.658,2.614,2.653,159845.6081
1752786000000,2.653,2.715,2.653,2.7,344024.402374
1752789600000,2.701,2.74,2.693,2.722,266381.040994
1752793200000,2.721,2.745,2.703,2.706,299395.913002
1752796800000,2.708,2.762,2.7,2.759,280062.105567
1752800400000,2.758,2.813,2.749,2.807,796018.662516
1752804000000,2.807,2.807,2.778,2.798,325411.947904
1752807600000,2.798,2.817,2.785,2.815,207560.016082
1752811200000,2.816,2.867,2.801,2.865,496517.427533
1752814800000,2.866,2.91,2.855,2.904,704374.917757
1752818400000,2.903,2.903,2.859,2.876,625659.859891
1752822000000,2.877,2.904,2.837,2.839,641868.700163
1752825600000,2.84,2.88,2.82,2.837,445722.013182
1752829200000,2.836,2.863,2.814,2.859,681103.99666
1752832800000,2.859,2.88,2.824,2.878,328012.346507
1752836400000,2.878,2.883,2.834,2.876,217420.440243
1752840000000,2.877,2.903,2.856,2.903,324242.514652
1752843600000,2.903,2.908,2.867,2.883,418192.77577
1752847200000,2.883,2.907,2.794,2.824,821214.609382
1752850800000,2.823,2.834,2.75,2.782,787803.159495
1752854400000,2.781,2.835,2.777,2.815,324748.637156
1752858000000,2.816,2.834,2.796,2.82,363281.233349
1752861600000,2.82,2.82,2.771,2.775,209473.667079
1752865200000,2.776,2.79,2.743,2.767,310440.278345
1752868800000,2.766,2.768,2.686,2.734,448181.795253
1752872400000,2.733,2.788,2.73,2.76,197818.370335
1752876000000,2.763,2.781,2.73,2.734,344958.542292
1752879600000,2.734,2.765,2.709,2.754,304119.766078
1752883200000,2.752,2.77,2.703,2.703,253897.879125
1752886800000,2.705,2.739,2.682,2.727,289245.134172
1752890400000,2.731,2.757,2.713,2.751,96877.189748
1752894000000,2.751,2.806,2.75,2.806,275213.894802
1752897600000,2.806,2.839,2.794,2.808,316295.158449
1752901200000,2.811,2.814,2.783,2.796,161145.408438
1752904800000,2.796,2.797,2.773,2.781,93175.948679
1752908400000,2.781,2.79,2.758,2.76,157090.30676
1752912000000,2.761,2.769,2.735,2.747,170841.565063
1752915600000,2.748,2.763,2.735,2.743,134791.459765
1752919200000,2.742,2.755,2.727,2.735,158795.13131
1752922800000,2.735,2.746,2.709,2.71,165720.741286
1752926400000,2.71,2.726,2.7,2.724,148260.343172
1752930000000,2.724,2.727,2.702,2.707,102867.068438
1752933600000,2.712,2.712,2.667,2.672,316551.303387
1752937200000,2.673,2.712,2.672,2.699,159246.445978
1752940800000,2.699,2.723,2.683,2.711,227616.047986
1752944400000,2.713,2.716,2.697,2.711,77404.298345
1752948000000,2.71,2.745,2.71,2.738,104764.028104
1752951600000,2.739,2.827,2.738,2.813,305314.29375
1752955200000,2.812,2.823,2.798,2.799,296791.236438
1752958800000,2.798,2.803,2.754,2.785,162173.16122
1752962400000,2.779,2.792,2.77,2.78,180733.326984
1752966000000,2.78,2.804,2.778,2.8,58407.441987
1752969600000,2.802,2.804,2.773,2.782,204508.469826
1752973200000,2.783,2.805,2.779,2.782,169530.122989
1752976800000,2.781,2.799,2.772,2.787,100555.3344
1752980400000,2.786,2.821,2.779,2.789,157136.689595
1752984000000,2.793,2.813,2.781,2.794,126852.382933
1752987600000,2.796,2.826,2.787,2.822,160597.427565
1752991200000,2.823,2.839,2.805,2.807,333159.902153
1752994800000,2.81,2.833,2.808,2.813,155660.239965
1752998400000,2.813,2.849,2.812,2.843,256455.448693
1753002000000,2.842,2.858,2.825,2.842,253944.522011
1753005600000,2.844,2.858,2.837,2.841,111400.598765
1753009200000,2.842,2.873,2.841,2.862,180718.890094
1753012800000,2.856,2.876,2.847,2.869,156488.401028
1753016400000,2.869,2.894,2.865,2.889,258629.235751
1753020000000,2.888,2.888,2.853,2.871,287537.394152
1753023600000,2.87,2.925,2.862,2.918,584929.13912
1753027200000,2.919,3.007,2.912,2.987,1415327.065534
1753030800000,2.983,3.024,2.912,2.914,751430.276572
1753034400000,2.916,2.94,2.902,2.93,248918.820445
1753038000000,2.932,2.947,2.927,2.928,106493.734588
1753041600000,2.931,2.937,2.904,2.921,99580.939452
1753045200000,2.92,2.937,2.885,2.936,191607.772806
1753048800000,2.936,2.939,2.817,2.882,829890.167571
1753052400000,2.881,2.916,2.861,2.887,312450.250489
1753056000000,2.887,2.895,2.831,2.869,308001.822659
1753059600000,2.871,2.876,2.822,2.854,180071.209288
1753063200000,2.856,2.885,2.855,2.883,144467.674037
1753066800000,2.884,2.92,2.883,2.91,236568.686282
1753070400000,2.911,2.917,2.894,2.903,157216.575989
1753074000000,2.904,2.906,2.885,2.901,157509.119757
1753077600000,2.904,2.937,2.9,2.925,287714.370152
1753081200000,2.925,2.95,2.914,2.924,409049.766889
1753084800000,2.924,2.947,2.906,2.92,323757.007087
1753088400000,2.922,2.93,2.897,2.915,211435.228522
1753092000000,2.914,2.932,2.888,2.927,193903.262982
1753095600000,2.927,2.961,2.923,2.933,297065.845722
1753099200000,2.936,2.937,2.913,2.926,209177.120821
1753102800000,2.927,2.956,2.903,2.95,331364.751628
1753106400000,2.952,2.979,2.929,2.961,433520.248896
1753110000000,2.96,2.987,2.928,2.936,437646.427555
1753113600000,2.936,2.945,2.871,2.899,531274.07744
1753117200000,2.895,2.924,2.887,2.919,174119.474821
1753120800000,2.921,2.964,2.889,2.897,352480.986528
1753124400000,2.896,2.923,2.857,2.873,241472.565405
1753128000000,2.874,2.902,2.861,2.874,180763.127991
1753131600000,2.872,2.906,2.862,2.897,137803.084422
1753135200000,2.898,2.925,2.895,2.92,77184.438733
1753138800000,2.918,2.933,2.901,2.919,213750.439374
1753142400000,2.92,2.931,2.878,2.883,151811.856228
1753146000000,2.883,2.933,2.806,2.922,857995.991287
1753149600000,2.922,2.931,2.862,2.872,208713.792921
1753153200000,2.874,2.881,2.832,2.857,307099.246034
1753156800000,2.857,2.866,2.774,2.778,830645.787936
1753160400000,2.778,2.83,2.773,2.808,566544.646954
1753164000000,2.81,2.844,2.798,2.828,225826.770596
1753167600000,2.83,2.866,2.821,2.829,273168.233942
1753171200000,2.829,2.83,2.757,2.805,417583.975619
1753174800000,2.805,2.817,2.759,2.809,247762.278721
1753178400000,2.808,2.848,2.8,2.847,166639.381306
1753182000000,2.847,2.853,2.816,2.839,155604.792392
1753185600000,2.837,2.849,2.826,2.832,101025.669443
1753189200000,2.834,2.856,2.787,2.799,493831.261811
1753192800000,2.8,2.861,2.769,2.86,409535.60422
1753196400000,2.862,2.889,2.844,2.851,507775.590318
1753200000000,2.853,2.894,2.843,2.853,218824.324001
1753203600000,2.853,2.863,2.813,2.837,187575.911874
1753207200000,2.836,2.89,2.815,2.87,261966.977882
1753210800000,2.869,2.88,2.82,2.832,124785.536517
1753214400000,2.829,2.88,2.821,2.867,220142.001291
1753218000000,2.868,2.9,2.859,2.893,86325.799986
1753221600000,2.894,2.911,2.885,2.901,259586.813099
1753225200000,2.902,2.936,2.899,2.931,248956.601418
1753228800000,2.932,2.941,2.883,2.884,236603.596222
1753232400000,2.884,2.909,2.872,2.899,171726.449899
1753236000000,2.9,2.905,2.874,2.894,184668.695834
1753239600000,2.896,2.909,2.878,2.888,155046.598058
1753243200000,2.888,2.921,2.88,2.917,141770.409128
1753246800000,2.917,2.918,2.889,2.904,133808.449477
1753250400000,2.904,2.907,2.86,2.878,184800.607106
1753254000000,2.876,2.892,2.846,2.857,220937.813095
1753257600000,2.857,2.874,2.847,2.874,112580.120646
1753261200000,2.873,2.879,2.82,2.82,306149.046923
1753264800000,2.82,2.822,2.796,2.82,338035.099166
1753268400000,2.818,2.819,2.798,2.816,147280.042878
1753272000000,2.816,2.818,2.733,2.742,1188350.174477
1753275600000,2.744,2.753,2.64,2.68,1734760.223008
1753279200000,2.681,2.715,2.673,2.705,570329.533701
1753282800000,2.703,2.712,2.667,2.703,358658.924668
1753286400000,2.704,2.704,2.637,2.641,393656.516617
1753290000000,2.641,2.655,2.604,2.644,738202.723216
1753293600000,2.644,2.671,2.642,2.671,129882.439599
1753297200000,2.671,2.675,2.649,2.653,65831.835683
1753300800000,2.65,2.667,2.575,2.62,752051.786842
1753304400000,2.621,2.633,2.552,2.622,580180.656541
1753308000000,2.622,2.654,2.605,2.643,194906.304352
1753311600000,2.643,2.658,2.638,2.638,158633.431658
1753315200000,2.641,2.666,2.622,2.666,284951.140956
1753318800000,2.666,2.671,2.638,2.669,117870.979114
1753322400000,2.669,2.67,2.646,2.656,67744.914479
1753326000000,2.657,2.68,2.643,2.646,76442.812828
1753329600000,2.645,2.657,2.594,2.599,318026.65538
1753333200000,2.597,2.601,2.513,2.52,689219.382062
1753336800000,2.52,2.57,2.473,2.511,864565.151038
1753340400000,2.511,2.562,2.481,2.561,522441.593314
1753344000000,2.559,2.593,2.547,2.586,204223.996409
1753347600000,2.586,2.6,2.575,2.589,190072.853724
1753351200000,2.59,2.604,2.547,2.577,261681.156006
1753354800000,2.577,2.623,2.575,2.613,188310.696633
1753358400000,2.612,2.619,2.583,2.595,126545.807018
1753362000000,2.594,2.619,2.579,2.582,140266.568241
1753365600000,2.583,2.673,2.562,2.671,255633.617398
1753369200000,2.671,2.685,2.629,2.636,348858.639129
1753372800000,2.637,2.64,2.581,2.593,224888.245861
1753376400000,2.592,2.648,2.59,2.634,99137.39174
1753380000000,2.633,2.648,2.617,2.641,100582.294999
1753383600000,2.641,2.66,2.625,2.626,134471.645309
1753387200000,2.626,2.651,2.622,2.647,37276.761924
1753390800000,2.647,2.647,2.597,2.613,130322.677468
1753394400000,2.613,2.628,2.593,2.614,166732.348351
1753398000000,2.612,2.612,2.576,2.583,130907.735768
1753401600000,2.584,2.586,2.536,2.552,267177.676015
1753405200000,2.551,2.59,2.541,2.584,114622.079936
1753408800000,2.584,2.594,2.536,2.543,149361.886453
1753412400000,2.543,2.561,2.5,2.534,285741.587022
1753416000000,2.534,2.569,2.514,2.567,146066.616364
1753419600000,2.567,2.568,2.537,2.54,163411.825376
1753423200000,2.54,2.561,2.521,2.55,122871.82319
1753426800000,2.55,2.578,2.523,2.548,170055.00526
1753430400000,2.547,2.584,2.547,2.563,178185.658668
1753434000000,2.564,2.609,2.554,2.606,217753.505584
1753437600000,2.607,2.62,2.595,2.604,162291.775281
1753441200000,2.605,2.622,2.603,2.61,77751.055343
1753444800000,2.611,2.625,2.594,2.608,125011.161717
1753448400000,2.609,2.626,2.59,2.614,116903.96281
1753452000000,2.615,2.618,2.538,2.538,234414.012802
1753455600000,2.54,2.566,2.517,2.553,165422.944227
1753459200000,2.551,2.584,2.539,2.581,127257.227226
1753462800000,2.579,2.595,2.567,2.574,120117.55084
1753466400000,2.573,2.587,2.571,2.578,44158.990809
1753470000000,2.576,2.594,2.571,2.579,25292.084064
1753473600000,2.579,2.624,2.578,2.618,169899.722634
1753477200000,2.623,2.639,2.618,2.639,135397.655361
1753480800000,2.639,2.647,2.634,2.646,63760.874169
1753484400000,2.646,2.65,2.638,2.649,104156.277624
1753488000000,2.649,2.65,2.632,2.643,78701.728607
1753491600000,2.641,2.643,2.622,2.623,123242.800961
1753495200000,2.623,2.658,2.623,2.645,135150.695139
1753498800000,2.646,2.653,2.635,2.65,39511.805765
1753502400000,2.649,2.654,2.641,2.643,42010.74904
1753506000000,2.643,2.65,2.636,2.646,21514.439027
1753509600000,2.647,2.648,2.637,2.64,25450.419956
1753513200000,2.638,2.643,2.633,2.638,82541.892438
1753516800000,2.639,2.66,2.639,2.65,108650.071026
1753520400000,2.651,2.657,2.647,2.657,37757.032505
1753524000000,2.656,2.671,2.653,2.657,99207.749214
1753527600000,2.658,2.665,2.644,2.649,99999.688417
1753531200000,2.651,2.658,2.64,2.655,72647.713414
1753534800000,2.654,2.668,2.65,2.658,48668.147272
1753538400000,2.66,2.666,2.651,2.655,112021.828274
1753542000000,2.655,2.666,2.641,2.664,131817.864446
1753545600000,2.664,2.671,2.654,2.661,88325.495982
1753549200000,2.662,2.663,2.65,2.656,30853.968234
1753552800000,2.656,2.678,2.644,2.674,53241.270047
1753556400000,2.674,2.695,2.674,2.693,120554.783776
1753560000000,2.691,2.692,2.675,2.676,58017.338094
1753563600000,2.675,2.69,2.67,2.686,36226.931362
1753567200000,2.686,2.702,2.673,2.674,127064.699723
1753570800000,2.674,2.678,2.659,2.662,95374.842814
1753574400000,2.664,2.67,2.655,2.668,82029.691511
1753578000000,2.67,2.686,2.662,2.678,71616.197041
1753581600000,2.677,2.7,2.673,2.694,153743.771758
1753585200000,2.694,2.7,2.685,2.687,66126.302292
1753588800000,2.687,2.698,2.681,2.695,56932.942036
1753592400000,2.695,2.72,2.691,2.704,248781.886616
1753596000000,2.703,2.703,2.69,2.7,54079.480302
1753599600000,2.702,2.708,2.688,2.696,55461.127795
1753603200000,2.696,2.699,2.675,2.685,95298.571326
1753606800000,2.685,2.686,2.668,2.673,109616.226196
1753610400000,2.673,2.711,2.673,2.705,103622.641979
1753614000000,2.705,2.713,2.687,2.691,97640.39329
1753617600000,2.69,2.707,2.676,2.706,78176.429207
1753621200000,2.706,2.713,2.694,2.698,68746.385727
1753624800000,2.696,2.711,2.68,2.69,54889.90264
1753628400000,2.687,2.701,2.676,2.7,53738.329089
1753632000000,2.7,2.744,2.7,2.711,240957.63009
1753635600000,2.714,2.724,2.698,2.721,67151.994228
1753639200000,2.72,2.737,2.715,2.722,62351.559177
1753642800000,2.721,2.723,2.706,2.712,66673.180672
1753646400000,2.713,2.725,2.707,2.712,42881.488471
1753650000000,2.712,2.728,2.702,2.727,27041.933482
1753653600000,2.729,2.76,2.725,2.747,192398.240555
1753657200000,2.747,2.764,2.732,2.757,118239.960537
1753660800000,2.759,2.794,2.754,2.76,228909.775828
1753664400000,2.761,2.762,2.733,2.743,91843.421966
1753668000000,2.745,2.793,2.736,2.779,151658.24887
1753671600000,2.782,2.786,2.759,2.763,99834.136874
1753675200000,2.763,2.785,2.748,2.783,147419.007016
1753678800000,2.784,2.809,2.78,2.801,333179.32041
1753682400000,2.801,2.804,2.785,2.796,138346.393644
1753686000000,2.797,2.797,2.759,2.778,522779.118625
1753689600000,2.778,2.791,2.768,2.783,114572.805827
1753693200000,2.783,2.803,2.774,2.793,120916.426167
1753696800000,2.795,2.795,2.772,2.779,69973.394723
1753700400000,2.778,2.78,2.757,2.775,142984.586203
1753704000000,2.774,2.776,2.751,2.759,61869.174313
1753707600000,2.759,2.759,2.711,2.723,264372.245688
1753711200000,2.724,2.735,2.675,2.68,465701.646436
1753714800000,2.683,2.7,2.661,2.677,139293.151871
1753718400000,2.676,2.692,2.658,2.674,148987.071123
1753722000000,2.673,2.688,2.661,2.664,97686.138286
1753725600000,2.666,2.67,2.625,2.629,291262.510625
1753729200000,2.632,2.648,2.602,2.628,175578.353043
1753732800000,2.629,2.633,2.597,2.611,171394.028212
1753736400000,2.61,2.625,2.585,2.606,172791.053308
1753740000000,2.606,2.616,2.578,2.594,142431.860141
1753743600000,2.596,2.609,2.589,2.608,102586.714575
1753747200000,2.608,2.629,2.566,2.599,273025.146975
1753750800000,2.6,2.614,2.585,2.585,88267.528132
1753754400000,2.584,2.588,2.555,2.563,148069.638491
1753758000000,2.562,2.608,2.562,2.604,110032.171722
1753761600000,2.604,2.612,2.584,2.586,98918.770883
1753765200000,2.587,2.633,2.586,2.633,134999.111031
1753768800000,2.629,2.65,2.625,2.646,111927.016921
1753772400000,2.647,2.672,2.642,2.664,159252.161332
1753776000000,2.664,2.664,2.643,2.652,79169.409158
1753779600000,2.653,2.655,2.632,2.634,71958.030531
1753783200000,2.635,2.636,2.589,2.595,135968.160874
1753786800000,2.594,2.618,2.594,2.614,57706.031195
1753790400000,2.615,2.645,2.608,2.635,76417.811248
1753794000000,2.632,2.652,2.609,2.613,116547.838031
1753797600000,2.612,2.612,2.551,2.57,341271.64484
1753801200000,2.568,2.584,2.555,2.573,132880.698573
1753804800000,2.573,2.574,2.527,2.565,219068.961575
1753808400000,2.563,2.589,2.56,2.57,71020.227553
1753812000000,2.569,2.574,2.558,2.565,24892.22629
1753815600000,2.562,2.577,2.541,2.541,98494.604268
1753819200000,2.542,2.557,2.516,2.533,131479.277089
1753822800000,2.535,2.577,2.52,2.566,79421.309155
1753826400000,2.566,2.574,2.548,2.569,71819.777022
1753830000000,2.57,2.574,2.559,2.572,58902.671199
1753833600000,2.571,2.572,2.538,2.557,61978.225037
1753837200000,2.556,2.577,2.531,2.564,107460.051792
1753840800000,2.564,2.586,2.556,2.57,132952.89903
1753844400000,2.571,2.579,2.562,2.565,54593.922329
1753848000000,2.565,2.571,2.539,2.539,75664.043406
1753851600000,2.543,2.564,2.529,2.557,95109.577646
1753855200000,2.555,2.564,2.549,2.558,228335.119568
1753858800000,2.557,2.562,2.528,2.534,131745.839074
1753862400000,2.531,2.549,2.518,2.536,116501.560972
1753866000000,2.537,2.543,2.508,2.517,175166.92672
1753869600000,2.515,2.53,2.493,2.498,222744.075822
1753873200000,2.5,2.514,2.457,2.473,439433.625942
1753876800000,2.475,2.489,2.453,2.477,321038.816721
1753880400000,2.476,2.492,2.462,2.483,239000.256772
1753884000000,2.482,2.532,2.47,2.53,114060.676765
1753887600000,2.528,2.531,2.498,2.506,66346.750651
1753891200000,2.507,2.532,2.499,2.52,67538.577674
1753894800000,2.521,2.527,2.51,2.522,25620.568456
1753898400000,2.521,2.535,2.465,2.468,219170.96298
1753902000000,2.466,2.481,2.361,2.475,951675.485106
1753905600000,2.476,2.496,2.472,2.476,46947.21773
1753909200000,2.476,2.487,2.446,2.468,89510.308326
1753912800000,2.467,2.475,2.452,2.465,36268.468761
1753916400000,2.463,2.497,2.463,2.493,72356.743244
1753920000000,2.492,2.515,2.483,2.513,92632.599734
1753923600000,2.513,2.519,2.504,2.51,68811.266581
1753927200000,2.512,2.524,2.505,2.52,47646.42757
1753930800000,2.52,2.536,2.52,2.532,48362.637119
1753934400000,2.532,2.539,2.525,2.536,43344.369049
1753938000000,2.536,2.541,2.528,2.533,66191.157827
1753941600000,2.532,2.55,2.524,2.546,56744.416732
1753945200000,2.545,2.547,2.536,2.537,39831.625076
1753948800000,2.537,2.547,2.536,2.541,39048.513695
1753952400000,2.542,2.548,2.538,2.544,52496.488942
1753956000000,2.542,2.547,2.533,2.535,60880.931394
1753959600000,2.535,2.538,2.513,2.521,120912.624636
1753963200000,2.52,2.521,2.492,2.503,172237.176944
1753966800000,2.501,2.501,2.454,2.472,235439.838035
1753970400000,2.472,2.478,2.429,2.449,317328.71345
1753974000000,2.448,2.477,2.442,2.473,127476.569161
1753977600000,2.469,2.513,2.465,2.496,197114.415458
1753981200000,2.496,2.497,2.456,2.461,118333.99696
1753984800000,2.464,2.476,2.44,2.459,67315.3696
1753988400000,2.463,2.465,2.439,2.445,45292.144698
1753992000000,2.446,2.451,2.422,2.438,114062.510687
1753995600000,2.434,2.447,2.4,2.429,350905.639777
1753999200000,2.426,2.426,2.395,2.401,199077.269654
1754002800000,2.402,2.42,2.384,2.394,161343.417391
1754006400000,2.394,2.398,2.315,2.373,563718.118548
1754010000000,2.373,2.386,2.343,2.372,213389.997354
1754013600000,2.371,2.393,2.36,2.388,121098.893045
1754017200000,2.387,2.398,2.378,2.385,86888.585047
1754020800000,2.385,2.385,2.365,2.367,134062.366317
1754024400000,2.366,2.374,2.344,2.355,120299.807457
1754028000000,2.354,2.362,2.336,2.359,138311.034594
1754031600000,2.361,2.367,2.34,2.349,137485.190955
1754035200000,2.344,2.346,2.289,2.327,539250.599918
1754038800000,2.326,2.352,2.324,2.332,234919.491148
1754042400000,2.33,2.349,2.33,2.342,41587.633122
1754046000000,2.344,2.356,2.334,2.352,47707.341377
1754049600000,2.351,2.378,2.338,2.359,137437.697154
1754053200000,2.358,2.366,2.293,2.311,224933.72814
1754056800000,2.311,2.373,2.296,2.361,231055.291625
1754060400000,2.362,2.365,2.325,2.349,179390.539075
1754064000000,2.348,2.368,2.316,2.322,113071.9974
1754067600000,2.323,2.338,2.305,2.311,122513.758325
1754071200000,2.314,2.334,2.29,2.32,178691.8829
1754074800000,2.316,2.349,2.314,2.342,136273.766331
1754078400000,2.342,2.349,2.283,2.331,208246.448957
1754082000000,2.328,2.342,2.323,2.324,104148.005662
1754085600000,2.324,2.329,2.219,2.267,689221.248203
1754089200000,2.266,2.303,2.263,2.297,152360.145379
1754092800000,2.296,2.322,2.295,2.319,90034.872562
1754096400000,2.32,2.323,2.306,2.32,71185.713615
1754100000000,2.32,2.325,2.317,2.321,33473.177017
1754103600000,2.323,2.327,2.318,2.323,24855.615738
1754107200000,2.323,2.335,2.318,2.335,49475.490415
1754110800000,2.335,2.335,2.322,2.325,34825.923943
1754114400000,2.325,2.326,2.276,2.291,244462.137429
1754118000000,2.292,2.325,2.271,2.324,115317.439569
1754121600000,2.323,2.329,2.298,2.299,115007.91033
1754125200000,2.302,2.31,2.293,2.305,39750.98823
1754128800000,2.306,2.306,2.283,2.298,45285.558551
1754132400000,2.3,2.32,2.287,2.306,33653.821789
1754136000000,2.307,2.309,2.289,2.309,33000.63198
1754139600000,2.309,2.322,2.295,2.316,40530.778658
1754143200000,2.316,2.318,2.278,2.293,95251.68649
1754146800000,2.294,2.31,2.273,2.281,83298.689282
1754150400000,2.28,2.302,2.257,2.285,191681.778726
1754154000000,2.287,2.3,2.24,2.251,242310.24073
1754157600000,2.253,2.262,2.225,2.234,220363.193361
1754161200000,2.235,2.277,2.224,2.253,122809.568301
1754164800000,2.252,2.272,2.25,2.272,39571.094963
1754168400000,2.273,2.283,2.26,2.275,72191.495916
1754172000000,2.273,2.288,2.258,2.283,59838.408862
1754175600000,2.281,2.286,2.251,2.273,218158.730136
1754179200000,2.272,2.289,2.237,2.288,132270.939881
1754182800000,2.288,2.302,2.281,2.295,93238.212184
1754186400000,2.295,2.308,2.295,2.305,87451.859512
1754190000000,2.304,2.308,2.299,2.301,78458.207082
1754193600000,2.301,2.303,2.293,2.303,20732.247161
1754197200000,2.302,2.309,2.301,2.308,44362.536941
1754200800000,2.308,2.313,2.302,2.312,52406.530677
1754204400000,2.313,2.319,2.307,2.314,69424.174883
1754208000000,2.314,2.318,2.309,2.316,58366.270494
1754211600000,2.316,2.322,2.311,2.321,45342.960628
1754215200000,2.322,2.332,2.322,2.33,74850.959651
1754218800000,2.33,2.342,2.327,2.327,73730.336998
1754222400000,2.327,2.334,2.32,2.334,51195.161265
1754226000000,2.332,2.337,2.325,2.33,24268.76709
1754229600000,2.33,2.334,2.315,2.329,98672.805733
1754233200000,2.325,2.337,2.323,2.335,72017.558324
1754236800000,2.335,2.34,2.325,2.338,79743.028216
1754240400000,2.339,2.34,2.325,2.334,32177.080126
1754244000000,2.335,2.338,2.329,2.336,16060.747929
1754247600000,2.336,2.345,2.331,2.331,31635.937228
1754251200000,2.332,2.337,2.329,2.336,17441.201742
1754254800000,2.335,2.345,2.333,2.345,44526.575526
1754258400000,2.345,2.352,2.334,2.343,30318.190398
1754262000000,2.343,2.354,2.338,2.343,37592.398486
1754265600000,2.345,2.378,2.339,2.374,152169.293509
1754269200000,2.374,2.379,2.356,2.356,86527.811167
1754272800000,2.359,2.375,2.351,2.373,118606.834518
1754276400000,2.374,2.375,2.365,2.367,36732.304718
1754280000000,2.368,2.374,2.361,2.364,84514.765981
1754283600000,2.365,2.37,2.357,2.369,81112.529264
1754287200000,2.369,2.37,2.353,2.367,74575.89456
1754290800000,2.367,2.378,2.359,2.368,1002776.695466
1754294400000,2.368,2.378,2.367,2.37,201203.723657
1754298000000,2.371,2.376,2.361,2.361,196808.808929
1754301600000,2.364,2.37,2.358,2.363,96785.684745
1754305200000,2.363,2.363,2.35,2.357,82355.366274
1754308800000,2.357,2.366,2.354,2.366,85332.626409
1754312400000,2.364,2.389,2.355,2.389,199055.103996
1754316000000,2.386,2.403,2.377,2.383,314302.684298
1754319600000,2.385,2.397,2.378,2.389,95875.092292
1754323200000,2.39,2.417,2.389,2.416,105694.903777
1754326800000,2.416,2.433,2.411,2.415,112808.583702
1754330400000,2.415,2.417,2.403,2.409,240271.56323
1754334000000,2.41,2.41,2.393,2.4,50225.130751
1754337600000,2.4,2.418,2.398,2.414,27958.068634
1754341200000,2.415,2.433,2.414,2.425,88661.67333
1754344800000,2.427,2.439,2.426,2.438,74034.077978
1754348400000,2.436,2.437,2.424,2.427,66109.847726
1754352000000,2.427,2.433,2.415,2.421,138014.500378
1754355600000,2.42,2.428,2.407,2.409,98347.378668
1754359200000,2.41,2.418,2.403,2.408,79291.849024
1754362800000,2.408,2.409,2.382,2.382,166640.015999
1754366400000,2.383,2.394,2.376,2.381,84878.516995
1754370000000,2.382,2.388,2.373,2.386,71523.568148
1754373600000,2.386,2.391,2.367,2.375,94379.449696
1754377200000,2.374,2.379,2.343,2.353,212766.611765
1754380800000,2.354,2.367,2.348,2.363,126581.72895
1754384400000,2.363,2.393,2.363,2.39,91149.469206
1754388000000,2.39,2.413,2.383,2.405,153132.798794
1754391600000,2.409,2.416,2.401,2.406,108691.344799
1754395200000,2.41,2.41,2.361,2.376,152725.235257
1754398800000,2.375,2.395,2.37,2.387,138926.380482
1754402400000,2.388,2.389,2.336,2.344,403883.12966
1754406000000,2.343,2.358,2.315,2.323,193936.068227
1754409600000,2.324,2.343,2.315,2.326,116453.415943
1754413200000,2.325,2.344,2.321,2.342,69976.319507
1754416800000,2.34,2.341,2.306,2.327,66324.673739
1754420400000,2.329,2.333,2.304,2.311,57776.215141
1754424000000,2.311,2.33,2.311,2.311,20969.259079
1754427600000,2.31,2.322,2.3,2.302,72549.637704
1754431200000,2.302,2.321,2.281,2.321,92668.003426
1754434800000,2.32,2.341,2.32,2.334,50999.206555
1754438400000,2.334,2.334,2.302,2.307,79966.957071
1754442000000,2.306,2.312,2.293,2.311,58389.408709
1754445600000,2.311,2.312,2.294,2.299,33035.614637
1754449200000,2.3,2.3,2.284,2.288,38752.589208
1754452800000,2.287,2.293,2.281,2.292,47507.742125
1754456400000,2.291,2.342,2.286,2.326,184518.477765
1754460000000,2.327,2.339,2.316,2.334,56167.673575
1754463600000,2.334,2.348,2.33,2.344,69913.059146
1754467200000,2.343,2.348,2.321,2.33,39818.070611
1754470800000,2.329,2.348,2.324,2.336,29900.418721
1754474400000,2.338,2.341,2.324,2.329,68034.954915
1754478000000,2.331,2.348,2.327,2.334,77931.08682
1754481600000,2.335,2.339,2.312,2.321,63741.147672
1754485200000,2.324,2.338,2.315,2.332,82138.040103
1754488800000,2.33,2.37,2.322,2.368,241975.2548
1754492400000,2.37,2.383,2.356,2.381,158000.927244
1754496000000,2.379,2.386,2.362,2.365,123994.99367
1754499600000,2.366,2.383,2.359,2.381,25683.073144
1754503200000,2.383,2.395,2.373,2.374,59807.494562
1754506800000,2.375,2.38,2.37,2.378,43515.596651
1754510400000,2.379,2.38,2.371,2.376,39664.686903
1754514000000,2.377,2.382,2.368,2.378,25966.125489
1754517600000,2.378,2.383,2.375,2.38,20911.856218
1754521200000,2.379,2.381,2.375,2.378,16391.411235
1754524800000,2.377,2.386,2.372,2.379,47778.0967
1754528400000,2.379,2.401,2.373,2.378,79617.443638
1754532000000,2.377,2.382,2.373,2.378,53006.967027
1754535600000,2.377,2.38,2.369,2.373,53275.865963
1754539200000,2.373,2.387,2.372,2.378,54373.911684
1754542800000,2.377,2.386,2.373,2.385,42307.637921
1754546400000,2.386,2.398,2.383,2.39,108446.132142
1754550000000,2.39,2.395,2.384,2.388,52939.874531
1754553600000,2.389,2.397,2.38,2.381,82834.416631
1754557200000,2.383,2.39,2.378,2.389,78328.031698
1754560800000,2.388,2.438,2.387,2.435,360058.006406
1754564400000,2.435,2.451,2.433,2.449,217921.556343
1754568000000,2.449,2.455,2.435,2.448,157621.638518
1754571600000,2.449,2.456,2.44,2.442,109335.288185
1754575200000,2.444,2.445,2.424,2.431,155142.351058
1754578800000,2.432,2.44,2.423,2.436,82806.090192
1754582400000,2.437,2.44,2.388,2.42,192466.340163
1754586000000,2.42,2.425,2.415,2.421,57221.480489
1754589600000,2.421,2.425,2.407,2.42,157809.283941
1754593200000,2.42,2.448,2.416,2.448,76464.359752
1754596800000,2.448,2.464,2.446,2.46,71237.474207
1754600400000,2.462,2.474,2.454,2.467,52433.814997
1754604000000,2.467,2.486,2.463,2.484,185518.916753
1754607600000,2.485,2.489,2.476,2.489,55937.411391
1754611200000,2.489,2.525,2.446,2.48,2662952.966688
1754614800000,2.48,2.515,2.437,2.476,4126675.58188
1754618400000,2.476,2.485,2.462,2.473,65376.552553
1754622000000,2.476,2.503,2.472,2.488,128091.690197
1754625600000,2.489,2.492,2.471,2.472,50620.979975
1754629200000,2.472,2.478,2.464,2.464,54687.368183
1754632800000,2.465,2.495,2.461,2.493,172238.273362
1754636400000,2.492,2.513,2.476,2.502,228080.408737
1754640000000,2.502,2.515,2.491,2.499,144852.487669
1754643600000,2.498,2.503,2.485,2.501,63721.53373
1754647200000,2.499,2.504,2.487,2.496,43646.990273
1754650800000,2.495,2.502,2.494,2.497,39168.463918
1754654400000,2.496,2.497,2.474,2.475,68698.783961
1754658000000,2.475,2.522,2.474,2.52,392907.403261
1754661600000,2.52,2.532,2.492,2.504,357341.470065
1754665200000,2.504,2.506,2.467,2.486,164647.243958
1754668800000,2.486,2.501,2.484,2.501,75329.675539
1754672400000,2.501,2.55,2.5,2.549,166065.591027
1754676000000,2.549,2.554,2.532,2.541,134140.207436
1754679600000,2.542,2.549,2.534,2.549,74108.733887
1754683200000,2.55,2.553,2.537,2.543,46816.384492
1754686800000,2.544,2.545,2.536,2.542,38597.534362
1754690400000,2.542,2.553,2.535,2.547,93898.63962
1754694000000,2.548,2.556,2.542,2.545,52554.450576
1754697600000,2.546,2.551,2.537,2.543,103124.471773
1754701200000,2.544,2.56,2.539,2.558,65120.860429
1754704800000,2.557,2.57,2.549,2.549,91443.247415
1754708400000,2.549,2.559,2.544,2.553,64578.26838
1754712000000,2.553,2.572,2.545,2.566,146934.729145
1754715600000,2.565,2.61,2.561,2.605,436006.270251
1754719200000,2.605,2.606,2.581,2.587,275618.542177
1754722800000,2.587,2.603,2.583,2.602,77208.627973
1754726400000,2.604,2.61,2.593,2.598,140071.452858
1754730000000,2.598,2.622,2.594,2.613,161265.470991
1754733600000,2.613,2.635,2.612,2.629,292673.026401
1754737200000,2.629,2.644,2.617,2.627,212387.008782
1754740800000,2.628,2.644,2.621,2.64,158035.899654
1754744400000,2.64,2.64,2.61,2.61,174818.960873
1754748000000,2.611,2.618,2.593,2.617,164825.192911
1754751600000,2.618,2.626,2.598,2.621,96844.399948
1754755200000,2.623,2.638,2.62,2.623,175089.429903
1754758800000,2.623,2.637,2.618,2.632,68524.879701
1754762400000,2.632,2.639,2.621,2.635,100328.223748
1754766000000,2.635,2.652,2.633,2.643,93112.073762
1754769600000,2.643,2.664,2.638,2.655,116425.96931
1754773200000,2.657,2.659,2.633,2.641,132388.880451
1754776800000,2.644,2.66,2.632,2.635,154521.578246
1754780400000,2.636,2.639,2.625,2.63,149230.037331
1754784000000,2.63,2.658,2.618,2.648,201172.304527
1754787600000,2.648,2.658,2.633,2.637,183157.529654
1754791200000,2.638,2.641,2.615,2.618,326894.957327
1754794800000,2.618,2.647,2.606,2.644,187500.372298
1754798400000,2.643,2.658,2.632,2.654,134068.021669
1754802000000,2.654,2.655,2.617,2.618,117540.276774
1754805600000,2.618,2.621,2.595,2.605,215765.26462
1754809200000,2.604,2.615,2.558,2.568,302301.308068
1754812800000,2.568,2.592,2.538,2.587,265893.111485
1754816400000,2.588,2.599,2.584,2.592,181825.968098
1754820000000,2.592,2.597,2.561,2.573,124843.710473
1754823600000,2.573,2.584,2.564,2.566,181310.521589
1754827200000,2.566,2.584,2.561,2.583,47863.330428
1754830800000,2.583,2.587,2.555,2.557,103239.893095
1754834400000,2.557,2.608,2.551,2.602,146467.657489
1754838000000,2.602,2.615,2.593,2.603,164291.736899
1754841600000,2.602,2.613,2.597,2.608,43315.950723
1754845200000,2.607,2.617,2.6,2.613,31597.168962
1754848800000,2.614,2.623,2.61,2.623,29139.127639
1754852400000,2.624,2.635,2.62,2.622,34137.954247
1754856000000,2.622,2.626,2.61,2.617,77243.610334
1754859600000,2.616,2.617,2.591,2.615,59687.04631
1754863200000,2.615,2.623,2.602,2.621,32141.430708
1754866800000,2.623,2.628,2.61,2.623,39388.62136
1754870400000,2.623,2.63,2.612,2.612,59352.238563
1754874000000,2.611,2.655,2.609,2.643,99083.0157
1754877600000,2.642,2.682,2.641,2.674,251378.203457
1754881200000,2.674,2.675,2.656,2.662,709393.249636
1754884800000,2.662,2.679,2.649,2.649,144888.234921
1754888400000,2.649,2.655,2.632,2.641,179277.890724
1754892000000,2.642,2.648,2.628,2.637,83847.819871
1754895600000,2.636,2.643,2.598,2.602,266562.513053
1754899200000,2.604,2.623,2.592,2.617,167826.99635
1754902800000,2.617,2.621,2.6,2.606,106414.176718
1754906400000,2.606,2.606,2.577,2.584,183766.683093
1754910000000,2.584,2.584,2.523,2.533,469575.428265
1754913600000,2.533,2.539,2.483,2.505,720104.533476
1754917200000,2.507,2.53,2.483,2.525,465386.571491
1754920800000,2.526,2.551,2.52,2.527,301145.370933
1754924400000,2.528,2.548,2.514,2.546,163563.780844
1754928000000,2.545,2.58,2.541,2.55,265587.11644
1754931600000,2.549,2.56,2.523,2.531,104829.280094
1754935200000,2.531,2.541,2.511,2.531,52344.477334
1754938800000,2.531,2.532,2.496,2.516,72444.614963
1754942400000,2.515,2.516,2.501,2.51,31425.790225
1754946000000,2.509,2.521,2.462,2.481,226638.799907
1754949600000,2.482,2.483,2.45,2.467,282643.747762
1754953200000,2.465,2.479,2.462,2.471,115404.652319
1754956800000,2.47,2.498,2.461,2.491,175849.643119
1754960400000,2.49,2.504,2.482,2.498,102090.074743
1754964000000,2.5,2.519,2.494,2.5,73268.178267
1754967600000,2.499,2.5,2.48,2.485,103655.875705
1754971200000,2.483,2.501,2.482,2.496,105205.97442
1754974800000,2.495,2.495,2.467,2.475,150993.414041
1754978400000,2.475,2.485,2.452,2.473,176280.391479
1754982000000,2.473,2.497,2.472,2.497,142295.61374
1754985600000,2.497,2.498,2.477,2.478,68102.436729
1754989200000,2.477,2.481,2.469,2.472,68637.575264
1754992800000,2.473,2.477,2.457,2.465,89456.805128
1754996400000,2.465,2.482,2.446,2.478,63909.939809
1755000000000,2.478,2.545,2.469,2.526,408843.964432
1755003600000,2.527,2.541,2.499,2.514,266216.349869
1755007200000,2.515,2.543,2.51,2.543,222023.590279
1755010800000,2.543,2.584,2.543,2.583,166360.775649
1755014400000,2.582,2.616,2.575,2.615,250795.400709
1755018000000,2.613,2.638,2.612,2.623,217421.549142
1755021600000,2.625,2.647,2.615,2.622,155215.89581
1755025200000,2.622,2.638,2.62,2.634,143656.548795
1755028800000,2.634,2.661,2.63,2.655,290319.049103
1755032400000,2.655,2.655,2.629,2.633,125297.683785
1755036000000,2.635,2.644,2.628,2.639,102052.174428
1755039600000,2.639,2.643,2.623,2.631,128451.317465
1755043200000,2.631,2.654,2.631,2.645,320335.99684
1755046800000,2.645,2.645,2.61,2.618,293826.704905
1755050400000,2.618,2.644,2.601,2.644,223184.610035
1755054000000,2.645,2.664,2.636,2.654,272452.554141
1755057600000,2.653,2.663,2.644,2.652,230036.88447
1755061200000,2.652,2.654,2.619,2.622,176906.279267
1755064800000,2.623,2.637,2.613,2.63,132270.443209
1755068400000,2.63,2.648,2.628,2.646,233898.594003
1755072000000,2.646,2.677,2.645,2.666,339187.682867
1755075600000,2.666,2.692,2.666,2.69,338148.719927
1755079200000,2.69,2.709,2.685,2.698,360074.420008
1755082800000,2.697,2.705,2.684,2.693,132628.211085
1755086400000,2.694,2.701,2.677,2.68,131165.395896
1755090000000,2.68,2.729,2.678,2.706,367547.938471
1755093600000,2.708,2.721,2.658,2.683,449509.042227
1755097200000,2.683,2.714,2.665,2.699,396685.485498
1755100800000,2.7,2.731,2.695,2.703,226382.638408
1755104400000,2.702,2.722,2.695,2.708,373249.653572
1755108000000,2.707,2.725,2.683,2.693,279991.603329
1755111600000,2.692,2.718,2.688,2.718,115858.632084
1755115200000,2.718,2.727,2.705,2.718,76450.669362
1755118800000,2.717,2.732,2.708,2.716,97121.771638
1755122400000,2.717,2.76,2.712,2.748,213351.226557
1755126000000,2.751,2.757,2.731,2.733,123035.05654
1755129600000,2.734,2.749,2.715,2.719,234569.318583
1755133200000,2.718,2.743,2.706,2.732,204360.693062
1755136800000,2.732,2.758,2.723,2.755,235530.77064
1755140400000,2.755,2.757,2.741,2.747,165944.938171
1755144000000,2.746,2.75,2.717,2.719,224461.789105
1755147600000,2.72,2.726,2.695,2.7,282095.702399
1755151200000,2.7,2.705,2.671,2.7,353754.613298
1755154800000,2.7,2.701,2.67,2.683,192624.426519
1755158400000,2.684,2.684,2.644,2.648,341620.057052
1755162000000,2.648,2.675,2.634,2.671,246538.281184
1755165600000,2.671,2.673,2.633,2.657,267535.754602
1755169200000,2.657,2.667,2.649,2.658,161643.520883
1755172800000,2.658,2.665,2.477,2.537,2556456.209308
1755176400000,2.538,2.571,2.49,2.553,815065.592758
1755180000000,2.553,2.582,2.543,2.562,259838.952317
1755183600000,2.562,2.57,2.536,2.542,206521.498209
1755187200000,2.541,2.541,2.495,2.504,279234.755125
1755190800000,2.504,2.517,2.482,2.51,169941.491242
1755194400000,2.51,2.51,2.473,2.502,233893.761402
1755198000000,2.505,2.52,2.501,2.503,57826.175045
1755201600000,2.501,2.507,2.487,2.507,90727.903928
1755205200000,2.505,2.512,2.454,2.482,229709.224725
1755208800000,2.481,2.501,2.467,2.5,104590.703511
1755212400000,2.499,2.516,2.499,2.507,119647.647239
1755216000000,2.508,2.518,2.49,2.499,153534.712787
1755219600000,2.498,2.522,2.492,2.518,128201.779372
1755223200000,2.518,2.523,2.513,2.516,106764.025639
1755226800000,2.515,2.545,2.512,2.538,93550.018153
1755230400000,2.536,2.544,2.52,2.521,127333.371846
1755234000000,2.521,2.531,2.511,2.531,56316.05655
1755237600000,2.53,2.56,2.529,2.541,203105.210298
1755241200000,2.54,2.543,2.516,2.528,207314.770201
1755244800000,2.528,2.532,2.517,2.521,145075.277743
1755248400000,2.522,2.529,2.495,2.504,175689.141679
1755252000000,2.505,2.524,2.503,2.511,88780.68872
1755255600000,2.512,2.516,2.499,2.506,48666.439707
1755259200000,2.506,2.536,2.488,2.508,253068.07257
1755262800000,2.507,2.511,2.477,2.487,299530.673833
1755266400000,2.486,2.501,2.453,2.462,240892.060251
1755270000000,2.46,2.464,2.407,2.427,776850.646748
1755273600000,2.426,2.438,2.402,2.432,381407.828639
1755277200000,2.431,2.457,2.416,2.443,196976.038808
1755280800000,2.443,2.447,2.422,2.43,193825.682377
1755284400000,2.432,2.447,2.421,2.426,51130.718742
1755288000000,2.427,2.448,2.419,2.448,105031.863046
1755291600000,2.449,2.459,2.438,2.458,68190.60859
1755295200000,2.458,2.481,2.454,2.48,85211.160835
1755298800000,2.48,2.484,2.454,2.466,51388.968241
1755302400000,2.465,2.492,2.461,2.491,140159.332992
1755306000000,2.492,2.497,2.481,2.492,147117.553866
1755309600000,2.493,2.497,2.48,2.485,91085.212254
1755313200000,2.486,2.492,2.476,2.477,49102.487913
1755316800000,2.478,2.492,2.475,2.491,60614.325757
1755320400000,2.491,2.492,2.478,2.479,83873.183535
1755324000000,2.479,2.484,2.474,2.477,103649.977509
1755327600000,2.478,2.499,2.477,2.494,87067.91275
1755331200000,2.495,2.498,2.488,2.488,213922.831359
1755334800000,2.489,2.505,2.475,2.475,128732.535874
1755338400000,2.476,2.486,2.47,2.475,108150.557838
1755342000000,2.476,2.492,2.467,2.467,62153.495484
1755345600000,2.467,2.489,2.464,2.488,82365.357208
1755349200000,2.489,2.502,2.478,2.479,108695.013018
1755352800000,2.48,2.514,2.476,2.511,99420.331598
1755356400000,2.511,2.54,2.508,2.523,168250.057156
1755360000000,2.522,2.53,2.51,2.516,61682.597692
1755363600000,2.515,2.517,2.502,2.508,46613.915663
1755367200000,2.506,2.521,2.503,2.506,31515.014923
1755370800000,2.507,2.521,2.507,2.511,20379.51735
1755374400000,2.51,2.525,2.509,2.523,26438.663601
1755378000000,2.525,2.525,2.515,2.515,28186.412762
1755381600000,2.516,2.537,2.512,2.534,29216.505863
1755385200000,2.534,2.534,2.523,2.532,36129.219254
1755388800000,2.533,2.536,2.524,2.527,60950.294132
1755392400000,2.527,2.529,2.516,2.522,107242.322988
1755396000000,2.522,2.536,2.513,2.536,52505.737915
1755399600000,2.536,2.54,2.528,2.53,43078.863459
1755403200000,2.53,2.546,2.528,2.545,177457.42187
1755406800000,2.545,2.559,2.541,2.544,146669.939833
1755410400000,2.545,2.559,2.543,2.544,54521.037912
1755414000000,2.545,2.559,2.54,2.549,163781.265099
1755417600000,2.549,2.571,2.544,2.568,73391.909927
1755421200000,2.568,2.582,2.564,2.582,98616.696742
1755424800000,2.582,2.584,2.568,2.574,78170.893806
1755428400000,2.575,2.581,2.565,2.579,111487.868001
1755432000000,2.579,2.583,2.566,2.568,77953.532938
1755435600000,2.568,2.576,2.558,2.571,104589.364147
1755439200000,2.57,2.593,2.561,2.593,114596.698553
1755442800000,2.593,2.62,2.584,2.62,402811.157919
1755446400000,2.619,2.63,2.585,2.593,215012.55388
1755450000000,2.593,2.598,2.584,2.584,60631.061164
1755453600000,2.584,2.591,2.539,2.567,203846.750467
1755457200000,2.568,2.576,2.554,2.556,73087.284894
1755460800000,2.557,2.571,2.556,2.557,82566.922159
1755464400000,2.556,2.566,2.551,2.557,85516.24551
1755468000000,2.558,2.582,2.553,2.576,88837.877925
1755471600000,2.577,2.577,2.552,2.557,150626.205807
1755475200000,2.558,2.563,2.535,2.552,101067.06454
1755478800000,2.551,2.553,2.508,2.514,273630.463018
1755482400000,2.514,2.517,2.471,2.476,724357.214241
1755486000000,2.475,2.484,2.45,2.473,281727.796754
1755489600000,2.472,2.489,2.46,2.486,182661.060399
1755493200000,2.487,2.494,2.457,2.484,137069.672638
1755496800000,2.484,2.485,2.431,2.45,285604.682707
1755500400000,2.45,2.461,2.442,2.452,138552.129458
1755504000000,2.453,2.458,2.434,2.435,91905.153104
1755507600000,2.435,2.462,2.419,2.451,316706.394249
1755511200000,2.451,2.46,2.445,2.45,133187.250613
1755514800000,2.45,2.454,2.443,2.449,79643.313737
1755518400000,2.448,2.484,2.445,2.483,186613.162543
1755522000000,2.484,2.493,2.454,2.455,223040.476475
1755525600000,2.455,2.476,2.447,2.476,173060.223086
1755529200000,2.476,2.481,2.451,2.472,123936.593644
1755532800000,2.472,2.481,2.444,2.448,138938.741325
1755536400000,2.446,2.486,2.445,2.467,113120.58888
1755540000000,2.468,2.48,2.458,2.478,39278.546536
1755543600000,2.478,2.484,2.466,2.472,38112.733751
1755547200000,2.471,2.478,2.457,2.47,35563.664452
1755550800000,2.471,2.492,2.468,2.489,39755.838288
1755554400000,2.49,2.513,2.489,2.491,147733.631128
1755558000000,2.49,2.494,2.467,2.469,72498.68085
1755561600000,2.47,2.489,2.435,2.489,216371.296405
1755565200000,2.489,2.499,2.456,2.459,169828.245742
1755568800000,2.46,2.463,2.447,2.452,83011.70177
1755572400000,2.452,2.453,2.403,2.41,385405.79061
1755576000000,2.41,2.431,2.386,2.431,400796.3007
1755579600000,2.431,2.436,2.419,2.421,101386.269767
1755583200000,2.42,2.428,2.41,2.422,89719.9923
1755586800000,2.422,2.423,2.401,2.418,105652.506977
1755590400000,2.418,2.435,2.403,2.425,98639.770657
1755594000000,2.425,2.449,2.424,2.44,95019.219143
1755597600000,2.44,2.455,2.436,2.447,56651.408002
1755601200000,2.448,2.455,2.444,2.455,41800.447381
1755604800000,2.454,2.455,2.436,2.444,108387.349592
1755608400000,2.444,2.458,2.414,2.436,224316.430324
1755612000000,2.437,2.444,2.382,2.397,306237.772393
1755615600000,2.398,2.42,2.385,2.394,216907.026938
1755619200000,2.395,2.4,2.37,2.376,251466.29326
1755622800000,2.377,2.395,2.357,2.393,173625.827491
1755626400000,2.392,2.392,2.355,2.368,240650.920216
1755630000000,2.367,2.389,2.351,2.372,169812.837216
1755633600000,2.371,2.39,2.36,2.39,47168.973787
1755637200000,2.39,2.391,2.38,2.391,24603.114958
1755640800000,2.391,2.394,2.378,2.384,38120.5605
1755644400000,2.384,2.384,2.355,2.36,90704.060136
1755648000000,2.361,2.383,2.36,2.376,242434.535434
1755651600000,2.377,2.386,2.35,2.375,260917.696869
1755655200000,2.376,2.384,2.363,2.365,167930.544091
1755658800000,2.366,2.382,2.357,2.369,98735.70297
1755662400000,2.369,2.389,2.369,2.383,71581.246653
1755666000000,2.383,2.39,2.374,2.389,28382.218071
1755669600000,2.391,2.392,2.373,2.379,58813.018615
1755673200000,2.379,2.392,2.377,2.378,63641.219638
1755676800000,2.379,2.408,2.378,2.408,94904.405466
1755680400000,2.408,2.409,2.394,2.399,92548.0247
1755684000000,2.398,2.411,2.397,2.404,46030.143312
1755687600000,2.405,2.407,2.365,2.395,117083.430429
1755691200000,2.395,2.412,2.39,2.395,110815.070903
1755694800000,2.391,2.395,2.351,2.359,191548.87904
1755698400000,2.359,2.41,2.334,2.399,444711.12789
1755702000000,2.397,2.44,2.394,2.415,308961.106782
1755705600000,2.418,2.444,2.416,2.423,289378.737294
1755709200000,2.425,2.449,2.421,2.44,149522.724811
1755712800000,2.439,2.439,2.397,2.417,122951.888268
1755716400000,2.417,2.451,2.415,2.45,84419.497904
1755720000000,2.451,2.451,2.439,2.441,202812.176807
1755723600000,2.443,2.449,2.43,2.442,83519.643654
1755727200000,2.443,2.449,2.437,2.448,82123.88489
1755730800000,2.447,2.447,2.433,2.437,62408.711244
1755734400000,2.437,2.442,2.426,2.439,89412.440215
1755738000000,2.44,2.461,2.431,2.459,83441.401171
1755741600000,2.46,2.464,2.423,2.434,94463.35553
1755745200000,2.435,2.462,2.435,2.44,119181.998489
1755748800000,2.441,2.448,2.434,2.44,68396.90658
1755752400000,2.44,2.447,2.432,2.445,44011.691831
1755756000000,2.446,2.446,2.426,2.431,51736.566502
1755759600000,2.431,2.435,2.414,2.433,123355.268662
1755763200000,2.432,2.437,2.413,2.413,132064.743816
1755766800000,2.413,2.416,2.401,2.406,134496.979522
1755770400000,2.406,2.412,2.401,2.407,62376.809794
1755774000000,2.406,2.413,2.393,2.402,130507.851812
1755777600000,2.4,2.409,2.38,2.391,115229.406431
1755781200000,2.391,2.419,2.386,2.401,153843.128923
1755784800000,2.402,2.429,2.388,2.397,159002.000497
1755788400000,2.396,2.401,2.376,2.383,127575.926765
1755792000000,2.383,2.402,2.379,2.381,70821.416153
1755795600000,2.382,2.398,2.375,2.394,30390.245802
1755799200000,2.395,2.413,2.391,2.412,31091.358061
1755802800000,2.411,2.418,2.39,2.393,26793.2039
1755806400000,2.397,2.413,2.385,2.402,47083.323313
1755810000000,2.403,2.418,2.39,2.411,48614.982791
1755813600000,2.411,2.418,2.407,2.416,61700.228416
1755817200000,2.415,2.415,2.385,2.394,51070.425705
1755820800000,2.395,2.406,2.385,2.388,39319.368255
1755824400000,2.388,2.399,2.377,2.396,77067.056539
1755828000000,2.395,2.419,2.393,2.405,259894.907943
1755831600000,2.406,2.412,2.383,2.387,105094.41365
1755835200000,2.389,2.409,2.389,2.393,68787.844645
1755838800000,2.394,2.402,2.388,2.398,64949.726917
1755842400000,2.397,2.406,2.384,2.388,113154.147841
1755846000000,2.387,2.407,2.385,2.401,109332.347746
1755849600000,2.4,2.411,2.392,2.393,91300.096053
1755853200000,2.393,2.399,2.387,2.395,53028.053775
1755856800000,2.396,2.396,2.376,2.38,128673.927099
1755860400000,2.38,2.381,2.358,2.358,196358.473211
1755864000000,2.359,2.359,2.306,2.327,502451.966188
1755867600000,2.326,2.358,2.312,2.337,175485.353519
1755871200000,2.337,2.46,2.337,2.45,2053488.513685
1755874800000,2.449,2.501,2.449,2.476,602019.822762
1755878400000,2.476,2.549,2.476,2.532,710997.54796
1755882000000,2.532,2.572,2.532,2.544,407784.466314
1755885600000,2.544,2.572,2.541,2.566,215849.006724
1755889200000,2.568,2.582,2.561,2.574,118044.518242
1755892800000,2.576,2.594,2.576,2.591,167938.443837
1755896400000,2.592,2.614,2.589,2.598,321990.83361
1755900000000,2.598,2.604,2.568,2.576,426595.438881
1755903600000,2.576,2.59,2.567,2.578,320539.370689
1755907200000,2.578,2.585,2.556,2.56,215907.310094
1755910800000,2.559,2.566,2.518,2.534,243196.665401
1755914400000,2.538,2.544,2.485,2.509,286638.481479
1755918000000,2.509,2.523,2.501,2.515,94368.895999
1755921600000,2.517,2.55,2.517,2.548,111785.559472
1755925200000,2.548,2.561,2.541,2.56,95867.714938
1755928800000,2.559,2.561,2.548,2.555,92742.237047
1755932400000,2.555,2.561,2.533,2.537,70921.645343
1755936000000,2.539,2.549,2.528,2.535,62784.844921
1755939600000,2.535,2.551,2.53,2.549,69119.904254
1755943200000,2.548,2.551,2.535,2.538,78662.719568
1755946800000,2.537,2.542,2.527,2.531,94119.8993
1755950400000,2.531,2.539,2.523,2.525,136315.837676
1755954000000,2.525,2.531,2.509,2.511,185247.380047
1755957600000,2.511,2.534,2.508,2.516,231223.146068
1755961200000,2.517,2.53,2.515,2.525,76480.514834
1755964800000,2.527,2.528,2.51,2.514,72176.477675
1755968400000,2.513,2.522,2.511,2.513,46807.508791
1755972000000,2.513,2.52,2.512,2.517,27930.368124
1755975600000,2.518,2.538,2.516,2.538,25160.347415
1755979200000,2.538,2.539,2.523,2.529,31542.170523
1755982800000,2.529,2.53,2.515,2.519,67435.26228
1755986400000,2.519,2.544,2.519,2.534,288890.361342
1755990000000,2.535,2.538,2.523,2.528,126823.789383
1755993600000,2.529,2.537,2.522,2.523,104427.733294
1755997200000,2.523,2.523,2.503,2.505,102697.625444
1756000800000,2.505,2.513,2.497,2.498,159542.72595
1756004400000,2.499,2.502,2.485,2.497,141765.969674
1756008000000,2.497,2.503,2.487,2.493,85923.715616
1756011600000,2.493,2.493,2.475,2.478,164004.367035
1756015200000,2.478,2.479,2.444,2.446,340059.290023
1756018800000,2.446,2.461,2.441,2.444,206442.019327
1756022400000,2.444,2.454,2.437,2.445,139755.898268
1756026000000,2.446,2.452,2.434,2.438,109042.431465
1756029600000,2.437,2.437,2.398,2.399,332045.649526
1756033200000,2.398,2.416,2.392,2.407,378467.457146
1756036800000,2.407,2.413,2.4,2.406,113370.662281
1756040400000,2.407,2.415,2.401,2.403,134175.482554
1756044000000,2.402,2.417,2.396,2.413,223167.40655
1756047600000,2.412,2.441,2.407,2.41,290014.518628
1756051200000,2.41,2.419,2.396,2.408,147291.244265
1756054800000,2.406,2.457,2.406,2.448,195190.192386
1756058400000,2.446,2.53,2.442,2.519,291929.728897
1756062000000,2.521,2.548,2.409,2.461,1136269.855494
1756065600000,2.462,2.467,2.406,2.44,496168.035699
1756069200000,2.44,2.456,2.422,2.426,153159.431467
1756072800000,2.426,2.43,2.388,2.426,186214.124562
1756076400000,2.427,2.438,2.42,2.426,62404.937781
1756080000000,2.426,2.44,2.372,2.394,236403.204016
1756083600000,2.392,2.422,2.388,2.414,120961.921977
1756087200000,2.412,2.445,2.411,2.438,116581.258159
1756090800000,2.437,2.448,2.41,2.414,106537.488493
1756094400000,2.415,2.419,2.383,2.386,343035.788889
1756098000000,2.386,2.39,2.355,2.356,467047.050471
1756101600000,2.356,2.359,2.315,2.316,486509.801373
1756105200000,2.316,2.331,2.294,2.304,608567.274768
1756108800000,2.304,2.322,2.283,2.318,456788.658547
1756112400000,2.318,2.322,2.305,2.317,131803.618506
1756116000000,2.317,2.317,2.277,2.291,275002.817226
1756119600000,2.29,2.308,2.288,2.306,130404.446713
1756123200000,2.306,2.309,2.293,2.307,130958.135956
1756126800000,2.306,2.307,2.28,2.296,332807.15694
1756130400000,2.297,2.311,2.289,2.297,260340.76914
1756134000000,2.296,2.301,2.27,2.276,371667.11474
1756137600000,2.276,2.292,2.265,2.269,242895.369644
1756141200000,2.268,2.273,2.246,2.266,256373.151527
1756144800000,2.266,2.274,2.256,2.263,97335.648668
1756148400000,2.263,2.267,2.218,2.222,572136.51165
1756152000000,2.222,2.228,2.147,2.155,1411048.537812
1756155600000,2.155,2.175,2.137,2.157,487138.427576
1756159200000,2.158,2.194,2.156,2.182,669314.322434
1756162800000,2.182,2.19,2.17,2.185,205792.974148
1756166400000,2.185,2.203,2.174,2.192,378327.413438
1756170000000,2.192,2.227,2.185,2.225,198366.645982
1756173600000,2.225,2.236,2.218,2.225,101340.481598
1756177200000,2.224,2.233,2.216,2.225,115633.214398
1756180800000,2.227,2.235,2.225,2.229,81018.458988
1756184400000,2.229,2.237,2.225,2.226,60704.910068
1756188000000,2.226,2.238,2.222,2.231,102063.725367
1756191600000,2.231,2.255,2.225,2.242,157400.266949
1756195200000,2.241,2.252,2.234,2.247,92627.668159
1756198800000,2.247,2.263,2.247,2.263,301013.781354
1756202400000,2.264,2.306,2.263,2.305,327774.834611
1756206000000,2.304,2.31,2.259,2.269,250133.267006
1756209600000,2.27,2.338,2.266,2.322,524993.667935
1756213200000,2.322,2.341,2.283,2.307,650691.390001
1756216800000,2.307,2.324,2.287,2.318,168778.748029
1756220400000,2.317,2.327,2.292,2.299,151617.042685
1756224000000,2.299,2.333,2.299,2.332,190520.855336
1756227600000,2.332,2.333,2.309,2.323,76716.813067
1756231200000,2.324,2.331,2.316,2.326,67118.598743
1756234800000,2.327,2.352,2.322,2.347,84565.539376
1756238400000,2.347,2.359,2.336,2.34,182899.629524
1756242000000,2.339,2.34,2.326,2.338,57898.510031
1756245600000,2.339,2.342,2.323,2.329,80737.65504
1756249200000,2.329,2.339,2.32,2.323,186394.761647
1756252800000,2.323,2.326,2.303,2.307,158084.056479
1756256400000,2.307,2.318,2.301,2.317,127269.750836
1756260000000,2.318,2.326,2.305,2.322,110612.395308
1756263600000,2.322,2.339,2.31,2.329,125004.295544
1756267200000,2.329,2.341,2.324,2.336,81450.139187
1756270800000,2.336,2.337,2.317,2.32,134986.650792
1756274400000,2.321,2.323,2.307,2.308,58674.446166
1756278000000,2.307,2.308,2.292,2.299,159955.781351
1756281600000,2.299,2.31,2.29,2.309,77247.955229
1756285200000,2.309,2.319,2.307,2.307,74779.098318
1756288800000,2.306,2.312,2.3,2.301,80025.635125
1756292400000,2.302,2.31,2.298,2.308,52877.334742
1756296000000,2.306,2.312,2.295,2.304,90514.322689
1756299600000,2.304,2.331,2.295,2.313,406484.228687
1756303200000,2.314,2.341,2.304,2.319,189245.050591
1756306800000,2.321,2.336,2.319,2.333,136390.524403
1756310400000,2.335,2.336,2.305,2.327,352362.637451
1756314000000,2.326,2.343,2.318,2.337,73736.337763
1756317600000,2.337,2.349,2.331,2.332,93864.359061
1756321200000,2.332,2.341,2.311,2.331,143608.412516
1756324800000,2.331,2.353,2.306,2.348,671422.622164
1756328400000,2.348,2.351,2.314,2.32,99707.624548
1756332000000,2.32,2.32,2.295,2.312,120464.402857
1756335600000,2.311,2.318,2.302,2.308,33839.833556
1756339200000,2.309,2.317,2.288,2.304,130126.216206
1756342800000,2.304,2.327,2.303,2.322,64623.587722
1756346400000,2.324,2.332,2.309,2.31,78104.233112
1756350000000,2.312,2.321,2.307,2.317,32869.612818
1756353600000,2.317,2.332,2.311,2.328,84794.315986
1756357200000,2.328,2.335,2.321,2.329,101224.728433
1756360800000,2.328,2.331,2.322,2.331,22160.2569
1756364400000,2.331,2.333,2.318,2.329,148398.18699
1756368000000,2.329,2.352,2.329,2.341,290586.564044
1756371600000,2.342,2.343,2.327,2.332,64237.507296
1756375200000,2.332,2.345,2.325,2.34,230274.703733
1756378800000,2.34,2.341,2.323,2.335,105304.475571
1756382400000,2.336,2.348,2.333,2.34,127917.095631
1756386000000,2.34,2.351,2.334,2.35,178360.556882
1756389600000,2.351,2.392,2.346,2.386,506588.434098
1756393200000,2.388,2.402,2.359,2.363,383629.363438
1756396800000,2.364,2.38,2.315,2.316,241508.267014
1756400400000,2.315,2.34,2.309,2.336,122768.756333
1756404000000,2.335,2.351,2.326,2.343,135745.991129
1756407600000,2.345,2.355,2.321,2.321,56017.597014
1756411200000,2.322,2.341,2.315,2.338,59070.300748
1756414800000,2.338,2.368,2.338,2.367,79817.138349
1756418400000,2.367,2.398,2.366,2.395,219986.853125
1756422000000,2.395,2.396,2.374,2.383,164961.989554
1756425600000,2.382,2.399,2.373,2.375,137691.139232
1756429200000,2.376,2.377,2.348,2.355,139404.722654
1756432800000,2.356,2.376,2.351,2.369,137367.067903
1756436400000,2.37,2.377,2.362,2.367,42922.749677
1756440000000,2.367,2.372,2.354,2.359,23073.059081
1756443600000,2.36,2.371,2.357,2.363,42057.748839
1756447200000,2.362,2.367,2.335,2.348,169319.681913
1756450800000,2.348,2.349,2.3,2.305,622992.977001
1756454400000,2.305,2.312,2.261,2.266,383821.067127
1756458000000,2.264,2.288,2.245,2.286,214990.050343
1756461600000,2.286,2.304,2.286,2.294,110131.187133
1756465200000,2.293,2.301,2.284,2.286,70320.659447
1756468800000,2.287,2.344,2.285,2.312,404935.094885
1756472400000,2.312,2.313,2.255,2.281,349734.591639
1756476000000,2.283,2.296,2.246,2.279,467081.256222
1756479600000,2.28,2.296,2.265,2.271,111991.613311
1756483200000,2.271,2.277,2.249,2.266,144970.061238
1756486800000,2.265,2.265,2.243,2.251,93664.389548
1756490400000,2.25,2.257,2.229,2.233,153600.420623
1756494000000,2.234,2.267,2.231,2.256,91151.713477
1756497600000,2.258,2.26,2.239,2.242,82724.505245
1756501200000,2.243,2.272,2.232,2.27,54827.765225
1756504800000,2.272,2.272,2.255,2.269,41962.931315
1756508400000,2.27,2.274,2.265,2.27,44598.042323
1756512000000,2.271,2.277,2.262,2.267,39933.386555
1756515600000,2.268,2.275,2.231,2.234,253605.740772
1756519200000,2.235,2.269,2.231,2.267,170556.104188
1756522800000,2.268,2.302,2.268,2.295,155300.29263
1756526400000,2.299,2.3,2.287,2.288,64136.859055
1756530000000,2.288,2.3,2.286,2.291,51814.998091
1756533600000,2.292,2.297,2.284,2.29,94781.131276
1756537200000,2.29,2.306,2.289,2.304,122580.535089
1756540800000,2.304,2.305,2.294,2.296,42390.893864
1756544400000,2.297,2.297,2.285,2.289,71204.505516
1756548000000,2.29,2.299,2.288,2.298,49138.872804
1756551600000,2.298,2.303,2.29,2.3,70402.106896
1756555200000,2.301,2.301,2.275,2.281,62265.611983
1756558800000,2.282,2.282,2.26,2.279,174700.388062
1756562400000,2.278,2.28,2.268,2.279,69041.138008
1756566000000,2.279,2.297,2.274,2.29,73646.396998
1756569600000,2.287,2.29,2.274,2.275,105310.940832
1756573200000,2.274,2.281,2.269,2.274,55712.161899
1756576800000,2.272,2.277,2.266,2.273,23416.510277
1756580400000,2.273,2.281,2.268,2.281,27783.849429
1756584000000,2.281,2.281,2.266,2.273,20822.376602
1756587600000,2.272,2.28,2.27,2.277,56485.76268
1756591200000,2.278,2.293,2.269,2.292,55215.082252
1756594800000,2.291,2.299,2.287,2.29,55765.654714
1756598400000,2.291,2.325,2.29,2.325,287090.910024
1756602000000,2.325,2.333,2.318,2.327,213846.190591
1756605600000,2.328,2.336,2.325,2.332,86215.598922
1756609200000,2.333,2.342,2.328,2.34,175584.491758
1756612800000,2.34,2.342,2.315,2.319,126613.381566
1756616400000,2.319,2.32,2.308,2.313,117585.258264
1756620000000,2.314,2.315,2.299,2.301,71990.591834
1756623600000,2.302,2.312,2.301,2.304,33238.407649
1756627200000,2.305,2.321,2.304,2.32,42298.727795
1756630800000,2.32,2.32,2.3,2.3,82783.009687
1756634400000,2.303,2.303,2.289,2.295,86291.8021
1756638000000,2.295,2.304,2.291,2.304,113857.718449
1756641600000,2.305,2.312,2.296,2.311,47654.353892
1756645200000,2.309,2.315,2.299,2.304,52462.889889
1756648800000,2.305,2.307,2.291,2.299,45010.087958
1756652400000,2.3,2.315,2.3,2.311,70867.179179
1756656000000,2.309,2.31,2.299,2.303,27422.832369
1756659600000,2.302,2.305,2.297,2.3,24989.82932
1756663200000,2.3,2.312,2.299,2.312,21031.600589
1756666800000,2.311,2.312,2.296,2.297,41510.25323
1756670400000,2.298,2.308,2.295,2.305,28555.548363
1756674000000,2.305,2.313,2.302,2.308,23235.345888
1756677600000,2.31,2.31,2.288,2.295,40037.491308
1756681200000,2.293,2.294,2.266,2.27,242544.41635
1756684800000,2.27,2.273,2.243,2.262,277837.680742
1756688400000,2.261,2.277,2.251,2.266,124849.357238
1756692000000,2.265,2.267,2.227,2.236,212135.126437
1756695600000,2.236,2.249,2.23,2.246,128536.006408
1756699200000,2.245,2.248,2.223,2.233,257332.501296
1756702800000,2.234,2.248,2.22,2.244,259476.35637
1756706400000,2.243,2.252,2.227,2.248,166591.2915
1756710000000,2.249,2.365,2.235,2.361,910077.113905
1756713600000,2.362,2.513,2.329,2.504,4354070.809229
1756717200000,2.502,2.515,2.421,2.438,1299625.731404
1756720800000,2.438,2.444,2.383,2.401,930029.114268
1756724400000,2.401,2.421,2.369,2.386,619092.557775
1756728000000,2.386,2.402,2.351,2.354,358863.512644
1756731600000,2.354,2.357,2.329,2.342,448725.021421
1756735200000,2.341,2.355,2.32,2.339,243864.222306
1756738800000,2.338,2.345,2.313,2.32,217848.686273
1756742400000,2.318,2.321,2.293,2.31,287480.647269
1756746000000,2.31,2.321,2.296,2.307,136495.226976
1756749600000,2.305,2.323,2.303,2.313,55646.005565
1756753200000,2.313,2.333,2.308,2.331,78322.431731
1756756800000,2.331,2.332,2.253,2.278,686720.174706
1756760400000,2.277,2.279,2.242,2.264,446994.816787
1756764000000,2.262,2.273,2.242,2.26,265386.064742
1756767600000,2.258,2.291,2.258,2.287,134714.185282
1756771200000,2.287,2.291,2.252,2.258,280983.555377
1756774800000,2.257,2.286,2.253,2.269,154460.665306
1756778400000,2.268,2.294,2.261,2.293,235650.752882
1756782000000,2.294,2.303,2.284,2.288,184968.669719
1756785600000,2.288,2.29,2.276,2.287,143044.216151
1756789200000,2.287,2.29,2.279,2.287,108282.885675
1756792800000,2.286,2.288,2.28,2.283,229010.087274
1756796400000,2.283,2.283,2.26,2.263,194330.568528
1756800000000,2.263,2.276,2.259,2.268,186007.329188
1756803600000,2.268,2.279,2.267,2.279,94561.174832
1756807200000,2.279,2.281,2.269,2.276,72926.425179
1756810800000,2.276,2.276,2.266,2.267,45166.60519
1756814400000,2.268,2.268,2.216,2.222,479288.893316
1756818000000,2.222,2.283,2.218,2.28,430949.745071
1756821600000,2.28,2.291,2.264,2.278,556896.669859
1756825200000,2.278,2.279,2.234,2.239,276978.131701
1756828800000,2.24,2.258,2.233,2.252,143743.661011
1756832400000,2.253,2.266,2.25,2.257,115569.778793
1756836000000,2.257,2.257,2.227,2.246,70116.204727
1756839600000,2.247,2.258,2.226,2.235,56208.795628
1756843200000,2.237,2.27,2.231,2.267,82407.881039
1756846800000,2.266,2.282,2.261,2.281,149088.892657
1756850400000,2.28,2.28,2.268,2.277,80707.63786
1756854000000,2.278,2.281,2.266,2.27,94892.907085
1756857600000,2.271,2.278,2.263,2.268,105321.016836
1756861200000,2.268,2.279,2.258,2.278,76256.46215
1756864800000,2.279,2.286,2.271,2.277,96084.599654
1756868400000,2.277,2.279,2.269,2.279,65827.440106
1756872000000,2.279,2.282,2.271,2.28,42915.911678
1756875600000,2.28,2.281,2.271,2.274,48218.513783
1756879200000,2.275,2.275,2.261,2.266,68622.714956
1756882800000,2.266,2.27,2.256,2.268,134600.358567
1756886400000,2.266,2.278,2.261,2.265,111519.175918
1756890000000,2.265,2.276,2.257,2.276,105648.225552
1756893600000,2.277,2.282,2.271,2.273,55220.396072
1756897200000,2.272,2.284,2.271,2.277,135170.514346
1756900800000,2.277,2.286,2.269,2.274,59037.09961
1756904400000,2.275,2.299,2.274,2.292,184344.313303
1756908000000,2.292,2.32,2.287,2.319,237995.520762
1756911600000,2.319,2.329,2.314,2.322,129552.233101
1756915200000,2.322,2.335,2.314,2.317,176249.202027
1756918800000,2.317,2.331,2.316,2.321,78533.265021
1756922400000,2.322,2.326,2.318,2.326,59841.630054
1756926000000,2.326,2.33,2.321,2.33,109910.124116
1756929600000,2.331,2.337,2.325,2.336,67574.446728
1756933200000,2.336,2.353,2.33,2.353,107969.45969
1756936800000,2.351,2.359,2.333,2.339,198445.669053
1756940400000,2.339,2.344,2.324,2.33,134536.331584
1756944000000,2.33,2.336,2.322,2.334,101157.856016
1756947600000,2.334,2.334,2.322,2.332,81621.07803
1756951200000,2.333,2.334,2.306,2.31,127518.854435
1756954800000,2.311,2.312,2.289,2.292,183512.810672
1756958400000,2.292,2.297,2.285,2.286,79138.605689
1756962000000,2.286,2.286,2.256,2.263,319510.901681
1756965600000,2.262,2.267,2.251,2.257,130608.958194
1756969200000,2.257,2.275,2.257,2.272,98223.935581
1756972800000,2.272,2.279,2.262,2.262,70256.684675
1756976400000,2.263,2.273,2.263,2.273,74788.081235
1756980000000,2.273,2.284,2.271,2.275,114584.848051
1756983600000,2.274,2.284,2.27,2.27,95429.474078
1756987200000,2.27,2.283,2.261,2.279,105180.336065
1756990800000,2.279,2.284,2.266,2.272,75546.938161
1756994400000,2.272,2.274,2.243,2.255,297017.852735
1756998000000,2.255,2.256,2.238,2.247,165982.127017
1757001600000,2.247,2.252,2.236,2.247,125023.085841
1757005200000,2.249,2.26,2.244,2.246,99287.339637
1757008800000,2.246,2.255,2.233,2.243,203547.497029
1757012400000,2.243,2.25,2.236,2.239,33890.242698
1757016000000,2.239,2.259,2.237,2.256,49660.964029
1757019600000,2.256,2.271,2.255,2.27,78372.037618
1757023200000,2.27,2.278,2.263,2.277,38178.791099
1757026800000,2.277,2.282,2.263,2.264,86113.013607
1757030400000,2.264,2.277,2.263,2.268,61081.27593
1757034000000,2.269,2.288,2.267,2.283,167160.359909
1757037600000,2.284,2.288,2.279,2.284,116683.745953
1757041200000,2.285,2.285,2.276,2.283,67942.671042
1757044800000,2.284,2.286,2.277,2.283,75121.672147
1757048400000,2.283,2.293,2.28,2.291,60634.650889
1757052000000,2.291,2.296,2.285,2.295,62467.461993
1757055600000,2.296,2.332,2.296,2.328,322618.823805
1757059200000,2.326,2.328,2.311,2.322,226657.642524
1757062800000,2.322,2.323,2.307,2.322,181390.438657
1757066400000,2.321,2.326,2.319,2.32,69922.852171
1757070000000,2.32,2.329,2.32,2.322,201730.979758
1757073600000,2.322,2.374,2.32,2.372,837064.865994
1757077200000,2.373,2.382,2.345,2.353,312457.506906
1757080800000,2.355,2.355,2.293,2.31,818000.569536
1757084400000,2.31,2.328,2.303,2.317,101698.846462
1757088000000,2.317,2.324,2.311,2.317,43674.93179
1757091600000,2.317,2.317,2.304,2.311,46687.754253
1757095200000,2.31,2.321,2.301,2.319,43606.938301
1757098800000,2.318,2.334,2.316,2.334,39699.149654
1757102400000,2.334,2.354,2.334,2.353,44260.136484
1757106000000,2.354,2.358,2.331,2.335,160652.787148
1757109600000,2.336,2.357,2.333,2.355,88705.643261
1757113200000,2.356,2.357,2.342,2.344,67626.301563
1757116800000,2.345,2.355,2.336,2.34,173181.678341
1757120400000,2.34,2.342,2.333,2.335,98229.215406
1757124000000,2.336,2.339,2.316,2.323,137412.552395
1757127600000,2.324,2.333,2.321,2.328,249611.659392
1757131200000,2.328,2.33,2.307,2.317,170271.656422
1757134800000,2.317,2.319,2.311,2.318,84950.47641
1757138400000,2.317,2.323,2.315,2.319,31868.845177
1757142000000,2.319,2.321,2.315,2.318,37510.765447
1757145600000,2.318,2.321,2.311,2.318,46670.861111
1757149200000,2.317,2.319,2.301,2.307,69018.640669
1757152800000,2.306,2.317,2.302,2.317,59393.98741
1757156400000,2.316,2.32,2.311,2.32,42548.859178
1757160000000,2.319,2.324,2.312,2.314,46196.431035
1757163600000,2.314,2.315,2.308,2.314,28617.894607
1757167200000,2.314,2.326,2.312,2.323,95032.409367
1757170800000,2.322,2.322,2.311,2.311,50852.292843
1757174400000,2.313,2.34,2.31,2.334,91496.687249
1757178000000,2.334,2.335,2.32,2.329,68176.681215
1757181600000,2.328,2.334,2.324,2.331,37450.189343
1757185200000,2.331,2.332,2.313,2.316,33408.766776
1757188800000,2.316,2.324,2.313,2.324,28775.259575
1757192400000,2.325,2.33,2.32,2.33,20374.870001
1757196000000,2.33,2.337,2.327,2.331,15922.548149
1757199600000,2.331,2.332,2.324,2.326,32396.170183
1757203200000,2.327,2.334,2.325,2.332,33470.228895
1757206800000,2.333,2.357,2.331,2.352,233025.242622
1757210400000,2.354,2.371,2.35,2.368,202258.665244
1757214000000,2.368,2.368,2.355,2.357,86239.947476
1757217600000,2.358,2.365,2.357,2.363,66985.068596
1757221200000,2.364,2.434,2.357,2.412,689879.475397
1757224800000,2.413,2.417,2.358,2.366,520460.117227
1757228400000,2.367,2.384,2.364,2.374,73873.826517
1757232000000,2.375,2.384,2.373,2.38,102391.295488
1757235600000,2.381,2.385,2.362,2.372,96736.00706
1757239200000,2.373,2.375,2.368,2.371,49242.552911
1757242800000,2.372,2.379,2.368,2.378,82162.144196
1757246400000,2.378,2.379,2.371,2.378,24847.97405
1757250000000,2.38,2.395,2.379,2.395,116609.319596
1757253600000,2.395,2.401,2.386,2.394,147229.02405
1757257200000,2.394,2.394,2.382,2.388,61725.578235
1757260800000,2.387,2.389,2.373,2.383,58567.414128
1757264400000,2.382,2.387,2.371,2.38,113148.257345
1757268000000,2.381,2.39,2.365,2.374,130501.855012
1757271600000,2.374,2.384,2.369,2.381,66539.956642
1757275200000,2.381,2.389,2.375,2.388,57842.307337
1757278800000,2.389,2.395,2.385,2.385,85905.340357
1757282400000,2.384,2.406,2.383,2.405,130729.731334
1757286000000,2.405,2.411,2.392,2.395,96658.168998
1757289600000,2.394,2.398,2.383,2.388,71062.512838
1757293200000,2.388,2.393,2.379,2.387,101186.246418
1757296800000,2.388,2.414,2.385,2.413,119894.745385
1757300400000,2.414,2.428,2.41,2.418,179670.708215
1757304000000,2.419,2.42,2.4,2.411,110957.539877
1757307600000,2.412,2.415,2.401,2.41,77566.092633
1757311200000,2.41,2.466,2.398,2.422,553752.498629
1757314800000,2.422,2.432,2.41,2.414,90535.060336
1757318400000,2.415,2.427,2.412,2.418,58610.766012
1757322000000,2.416,2.433,2.416,2.428,226101.450272
1757325600000,2.428,2.434,2.422,2.423,120012.693613
1757329200000,2.424,2.424,2.407,2.421,252914.98307
1757332800000,2.421,2.429,2.414,2.425,65237.668992
1757336400000,2.426,2.44,2.417,2.42,163009.029609
1757340000000,2.42,2.442,2.419,2.44,185787.487497
1757343600000,2.44,2.455,2.44,2.447,210123.009578
1757347200000,2.447,2.455,2.437,2.44,174590.20771
1757350800000,2.44,2.458,2.437,2.44,120009.4737
1757354400000,2.44,2.448,2.432,2.445,57470.696778
1757358000000,2.444,2.444,2.42,2.429,97271.816718
1757361600000,2.43,2.435,2.421,2.43,31891.398407
1757365200000,2.43,2.445,2.425,2.444,46074.29364
1757368800000,2.445,2.45,2.441,2.445,71330.96184
1757372400000,2.445,2.446,2.433,2.439,53984.519582
1757376000000,2.439,2.459,2.435,2.449,192175.045996
1757379600000,2.448,2.456,2.432,2.436,203556.068856
1757383200000,2.436,2.437,2.408,2.417,236142.529191
1757386800000,2.417,2.448,2.411,2.446,92594.182708
1757390400000,2.446,2.452,2.437,2.448,106031.104411
1757394000000,2.448,2.453,2.437,2.453,93633.890952
1757397600000,2.453,2.496,2.452,2.486,393197.838055
1757401200000,2.486,2.497,2.476,2.485,222496.465097
1757404800000,2.486,2.49,2.479,2.484,213709.62215
1757408400000,2.484,2.497,2.478,2.492,151621.090357
1757412000000,2.492,2.503,2.478,2.481,326346.742011
1757415600000,2.482,2.492,2.478,2.485,144728.096812
1757419200000,2.486,2.499,2.465,2.472,256967.95676
1757422800000,2.472,2.48,2.46,2.476,188947.043396
1757426400000,2.477,2.482,2.426,2.45,720781.185435
1757430000000,2.45,2.454,2.42,2.437,179165.618909
1757433600000,2.436,2.438,2.417,2.432,176684.304866
1757437200000,2.432,2.468,2.429,2.436,374228.479271
1757440800000,2.437,2.446,2.43,2.44,69556.335122
1757444400000,2.439,2.447,2.436,2.44,41147.514758
1757448000000,2.439,2.443,2.432,2.441,47242.13291
1757451600000,2.441,2.455,2.437,2.438,72774.12964
1757455200000,2.439,2.456,2.436,2.456,38725.473617
1757458800000,2.457,2.466,2.45,2.451,167783.221141
1757462400000,2.451,2.454,2.434,2.436,89794.377564
1757466000000,2.435,2.455,2.432,2.447,66709.395871
1757469600000,2.447,2.47,2.447,2.46,196841.90719
1757473200000,2.461,2.468,2.456,2.468,64317.308617
1757476800000,2.469,2.469,2.457,2.464,62656.045193
1757480400000,2.464,2.464,2.447,2.454,96461.373918
1757484000000,2.454,2.464,2.445,2.461,125631.883283
1757487600000,2.461,2.477,2.457,2.466,126726.180996
1757491200000,2.467,2.472,2.456,2.459,159885.903873
1757494800000,2.46,2.465,2.452,2.461,189731.639724
1757498400000,2.461,2.463,2.444,2.447,140680.809535
1757502000000,2.446,2.453,2.437,2.452,102197.11744
1757505600000,2.452,2.493,2.451,2.491,355086.537034
1757509200000,2.491,2.507,2.479,2.499,573043.653635
1757512800000,2.499,2.508,2.487,2.49,190066.076102
1757516400000,2.49,2.503,2.487,2.493,146363.357468
1757520000000,2.493,2.503,2.474,2.5,242510.68169
1757523600000,2.501,2.505,2.479,2.493,121837.292579
1757527200000,2.493,2.493,2.478,2.489,114965.290777
1757530800000,2.489,2.489,2.45,2.46,192791.018317
1757534400000,2.46,2.472,2.458,2.47,31393.135624
1757538000000,2.469,2.487,2.469,2.487,42645.398991
1757541600000,2.485,2.492,2.48,2.484,51199.850114
1757545200000,2.485,2.497,2.482,2.49,72416.169038
1757548800000,2.49,2.504,2.484,2.5,139747.750189
1757552400000,2.5,2.509,2.498,2.505,57426.291467
1757556000000,2.506,2.507,2.496,2.496,79006.579435
1757559600000,2.496,2.509,2.491,2.506,98293.638294
1757563200000,2.507,2.528,2.503,2.524,177534.794072
1757566800000,2.524,2.535,2.512,2.522,221944.036333
1757570400000,2.521,2.534,2.514,2.532,122850.232343
1757574000000,2.532,2.538,2.526,2.533,166250.341065
1757577600000,2.533,2.534,2.522,2.525,87911.004296
1757581200000,2.525,2.525,2.51,2.517,191052.714729
1757584800000,2.517,2.52,2.51,2.514,93755.929596
1757588400000,2.514,2.518,2.497,2.499,123885.033637
1757592000000,2.5,2.532,2.464,2.501,902406.895247
1757595600000,2.502,2.515,2.477,2.515,355571.434469
1757599200000,2.516,2.518,2.483,2.496,185551.172477
1757602800000,2.496,2.5,2.481,2.485,75350.030292
1757606400000,2.484,2.498,2.484,2.494,70412.754568
1757610000000,2.493,2.505,2.491,2.505,72045.517468
1757613600000,2.505,2.51,2.498,2.506,124305.405074
1757617200000,2.505,2.52,2.504,2.516,74991.218176
1757620800000,2.517,2.527,2.511,2.522,64256.056374
1757624400000,2.522,2.526,2.518,2.525,77041.62937
1757628000000,2.526,2.54,2.522,2.535,138772.859921
1757631600000,2.534,2.542,2.534,2.537,83674.593729
1757635200000,2.537,2.561,2.531,2.548,213772.624546
1757638800000,2.548,2.555,2.533,2.534,144407.205096
1757642400000,2.534,2.544,2.529,2.532,74094.63483
1757646000000,2.533,2.535,2.518,2.527,85988.971782
1757649600000,2.529,2.534,2.521,2.528,66816.66967
1757653200000,2.528,2.548,2.523,2.545,58791.044411
1757656800000,2.546,2.55,2.536,2.539,80005.997133
1757660400000,2.538,2.545,2.526,2.53,70970.824855
1757664000000,2.53,2.531,2.514,2.518,101433.865878
1757667600000,2.519,2.52,2.505,2.51,103016.736216
1757671200000,2.51,2.51,2.493,2.504,203844.090897
1757674800000,2.503,2.51,2.481,2.484,124323.803365
1757678400000,2.484,2.497,2.472,2.494,207215.98353
1757682000000,2.494,2.508,2.49,2.506,83624.82184
1757685600000,2.506,2.519,2.494,2.502,133753.053222
1757689200000,2.503,2.505,2.479,2.488,227561.419631
1757692800000,2.488,2.512,2.486,2.512,92755.540374
1757696400000,2.513,2.541,2.508,2.537,139758.682667
1757700000000,2.537,2.547,2.531,2.544,65198.512305
1757703600000,2.544,2.557,2.538,2.555,143111.658204
1757707200000,2.555,2.557,2.536,2.554,205041.278959
1757710800000,2.554,2.554,2.541,2.548,184540.782999
1757714400000,2.548,2.574,2.548,2.561,258236.408972
1757718000000,2.561,2.563,2.553,2.56,113134.960482
1757721600000,2.56,2.562,2.544,2.558,135558.706957
1757725200000,2.558,2.574,2.558,2.561,170645.095615
1757728800000,2.559,2.58,2.556,2.578,150643.027457
1757732400000,2.578,2.592,2.575,2.589,114852.365882
1757736000000,2.589,2.589,2.571,2.572,92661.911585
1757739600000,2.572,2.578,2.565,2.574,89875.819529
1757743200000,2.575,2.583,2.571,2.577,119496.468519
1757746800000,2.575,2.576,2.565,2.567,70793.385393
1757750400000,2.567,2.582,2.564,2.582,135710.777996
1757754000000,2.582,2.606,2.581,2.597,329538.485181
1757757600000,2.597,2.618,2.592,2.613,330291.763627
1757761200000,2.613,2.63,2.598,2.629,320506.465372
1757764800000,2.628,2.642,2.623,2.633,237584.325136
1757768400000,2.633,2.649,2.577,2.613,499956.267068
1757772000000,2.613,2.631,2.593,2.615,207024.415245
1757775600000,2.617,2.631,2.6,2.61,138828.220981
1757779200000,2.61,2.622,2.59,2.599,222677.277103
1757782800000,2.6,2.617,2.565,2.617,289539.47771
1757786400000,2.615,2.616,2.599,2.609,59987.985786
1757790000000,2.61,2.613,2.598,2.606,102014.774108
1757793600000,2.607,2.63,2.606,2.623,56058.111271
1757797200000,2.622,2.634,2.621,2.626,81197.84456
1757800800000,2.627,2.635,2.618,2.62,46206.365047
1757804400000,2.621,2.624,2.613,2.621,77027.551474
1757808000000,2.619,2.624,2.596,2.601,90899.192363
1757811600000,2.6,2.603,2.574,2.602,163603.572239
1757815200000,2.603,2.624,2.6,2.615,208862.148576
1757818800000,2.616,2.622,2.582,2.585,181139.888282
1757822400000,2.585,2.591,2.558,2.587,217291.49778
1757826000000,2.587,2.612,2.586,2.609,56396.352455
1757829600000,2.609,2.613,2.586,2.597,114962.408232
1757833200000,2.597,2.603,2.58,2.588,65553.617921
1757836800000,2.586,2.594,2.576,2.584,32865.845386
1757840400000,2.581,2.6,2.576,2.6,39951.23379
1757844000000,2.599,2.6,2.581,2.583,24841.550502
1757847600000,2.582,2.586,2.537,2.54,311167.96775
1757851200000,2.541,2.555,2.512,2.527,188548.75131
1757854800000,2.526,2.533,2.486,2.503,412978.098472
1757858400000,2.504,2.52,2.475,2.493,255802.83462
1757862000000,2.49,2.503,2.476,2.494,138331.876351
1757865600000,2.494,2.525,2.488,2.514,487129.74168
1757869200000,2.514,2.532,2.512,2.526,188729.459343
1757872800000,2.525,2.526,2.512,2.517,789359.244772
1757876400000,2.517,2.525,2.51,2.514,123692.753184
1757880000000,2.515,2.529,2.514,2.521,61189.660399
1757883600000,2.52,2.536,2.51,2.529,116188.94027
1757887200000,2.531,2.544,2.525,2.536,109842.20323
1757890800000,2.536,2.536,2.51,2.516,209018.537183
1757894400000,2.516,2.534,2.515,2.516,32131.316911
1757898000000,2.516,2.541,2.5,2.532,1547348.580686
1757901600000,2.532,2.55,2.527,2.527,91332.232634
1757905200000,2.528,2.545,2.527,2.539,65705.166809
1757908800000,2.539,2.55,2.531,2.537,67606.617018
1757912400000,2.537,2.556,2.535,2.554,104759.51603
1757916000000,2.555,2.555,2.506,2.516,171452.23395
1757919600000,2.516,2.535,2.484,2.488,271056.553018
1757923200000,2.488,2.489,2.406,2.415,898029.532976
1757926800000,2.414,2.443,2.409,2.441,141755.237924
1757930400000,2.44,2.44,2.415,2.429,67095.457558
1757934000000,2.429,2.435,2.415,2.428,100112.654103
1757937600000,2.426,2.431,2.406,2.41,109179.084007
1757941200000,2.409,2.43,2.398,2.415,233835.284543
1757944800000,2.417,2.423,2.394,2.398,183196.741589
1757948400000,2.4,2.413,2.375,2.391,534297.651361
1757952000000,2.39,2.403,2.372,2.385,304850.867191
1757955600000,2.385,2.406,2.382,2.406,94273.043786
1757959200000,2.405,2.405,2.397,2.402,69336.379551
1757962800000,2.402,2.412,2.391,2.405,43818.243137
1757966400000,2.406,2.414,2.401,2.411,49638.875814
1757970000000,2.411,2.419,2.405,2.416,50098.011908
1757973600000,2.417,2.42,2.406,2.409,156864.560517
1757977200000,2.408,2.416,2.405,2.414,91509.699524
1757980800000,2.413,2.414,2.404,2.412,78232.073368
1757984400000,2.412,2.424,2.403,2.404,75623.486028
1757988000000,2.405,2.415,2.4,2.4,68520.867847
1757991600000,2.401,2.407,2.398,2.398,62864.325125
1757995200000,2.398,2.4,2.375,2.397,112852.228378
1757998800000,2.398,2.414,2.395,2.414,71954.788748
1758002400000,2.415,2.42,2.398,2.403,93899.127171
1758006000000,2.403,2.419,2.403,2.413,44746.026589
1758009600000,2.414,2.435,2.414,2.432,185196.586151
1758013200000,2.432,2.436,2.42,2.429,67910.629167
1758016800000,2.429,2.432,2.42,2.421,53613.35121
1758020400000,2.421,2.428,2.414,2.426,47829.455907
1758024000000,2.426,2.44,2.424,2.436,87871.639493
1758027600000,2.435,2.461,2.422,2.444,420789.086356
1758031200000,2.445,2.445,2.41,2.442,112683.76113
1758034800000,2.442,2.464,2.431,2.462,128860.69202
1758038400000,2.463,2.467,2.446,2.452,114209.436036
1758042000000,2.452,2.508,2.452,2.502,263937.916833
1758045600000,2.504,2.553,2.502,2.542,549854.475076
1758049200000,2.542,2.605,2.542,2.596,727330.446032
1758052800000,2.598,2.652,2.575,2.638,1254403.81111
1758056400000,2.638,2.651,2.6,2.608,574344.917067
1758060000000,2.609,2.611,2.568,2.57,550713.303267
1758063600000,2.57,2.581,2.548,2.557,623091.034142
1758067200000,2.558,2.587,2.557,2.568,640567.446445
1758070800000,2.568,2.572,2.536,2.546,494681.508337
1758074400000,2.547,2.559,2.544,2.55,136095.06448
1758078000000,2.549,2.571,2.548,2.565,327787.705549
1758081600000,2.566,2.579,2.546,2.553,221891.361423
1758085200000,2.552,2.558,2.524,2.549,227812.334886
1758088800000,2.548,2.562,2.543,2.562,117385.427097
1758092400000,2.56,2.56,2.54,2.544,92174.19139
1758096000000,2.544,2.544,2.516,2.524,304812.642421
1758099600000,2.523,2.523,2.497,2.499,361626.57041
1758103200000,2.499,2.509,2.477,2.489,341524.813324
1758106800000,2.488,2.504,2.486,2.495,113120.646466
1758110400000,2.496,2.508,2.488,2.506,155345.357786
1758114000000,2.507,2.512,2.485,2.49,266751.806526
1758117600000,2.49,2.493,2.467,2.476,304416.905555
1758121200000,2.475,2.484,2.471,2.475,82212.413609
1758124800000,2.473,2.5,2.457,2.498,174812.327699
1758128400000,2.498,2.521,2.465,2.47,328034.883662
1758132000000,2.47,2.524,2.465,2.493,657379.765614
1758135600000,2.493,2.54,2.493,2.537,263307.119258
1758139200000,2.539,2.565,2.526,2.529,148933.423424
1758142800000,2.529,2.559,2.512,2.553,143040.122195
1758146400000,2.554,2.587,2.554,2.582,375388.414828
1758150000000,2.582,2.588,2.563,2.569,218359.802693
1758153600000,2.57,2.574,2.552,2.559,222986.961075
1758157200000,2.559,2.573,2.558,2.566,186699.399281
1758160800000,2.567,2.569,2.555,2.569,125132.590691
1758164400000,2.569,2.586,2.563,2.581,419538.417729
1758168000000,2.581,2.584,2.567,2.58,152986.629692
1758171600000,2.58,2.58,2.56,2.568,154977.369354
1758175200000,2.569,2.57,2.535,2.54,540820.73542
1758178800000,2.541,2.552,2.53,2.542,295433.167378
1758182400000,2.542,2.568,2.534,2.562,286052.809773
1758186000000,2.561,2.565,2.545,2.548,340420.469116
1758189600000,2.548,2.552,2.528,2.532,306256.35038
1758193200000,2.532,2.542,2.53,2.536,139428.366736
1758196800000,2.537,2.552,2.531,2.545,177121.170444
1758200400000,2.544,2.56,2.534,2.551,402831.568204
1758204000000,2.551,2.564,2.547,2.559,144970.964667
1758207600000,2.559,2.567,2.552,2.558,117079.692246
1758211200000,2.558,2.574,2.554,2.566,161547.489293
1758214800000,2.566,2.582,2.566,2.579,256961.789455
1758218400000,2.579,2.588,2.578,2.581,63922.655282
1758222000000,2.581,2.582,2.558,2.574,88897.935178
1758225600000,2.574,2.58,2.568,2.578,98231.696634
1758229200000,2.578,2.588,2.573,2.583,92511.443795
1758232800000,2.583,2.585,2.57,2.574,128157.556391
1758236400000,2.574,2.579,2.56,2.576,225690.478177
1758240000000,2.576,2.61,2.576,2.609,679407.657395
1758243600000,2.609,2.61,2.59,2.595,237544.946579
1758247200000,2.594,2.603,2.575,2.577,130600.298953
1758250800000,2.577,2.585,2.547,2.556,216206.763262
1758254400000,2.557,2.567,2.53,2.566,330583.811424
1758258000000,2.567,2.57,2.545,2.559,120062.964747
1758261600000,2.558,2.559,2.534,2.534,103453.018827
1758265200000,2.535,2.558,2.532,2.541,96188.603938
1758268800000,2.539,2.557,2.535,2.545,45664.360529
1758272400000,2.546,2.57,2.514,2.533,257147.232444
1758276000000,2.533,2.539,2.524,2.531,87867.12
1758279600000,2.531,2.531,2.495,2.508,288024.140331
1758283200000,2.508,2.522,2.505,2.511,90652.020725
1758286800000,2.511,2.53,2.509,2.52,185885.117272
1758290400000,2.521,2.526,2.487,2.499,190704.465469
1758294000000,2.499,2.5,2.467,2.491,345480.612837
1758297600000,2.491,2.503,2.491,2.499,58109.454398
1758301200000,2.499,2.499,2.472,2.475,78844.148436
1758304800000,2.475,2.481,2.457,2.469,194509.84789
1758308400000,2.47,2.481,2.464,2.465,37053.712843
1758312000000,2.465,2.476,2.463,2.463,35660.860503
1758315600000,2.463,2.481,2.455,2.476,102398.630421
1758319200000,2.477,2.482,2.469,2.469,110048.690592
1758322800000,2.47,2.471,2.428,2.448,363925.525549
1758326400000,2.448,2.465,2.44,2.465,100353.086592
1758330000000,2.464,2.465,2.451,2.456,50027.914822
1758333600000,2.456,2.462,2.434,2.46,67633.437857
1758337200000,2.461,2.461,2.447,2.456,44227.309499
1758340800000,2.456,2.463,2.451,2.461,78421.167199
1758344400000,2.462,2.473,2.459,2.472,60725.447516
1758348000000,2.471,2.474,2.46,2.468,63393.282869
1758351600000,2.469,2.477,2.462,2.477,44742.104582
1758355200000,2.478,2.478,2.455,2.455,84318.180563
1758358800000,2.456,2.462,2.44,2.446,75875.000999
1758362400000,2.446,2.453,2.437,2.438,43119.100786
1758366000000,2.438,2.452,2.432,2.451,92634.121496
1758369600000,2.451,2.451,2.44,2.447,96997.709136
1758373200000,2.447,2.45,2.434,2.443,109469.789298
1758376800000,2.443,2.465,2.43,2.463,140735.692246
1758380400000,2.463,2.48,2.462,2.47,88177.723301
1758384000000,2.47,2.475,2.46,2.472,50882.575926
1758387600000,2.473,2.473,2.456,2.458,30999.333628
1758391200000,2.458,2.458,2.441,2.445,64170.157277
1758394800000,2.443,2.454,2.441,2.448,16870.259505
1758398400000,2.448,2.459,2.446,2.457,24964.682591
1758402000000,2.456,2.463,2.453,2.454,42653.673384
1758405600000,2.454,2.457,2.448,2.452,14104.180319
1758409200000,2.452,2.452,2.441,2.446,48477.809215
1758412800000,2.445,2.457,2.441,2.449,53484.390266
1758416400000,2.448,2.452,2.437,2.44,43618.066596
1758420000000,2.44,2.45,2.425,2.45,111607.453475
1758423600000,2.448,2.455,2.444,2.455,124333.475655
1758427200000,2.454,2.454,2.445,2.453,56227.848863
1758430800000,2.454,2.467,2.448,2.467,50061.119147
1758434400000,2.467,2.478,2.467,2.467,162507.54878
1758438000000,2.468,2.475,2.463,2.467,43085.303125
1758441600000,2.468,2.47,2.452,2.456,26413.19811
1758445200000,2.456,2.457,2.413,2.434,611873.286444
1758448800000,2.434,2.441,2.425,2.426,306688.406549
1758452400000,2.425,2.438,2.422,2.43,67699.661581
1758456000000,2.431,2.448,2.429,2.436,78297.442591
1758459600000,2.437,2.445,2.433,2.44,61059.639343
1758463200000,2.44,2.442,2.428,2.43,47989.684478
1758466800000,2.428,2.439,2.421,2.424,93042.80828
1758470400000,2.425,2.43,2.401,2.413,214442.973958
1758474000000,2.413,2.425,2.392,2.425,214046.123041
1758477600000,2.426,2.431,2.419,2.431,126399.000583
1758481200000,2.431,2.431,2.41,2.424,53309.683337
1758484800000,2.424,2.424,2.412,2.414,37568.58085
1758488400000,2.414,2.421,2.408,2.414,39186.053711
1758492000000,2.414,2.424,2.399,2.421,136681.06041
1758495600000,2.421,2.421,2.398,2.399,212697.441977
1758499200000,2.4,2.412,2.328,2.345,1147210.81994
1758502800000,2.345,2.364,2.335,2.348,265384.535364
1758506400000,2.348,2.359,2.306,2.338,635230.325943
1758510000000,2.338,2.351,2.336,2.343,182935.365427
1758513600000,2.345,2.353,2.336,2.342,295685.660087
1758517200000,2.342,2.345,2.297,2.3,643342.0797
1758520800000,2.302,2.305,2.156,2.271,3376824.131835
1758524400000,2.27,2.281,2.262,2.262,352965.017697
1758528000000,2.262,2.272,2.241,2.264,230105.289889
1758531600000,2.263,2.268,2.239,2.245,210851.968677
1758535200000,2.245,2.269,2.244,2.267,171333.518708
1758538800000,2.266,2.269,2.252,2.255,134755.269622
1758542400000,2.255,2.267,2.249,2.261,162266.932554
1758546000000,2.26,2.273,2.253,2.272,201584.50461
1758549600000,2.272,2.276,2.247,2.253,285786.765196
1758553200000,2.252,2.255,2.236,2.241,268301.175556
1758556800000,2.241,2.255,2.236,2.242,244531.9582
1758560400000,2.243,2.253,2.231,2.249,272484.163433
1758564000000,2.249,2.255,2.243,2.243,107386.660602
1758567600000,2.243,2.247,2.224,2.23,169655.311364
1758571200000,2.231,2.252,2.228,2.248,76993.225284
1758574800000,2.249,2.264,2.243,2.261,50212.291859
1758578400000,2.26,2.262,2.254,2.259,60366.944656
1758582000000,2.259,2.268,2.258,2.263,71224.48358
1758585600000,2.263,2.271,2.255,2.257,182786.748156
1758589200000,2.258,2.261,2.24,2.24,118579.14528
1758592800000,2.241,2.253,2.23,2.231,150718.325834
1758596400000,2.232,2.264,2.215,2.257,283436.175622
1758600000000,2.258,2.264,2.24,2.249,186747.558564
1758603600000,2.249,2.257,2.24,2.247,110359.120358
1758607200000,2.246,2.274,2.245,2.27,147491.494584
1758610800000,2.27,2.274,2.26,2.26,108975.581636
1758614400000,2.262,2.274,2.26,2.27,69038.996594
1758618000000,2.269,2.279,2.261,2.268,136271.400756
1758621600000,2.268,2.286,2.263,2.281,142962.07993
1758625200000,2.281,2.281,2.27,2.274,100599.741729
1758628800000,2.274,2.283,2.27,2.276,87509.687807
1758632400000,2.276,2.279,2.265,2.271,76803.194511
1758636000000,2.271,2.29,2.267,2.271,159965.935655
1758639600000,2.27,2.283,2.256,2.275,137415.097784
1758643200000,2.275,2.286,2.259,2.277,110081.121584
1758646800000,2.276,2.277,2.244,2.248,135401.585954
1758650400000,2.247,2.255,2.236,2.242,92247.597548
1758654000000,2.242,2.256,2.231,2.235,89243.435503
1758657600000,2.235,2.251,2.233,2.251,64572.03644
1758661200000,2.251,2.263,2.243,2.259,77552.775524
1758664800000,2.26,2.261,2.246,2.249,90249.24701
1758668400000,2.249,2.255,2.236,2.24,38879.609014
1758672000000,2.241,2.26,2.238,2.249,65337.079484
1758675600000,2.249,2.274,2.243,2.271,101933.404677
1758679200000,2.272,2.273,2.256,2.268,60445.930146
1758682800000,2.267,2.268,2.228,2.236,121164.706462
1758686400000,2.237,2.267,2.204,2.251,427015.978328
1758690000000,2.25,2.268,2.249,2.266,100624.394317
1758693600000,2.266,2.274,2.261,2.27,95871.529239
1758697200000,2.271,2.273,2.259,2.267,104655.533589
1758700800000,2.267,2.271,2.262,2.27,107025.311562
1758704400000,2.27,2.278,2.266,2.27,65543.036552
1758708000000,2.27,2.273,2.264,2.272,108947.586676
1758711600000,2.272,2.283,2.269,2.276,103332.544348
1758715200000,2.277,2.284,2.273,2.275,108415.912391
1758718800000,2.276,2.283,2.262,2.264,163626.931428
1758722400000,2.263,2.298,2.263,2.288,118148.966235
1758726000000,2.288,2.29,2.271,2.272,208940.604437
1758729600000,2.272,2.279,2.266,2.274,70556.357798
1758733200000,2.274,2.28,2.272,2.274,48140.301152
1758736800000,2.274,2.276,2.253,2.259,79303.420454
1758740400000,2.259,2.262,2.249,2.256,57443.669899
1758744000000,2.256,2.258,2.236,2.244,166280.185761
1758747600000,2.244,2.251,2.215,2.224,230664.314722
1758751200000,2.224,2.239,2.222,2.231,179744.783197
1758754800000,2.23,2.235,2.216,2.228,185251.436426
1758758400000,2.229,2.232,2.215,2.22,146264.682802
1758762000000,2.217,2.227,2.209,2.217,177586.71429
1758765600000,2.217,2.241,2.203,2.231,230967.573015
1758769200000,2.231,2.231,2.2,2.216,312981.401992
1758772800000,2.215,2.22,2.168,2.187,456214.079352
1758776400000,2.185,2.213,2.175,2.207,174862.180065
1758780000000,2.207,2.208,2.189,2.19,109825.970611
1758783600000,2.189,2.21,2.188,2.201,71819.69099
1758787200000,2.202,2.211,2.191,2.203,85099.627531
1758790800000,2.202,2.215,2.194,2.196,133671.66778
1758794400000,2.196,2.209,2.192,2.194,56111.289874
1758798000000,2.194,2.2,2.18,2.19,130629.131456
1758801600000,2.19,2.207,2.151,2.198,588085.950255
1758805200000,2.198,2.212,2.181,2.195,267909.997503
1758808800000,2.197,2.225,2.197,2.204,182823.644698
1758812400000,2.204,2.207,2.188,2.197,105317.574722
1758816000000,2.197,2.202,2.161,2.165,238878.487044
1758819600000,2.165,2.167,2.086,2.104,1233359.921015
1758823200000,2.103,2.159,2.096,2.158,520188.505058
1758826800000,2.157,2.168,2.138,2.141,173186.477332
1758830400000,2.143,2.146,2.112,2.122,165172.621597
1758834000000,2.122,2.141,2.111,2.134,105047.74101
1758837600000,2.133,2.145,2.118,2.124,143606.888136
1758841200000,2.124,2.136,2.103,2.121,251333.075959
1758844800000,2.121,2.15,2.116,2.146,187563.529793
1758848400000,2.146,2.153,2.137,2.144,108291.548534
1758852000000,2.144,2.155,2.136,2.142,80578.549224
1758855600000,2.143,2.151,2.137,2.148,81854.080111
1758859200000,2.149,2.152,2.136,2.139,54474.585966
1758862800000,2.139,2.152,2.133,2.138,169647.898503
1758866400000,2.139,2.149,2.127,2.132,144458.469137
1758870000000,2.132,2.144,2.123,2.136,110301.838692
1758873600000,2.136,2.142,2.133,2.136,99185.485306
1758877200000,2.137,2.141,2.117,2.125,146500.115247
1758880800000,2.126,2.126,2.099,2.108,296318.821467
1758884400000,2.105,2.125,2.098,2.119,113087.087679
1758888000000,2.119,2.146,2.101,2.136,150475.139733
1758891600000,2.136,2.158,2.124,2.151,363031.893077
1758895200000,2.151,2.155,2.13,2.139,221405.509457
1758898800000,2.139,2.156,2.138,2.149,117639.680286
1758902400000,2.149,2.176,2.148,2.175,139867.213882
1758906000000,2.175,2.193,2.172,2.191,143466.690902
1758909600000,2.19,2.204,2.187,2.195,88218.508485
1758913200000,2.196,2.197,2.177,2.186,76544.711452
1758916800000,2.186,2.191,2.18,2.182,57881.176735
1758920400000,2.18,2.193,2.178,2.193,63061.45749
1758924000000,2.194,2.199,2.19,2.191,36968.45446
1758927600000,2.191,2.197,2.188,2.197,128070.062338
1758931200000,2.197,2.198,2.19,2.196,72395.777883
1758934800000,2.197,2.197,2.186,2.191,29395.435205
1758938400000,2.191,2.195,2.187,2.189,57582.432157
1758942000000,2.188,2.196,2.185,2.187,64699.012353
1758945600000,2.186,2.191,2.184,2.188,31762.93671
1758949200000,2.189,2.193,2.18,2.191,101061.615728
1758952800000,2.19,2.193,2.184,2.191,34031.179861
1758956400000,2.193,2.197,2.183,2.187,123165.119577
1758960000000,2.187,2.197,2.179,2.18,311712.383068
1758963600000,2.181,2.188,2.166,2.185,84578.08056
1758967200000,2.186,2.198,2.182,2.189,47172.973361
1758970800000,2.189,2.192,2.187,2.19,40062.526739
1758974400000,2.192,2.198,2.183,2.195,246549.036206
1758978000000,2.193,2.196,2.187,2.191,23812.943734
1758981600000,2.192,2.198,2.189,2.191,63808.493214
1758985200000,2.19,2.196,2.177,2.194,84075.607913
1758988800000,2.194,2.195,2.181,2.184,71556.120138
1758992400000,2.183,2.183,2.166,2.181,83903.554485
1758996000000,2.181,2.181,2.171,2.18,15260.578969
1758999600000,2.18,2.187,2.178,2.185,27563.633328
1759003200000,2.185,2.191,2.182,2.188,25451.095644
1759006800000,2.187,2.195,2.183,2.193,33464.051493
1759010400000,2.193,2.211,2.192,2.197,76373.720157
1759014000000,2.197,2.2,2.189,2.19,47661.619698
1759017600000,2.191,2.193,2.181,2.182,47084.533038
1759021200000,2.182,2.182,2.165,2.17,89724.709135
1759024800000,2.17,2.174,2.161,2.168,63968.901413
1759028400000,2.169,2.173,2.16,2.166,36830.507034
1759032000000,2.166,2.171,2.162,2.167,207997.047078
1759035600000,2.167,2.167,2.154,2.157,149801.680696
1759039200000,2.158,2.162,2.14,2.15,128589.842177
1759042800000,2.151,2.16,2.145,2.153,97673.969504
1759046400000,2.154,2.158,2.141,2.144,132054.783485
1759050000000,2.144,2.151,2.136,2.142,86793.71706
1759053600000,2.143,2.146,2.13,2.143,64552.527677
1759057200000,2.143,2.147,2.133,2.139,45937.003291
1759060800000,2.14,2.141,2.125,2.134,88177.818189
1759064400000,2.134,2.165,2.13,2.161,148835.108106
1759068000000,2.161,2.169,2.157,2.167,125643.869513
1759071600000,2.167,2.169,2.161,2.164,42841.448653
1759075200000,2.165,2.181,2.158,2.167,117282.850166
1759078800000,2.168,2.179,2.162,2.17,98440.606388
1759082400000,2.17,2.177,2.168,2.177,21472.155621
1759086000000,2.178,2.181,2.169,2.18,44975.392867
1759089600000,2.18,2.194,2.178,2.182,200649.300163
1759093200000,2.183,2.195,2.18,2.186,75325.313987
1759096800000,2.187,2.221,2.187,2.213,198831.085194
1759100400000,2.214,2.219,2.206,2.216,143293.44541
1759104000000,2.215,2.216,2.201,2.202,74063.085356
1759107600000,2.202,2.206,2.194,2.194,124781.428024
1759111200000,2.194,2.206,2.19,2.2,45016.45221
1759114800000,2.2,2.202,2.192,2.201,25064.926642
1759118400000,2.202,2.203,2.186,2.19,48094.409235
1759122000000,2.191,2.192,2.177,2.192,80575.644962
1759125600000,2.192,2.192,2.181,2.181,44480.298356
1759129200000,2.181,2.192,2.175,2.186,32060.845696
1759132800000,2.187,2.196,2.181,2.189,66974.747822
1759136400000,2.189,2.195,2.178,2.182,50223.793277
1759140000000,2.181,2.188,2.172,2.173,45021.988354
1759143600000,2.173,2.179,2.16,2.175,62800.232882
1759147200000,2.174,2.182,2.156,2.157,74126.216125
1759150800000,2.157,2.197,2.145,2.191,177034.606062
1759154400000,2.191,2.217,2.189,2.213,299819.583256
1759158000000,2.213,2.218,2.189,2.192,306300.241569
1759161600000,2.192,2.203,2.172,2.175,82085.776997
1759165200000,2.175,2.19,2.166,2.19,55276.132877
1759168800000,2.188,2.189,2.181,2.187,37392.472755
1759172400000,2.188,2.206,2.185,2.205,71337.322136
1759176000000,2.205,2.232,2.203,2.231,103529.913679
1759179600000,2.232,2.233,2.218,2.22,95375.899369
1759183200000,2.22,2.223,2.212,2.217,64971.612204
1759186800000,2.216,2.219,2.21,2.211,55682.605254
1759190400000,2.211,2.213,2.189,2.191,196848.956775
1759194000000,2.191,2.202,2.176,2.187,99748.858988
1759197600000,2.188,2.193,2.184,2.184,37202.178635
1759201200000,2.184,2.199,2.183,2.192,40815.850701
1759204800000,2.19,2.198,2.189,2.192,57102.839829
1759208400000,2.193,2.204,2.189,2.2,57253.620617
1759212000000,2.199,2.203,2.188,2.191,69887.749366
1759215600000,2.19,2.196,2.175,2.181,74027.18252
1759219200000,2.182,2.187,2.177,2.181,82281.411008
1759222800000,2.178,2.191,2.171,2.174,144662.134379
1759226400000,2.174,2.181,2.173,2.175,31405.174779
1759230000000,2.175,2.179,2.162,2.178,91127.265586
1759233600000,2.177,2.182,2.168,2.168,77284.731695
1759237200000,2.169,2.188,2.16,2.175,62270.849762
1759240800000,2.175,2.181,2.158,2.171,117873.583422
1759244400000,2.17,2.171,2.13,2.154,283181.949279
1759248000000,2.153,2.158,2.143,2.153,63041.848447
1759251600000,2.153,2.162,2.148,2.15,81749.394341
1759255200000,2.15,2.161,2.145,2.16,32183.286765
1759258800000,2.16,2.19,2.159,2.187,122957.998351
1759262400000,2.187,2.2,2.186,2.197,76330.514307
1759266000000,2.198,2.201,2.186,2.187,72737.011087
1759269600000,2.187,2.197,2.18,2.182,57936.563636
1759273200000,2.182,2.189,2.175,2.189,98734.454303
1759276800000,2.189,2.192,2.169,2.18,42627.230549
1759280400000,2.18,2.195,2.176,2.195,54363.271997
1759284000000,2.195,2.196,2.183,2.185,50935.950259
1759287600000,2.184,2.186,2.166,2.166,68952.764713
1759291200000,2.166,2.184,2.165,2.181,199097.001285
1759294800000,2.182,2.199,2.182,2.189,145073.436095
1759298400000,2.189,2.194,2.181,2.182,68622.750859
1759302000000,2.182,2.194,2.18,2.183,56551.329844
1759305600000,2.182,2.261,2.18,2.26,1129192.738587
1759309200000,2.261,2.275,2.254,2.267,394183.503159
1759312800000,2.268,2.269,2.25,2.252,258583.262916
1759316400000,2.253,2.257,2.249,2.254,92357.967071
1759320000000,2.255,2.261,2.239,2.239,142623.713919
1759323600000,2.241,2.256,2.241,2.252,127223.118678
1759327200000,2.252,2.264,2.248,2.255,104830.377588
1759330800000,2.256,2.265,2.249,2.261,92200.522595
1759334400000,2.262,2.264,2.249,2.252,101722.997779
1759338000000,2.253,2.26,2.251,2.256,67324.921113
1759341600000,2.257,2.286,2.257,2.282,200695.240968
1759345200000,2.283,2.301,2.28,2.296,173969.15593
1759348800000,2.295,2.299,2.288,2.293,78035.166446
1759352400000,2.294,2.295,2.281,2.287,63032.527789
1759356000000,2.287,2.298,2.283,2.288,31726.38806
1759359600000,2.288,2.298,2.286,2.297,65036.351616
1759363200000,2.297,2.308,2.291,2.294,129695.834153
1759366800000,2.293,2.32,2.29,2.319,88376.634499
1759370400000,2.318,2.333,2.308,2.328,126548.639829
1759374000000,2.327,2.329,2.318,2.32,109494.45525
1759377600000,2.321,2.327,2.312,2.327,101961.014554
1759381200000,2.327,2.34,2.327,2.337,114001.514385
1759384800000,2.337,2.353,2.334,2.336,189207.326846
1759388400000,2.337,2.34,2.322,2.322,182100.317754
1759392000000,2.324,2.328,2.321,2.325,100714.378289
1759395600000,2.324,2.33,2.319,2.329,85764.811885
1759399200000,2.329,2.347,2.323,2.343,72742.467837
1759402800000,2.342,2.357,2.339,2.344,102156.080482
1759406400000,2.345,2.363,2.342,2.361,178215.670387
1759410000000,2.361,2.362,2.336,2.348,172968.678168
1759413600000,2.347,2.349,2.307,2.319,204834.22507
1759417200000,2.319,2.336,2.307,2.335,418917.323107
1759420800000,2.335,2.355,2.33,2.341,218313.374013
1759424400000,2.341,2.386,2.337,2.378,230117.673998
1759428000000,2.378,2.391,2.378,2.383,137043.260838
1759431600000,2.385,2.392,2.382,2.382,48834.019158
1759435200000,2.384,2.39,2.373,2.384,66615.686476
1759438800000,2.384,2.398,2.383,2.389,59986.855446
1759442400000,2.388,2.399,2.38,2.385,79179.165269
1759446000000,2.386,2.388,2.378,2.385,122504.540572
1759449600000,2.385,2.386,2.355,2.36,106138.897764
1759453200000,2.36,2.364,2.337,2.34,255692.957527
1759456800000,2.34,2.352,2.336,2.346,167090.894409
1759460400000,2.345,2.36,2.336,2.338,281500.304759
1759464000000,2.338,2.356,2.337,2.352,52623.761646
1759467600000,2.353,2.355,2.336,2.344,71645.68
1759471200000,2.344,2.344,2.315,2.329,171726.439092
1759474800000,2.329,2.331,2.319,2.331,69906.765481
1759478400000,2.331,2.334,2.314,2.334,138352.186913
1759482000000,2.333,2.335,2.323,2.331,63636.587735
1759485600000,2.331,2.332,2.326,2.327,19411.107457
1759489200000,2.327,2.329,2.317,2.323,56781.997118
1759492800000,2.322,2.33,2.317,2.329,72180.090572
1759496400000,2.328,2.348,2.316,2.34,106453.69222
1759500000000,2.339,2.354,2.324,2.348,103934.384052
1759503600000,2.347,2.388,2.342,2.387,118931.384485
1759507200000,2.386,2.432,2.386,2.397,499944.618513
1759510800000,2.398,2.405,2.352,2.37,546593.147458
1759514400000,2.372,2.418,2.36,2.412,234995.032193
1759518000000,2.413,2.427,2.407,2.414,56952.022546
1759521600000,2.416,2.419,2.408,2.411,67554.995984
1759525200000,2.413,2.416,2.398,2.405,43685.072128
1759528800000,2.407,2.412,2.4,2.401,21179.10383
1759532400000,2.402,2.402,2.388,2.39,127675.55261
1759536000000,2.392,2.404,2.386,2.399,97076.542981
1759539600000,2.4,2.4,2.366,2.373,107128.1347
1759543200000,2.373,2.38,2.36,2.373,64512.092208
1759546800000,2.374,2.375,2.354,2.363,113151.521117
1759550400000,2.363,2.369,2.354,2.362,67966.427847
1759554000000,2.363,2.373,2.362,2.368,41968.086365
1759557600000,2.371,2.378,2.368,2.373,38167.782944
1759561200000,2.371,2.371,2.355,2.361,44084.498979
1759564800000,2.36,2.363,2.336,2.34,131660.828166
1759568400000,2.339,2.347,2.319,2.322,142936.734002
1759572000000,2.322,2.334,2.305,2.31,132157.075811
1759575600000,2.31,2.32,2.306,2.317,92922.088792
1759579200000,2.318,2.326,2.314,2.319,56290.603007
1759582800000,2.321,2.343,2.319,2.333,60707.471856
1759586400000,2.333,2.341,2.303,2.306,96238.002048
1759590000000,2.305,2.315,2.27,2.284,354444.446682
1759593600000,2.284,2.295,2.276,2.294,92722.568747
1759597200000,2.293,2.299,2.285,2.293,84499.856458
1759600800000,2.294,2.296,2.284,2.284,25106.491029
1759604400000,2.286,2.3,2.286,2.3,35663.819079
1759608000000,2.3,2.309,2.3,2.302,40341.576204
1759611600000,2.303,2.315,2.302,2.308,53165.933649
1759615200000,2.308,2.319,2.305,2.314,30103.611771
1759618800000,2.315,2.317,2.31,2.315,29736.707407
1759622400000,2.316,2.325,2.297,2.297,119840.130077
1759626000000,2.299,2.308,2.296,2.305,51207.349454
1759629600000,2.305,2.345,2.3,2.345,177756.521346
1759633200000,2.346,2.354,2.336,2.338,168910.337684
1759636800000,2.339,2.37,2.336,2.364,220456.550228
1759640400000,2.365,2.377,2.361,2.376,160560.730336
1759644000000,2.375,2.376,2.363,2.366,127718.326868
1759647600000,2.366,2.405,2.366,2.404,175791.861662
1759651200000,2.404,2.416,2.387,2.39,297150.318052
1759654800000,2.391,2.396,2.365,2.373,242744.985293
1759658400000,2.374,2.385,2.361,2.368,142697.200892
1759662000000,2.367,2.371,2.357,2.369,77023.389584
1759665600000,2.368,2.369,2.351,2.352,98870.38727
1759669200000,2.352,2.366,2.351,2.362,43721.600284
1759672800000,2.362,2.377,2.349,2.361,111218.680258
1759676400000,2.361,2.374,2.359,2.369,55594.382097
1759680000000,2.369,2.378,2.35,2.373,116750.562753
1759683600000,2.373,2.379,2.34,2.346,62871.571429
1759687200000,2.346,2.352,2.33,2.345,84917.559837
1759690800000,2.345,2.345,2.311,2.314,109879.490569
1759694400000,2.314,2.331,2.307,2.322,70026.87473
1759698000000,2.322,2.33,2.319,2.328,70273.348028
1759701600000,2.328,2.337,2.322,2.336,91863.875524
1759705200000,2.336,2.34,2.332,2.332,53611.043487
1759708800000,2.332,2.351,2.314,2.321,172751.204993
1759712400000,2.321,2.355,2.311,2.341,192814.022676
1759716000000,2.34,2.362,2.331,2.351,99501.136502
1759719600000,2.35,2.353,2.338,2.343,91127.312277
1759723200000,2.343,2.344,2.323,2.326,48748.493681
1759726800000,2.326,2.335,2.318,2.334,66243.441354
1759730400000,2.334,2.361,2.333,2.353,121050.157552
1759734000000,2.354,2.361,2.333,2.343,57922.708589
1759737600000,2.345,2.36,2.345,2.354,76688.240159
1759741200000,2.354,2.361,2.352,2.354,59691.133886
1759744800000,2.354,2.357,2.343,2.35,37445.482497
1759748400000,2.35,2.365,2.343,2.352,47396.798315
1759752000000,2.353,2.371,2.353,2.368,122602.480587
1759755600000,2.369,2.422,2.364,2.415,501542.17676
1759759200000,2.416,2.43,2.399,2.402,859896.56317
1759762800000,2.402,2.425,2.402,2.414,281816.484176
1759766400000,2.416,2.425,2.401,2.413,216178.112068
1759770000000,2.413,2.429,2.408,2.421,143293.749371
1759773600000,2.421,2.426,2.412,2.422,182804.848061
1759777200000,2.421,2.422,2.412,2.418,77536.823154
1759780800000,2.419,2.426,2.405,2.413,87884.848047
1759784400000,2.413,2.416,2.398,2.413,59075.794203
1759788000000,2.414,2.42,2.405,2.414,51917.437657
1759791600000,2.415,2.416,2.402,2.406,89046.493107
1759795200000,2.406,2.413,2.401,2.409,71154.408344
1759798800000,2.409,2.414,2.394,2.399,141602.801503
1759802400000,2.399,2.405,2.389,2.396,95007.817022
1759806000000,2.395,2.402,2.389,2.395,24840.32738
1759809600000,2.394,2.413,2.379,2.407,80475.678348
1759813200000,2.407,2.411,2.398,2.402,53840.914953
1759816800000,2.402,2.407,2.369,2.377,165124.991258
1759820400000,2.377,2.39,2.368,2.376,151077.711521
1759824000000,2.375,2.38,2.353,2.374,273447.173759
1759827600000,2.374,2.389,2.373,2.386,48032.130733
1759831200000,2.387,2.398,2.379,2.392,110077.583845
1759834800000,2.392,2.402,2.385,2.401,73614.840085
1759838400000,2.4,2.408,2.39,2.407,60531.264699
1759842000000,2.408,2.409,2.357,2.379,261578.368304
1759845600000,2.378,2.381,2.325,2.326,488672.899673
1759849200000,2.327,2.331,2.28,2.293,1085725.19953
1759852800000,2.292,2.313,2.272,2.304,327356.397487
1759856400000,2.304,2.311,2.293,2.293,117189.359221
1759860000000,2.293,2.303,2.28,2.28,59563.476962
1759863600000,2.281,2.297,2.279,2.288,80586.804781
1759867200000,2.288,2.318,2.286,2.306,142317.851445
1759870800000,2.307,2.312,2.287,2.293,136790.964157
1759874400000,2.293,2.306,2.288,2.298,73669.717645
1759878000000,2.298,2.301,2.275,2.281,117209.682274
1759881600000,2.281,2.302,2.277,2.295,60093.562978
1759885200000,2.295,2.309,2.293,2.303,48769.034515
1759888800000,2.303,2.307,2.292,2.295,51151.688884
1759892400000,2.294,2.294,2.249,2.268,266069.690929
1759896000000,2.268,2.285,2.254,2.279,98347.412264
1759899600000,2.28,2.28,2.26,2.268,91187.240551
1759903200000,2.269,2.279,2.259,2.277,115599.971557
1759906800000,2.277,2.286,2.272,2.285,47676.818012
1759910400000,2.286,2.306,2.283,2.296,145030.504704
1759914000000,2.297,2.298,2.285,2.292,45095.421038
1759917600000,2.292,2.299,2.287,2.294,47869.250179
1759921200000,2.294,2.299,2.283,2.288,54072.053774
1759924800000,2.289,2.293,2.282,2.286,49247.821174
1759928400000,2.287,2.296,2.273,2.296,84532.578312
1759932000000,2.296,2.322,2.286,2.291,207091.875209
1759935600000,2.29,2.31,2.29,2.301,48165.495993
1759939200000,2.302,2.335,2.296,2.335,82886.23173
1759942800000,2.335,2.418,2.331,2.408,693776.956575
1759946400000,2.408,2.414,2.381,2.382,502088.616345
1759950000000,2.381,2.385,2.368,2.378,182950.233808
1759953600000,2.378,2.385,2.364,2.365,61927.966685
1759957200000,2.366,2.378,2.363,2.371,183903.978755
1759960800000,2.375,2.384,2.373,2.373,75011.743096
1759964400000,2.373,2.376,2.362,2.365,122193.694005
1759968000000,2.366,2.368,2.342,2.342,234960.592081
1759971600000,2.343,2.344,2.322,2.337,187828.051079
1759975200000,2.336,2.337,2.288,2.295,460060.509924
1759978800000,2.297,2.321,2.297,2.318,142461.988356
1759982400000,2.317,2.324,2.311,2.323,55688.01829
1759986000000,2.323,2.328,2.312,2.316,95106.741293
1759989600000,2.316,2.316,2.294,2.297,258244.807735
1759993200000,2.296,2.299,2.279,2.287,183762.297822
1759996800000,2.286,2.288,2.251,2.254,306142.03523
1760000400000,2.254,2.27,2.252,2.263,203426.494142
1760004000000,2.263,2.275,2.254,2.269,128979.842498
1760007600000,2.27,2.284,2.27,2.274,134023.08515
1760011200000,2.274,2.3,2.27,2.293,139199.974998
1760014800000,2.294,2.295,2.255,2.257,145254.450854
1760018400000,2.257,2.268,2.232,2.255,325984.052717
1760022000000,2.256,2.266,2.24,2.251,107579.573452
1760025600000,2.25,2.259,2.222,2.23,254624.466614
1760029200000,2.231,2.274,2.227,2.271,203169.89938
1760032800000,2.272,2.274,2.258,2.259,82140.280813
1760036400000,2.257,2.272,2.257,2.27,41793.976541
1760040000000,2.27,2.275,2.266,2.274,75139.04703
1760043600000,2.275,2.281,2.271,2.28,58095.831557
1760047200000,2.281,2.314,2.279,2.306,155587.862994
1760050800000,2.306,2.306,2.293,2.298,86711.125256
1760054400000,2.299,2.311,2.29,2.306,178431.075861
1760058000000,2.306,2.314,2.304,2.309,88750.180662
1760061600000,2.309,2.312,2.297,2.298,98485.291026
1760065200000,2.299,2.364,2.288,2.337,686589.603421
1760068800000,2.336,2.346,2.324,2.341,242595.456916
1760072400000,2.341,2.39,2.329,2.388,394208.842251
1760076000000,2.387,2.391,2.352,2.359,273190.184452
1760079600000,2.359,2.378,2.349,2.351,200344.582371
1760083200000,2.351,2.377,2.351,2.372,160833.085092
1760086800000,2.372,2.384,2.354,2.362,248159.655759
1760090400000,2.363,2.381,2.363,2.376,112221.350504
1760094000000,2.377,2.387,2.373,2.381,169500.46778
1760097600000,2.381,2.415,2.372,2.407,458058.470444
1760101200000,2.408,2.448,2.394,2.402,893542.677421
1760104800000,2.402,2.408,2.353,2.366,571692.357173
1760108400000,2.367,2.369,2.268,2.298,2035127.617703
1760112000000,2.296,2.317,2.283,2.289,423910.638109
1760115600000,2.287,2.292,2.25,2.258,413144.716522
1760119200000,2.259,2.266,2.241,2.242,278856.020493
1760122800000,2.242,2.249,2.19,2.214,846654.173952
1760126400000,2.214,2.235,2.081,2.095,1560286.281422
1760130000000,2.096,2.114,0.575,1.443,19474469.041048
1760133600000,1.444,1.589,1.309,1.581,13281498.672218
1760137200000,1.58,1.733,1.529,1.648,8615632.122653
1760140800000,1.648,1.697,1.622,1.662,4061679.625831
1760144400000,1.663,1.671,1.578,1.61,5112981.543057
1760148000000,1.609,1.75,1.608,1.736,3347561.767362
1760151600000,1.736,1.744,1.656,1.688,3131613.52483
1760155200000,1.689,1.708,1.678,1.706,1104304.524428
1760158800000,1.706,1.717,1.668,1.683,1182525.274783
1760162400000,1.683,1.714,1.675,1.682,1205981.404135
1760166000000,1.681,1.699,1.67,1.68,689974.593768
1760169600000,1.679,1.713,1.66,1.71,993684.049647
1760173200000,1.709,1.73,1.683,1.689,1241149.766654
1760176800000,1.689,1.702,1.649,1.67,1292051.690287
1760180400000,1.67,1.677,1.645,1.669,577382.751156
1760184000000,1.668,1.677,1.634,1.653,545898.279266
1760187600000,1.653,1.656,1.606,1.65,1097910.434822
1760191200000,1.649,1.655,1.634,1.651,718917.291963
1760194800000,1.65,1.664,1.643,1.65,427718.098185
1760198400000,1.649,1.671,1.636,1.649,481676.857359
1760202000000,1.649,1.662,1.643,1.652,302846.446978
1760205600000,1.651,1.652,1.634,1.635,266176.755695
1760209200000,1.635,1.635,1.556,1.573,1066479.357675
1760212800000,1.573,1.577,1.509,1.522,1077096.079537
1760216400000,1.523,1.548,1.492,1.544,1078377.811723
1760220000000,1.544,1.565,1.539,1.562,503928.437396
1760223600000,1.562,1.572,1.557,1.563,333627.730881
1760227200000,1.563,1.566,1.525,1.528,590629.909838
1760230800000,1.529,1.554,1.514,1.516,755208.603033
1760234400000,1.517,1.53,1.493,1.516,788211.072516
1760238000000,1.516,1.557,1.513,1.537,770587.028513
1760241600000,1.537,1.566,1.537,1.557,443905.394389
1760245200000,1.557,1.56,1.549,1.551,370071.410925
1760248800000,1.55,1.57,1.544,1.57,567696.176166
1760252400000,1.569,1.577,1.556,1.576,492703.38224
1760256000000,1.576,1.581,1.56,1.561,312111.383869
1760259600000,1.56,1.568,1.537,1.567,605530.660081
1760263200000,1.567,1.576,1.556,1.558,255234.33529
1760266800000,1.559,1.569,1.554,1.559,273242.898016
1760270400000,1.558,1.577,1.555,1.56,362736.765757
1760274000000,1.56,1.572,1.534,1.543,547208.104791
1760277600000,1.543,1.624,1.542,1.599,1425095.920147
1760281200000,1.6,1.654,1.598,1.644,1443699.673494
1760284800000,1.643,1.687,1.642,1.665,1296781.759944
1760288400000,1.665,1.682,1.655,1.667,435068.499584
1760292000000,1.668,1.679,1.65,1.662,299751.544634
1760295600000,1.663,1.691,1.662,1.689,285503.066605
1760299200000,1.691,1.695,1.673,1.677,274891.26928
1760302800000,1.678,1.684,1.645,1.664,336653.111613
1760306400000,1.666,1.677,1.645,1.659,333947.895186
1760310000000,1.659,1.66,1.639,1.658,375325.391867
1760313600000,1.658,1.672,1.638,1.644,375688.943252
1760317200000,1.643,1.66,1.633,1.66,335629.277226
1760320800000,1.658,1.663,1.641,1.653,225136.008401
1760324400000,1.654,1.657,1.64,1.645,245365.329552
1760328000000,1.645,1.648,1.631,1.646,225374.416075
1760331600000,1.645,1.647,1.627,1.631,222409.500035
1760335200000,1.632,1.662,1.624,1.658,284282.376552
1760338800000,1.658,1.673,1.649,1.655,579728.163707
1760342400000,1.655,1.678,1.653,1.676,283822.040969
1760346000000,1.676,1.684,1.66,1.681,382512.899648
1760349600000,1.681,1.686,1.664,1.673,305887.74483
1760353200000,1.673,1.674,1.59,1.632,1947772.721448
1760356800000,1.63,1.651,1.612,1.633,655404.793376
1760360400000,1.633,1.679,1.628,1.662,1079488.325145
1760364000000,1.661,1.668,1.62,1.636,810718.278832
1760367600000,1.634,1.665,1.633,1.658,425725.862978
1760371200000,1.659,1.671,1.646,1.667,317553.509326
1760374800000,1.667,1.699,1.664,1.697,465168.088251
1760378400000,1.697,1.7,1.677,1.689,321380.323208
1760382000000,1.689,1.721,1.686,1.718,455645.213304
1760385600000,1.718,1.73,1.707,1.73,177098.917036
1760389200000,1.729,1.741,1.721,1.727,402777.854742
1760392800000,1.727,1.732,1.713,1.721,278503.767773
1760396400000,1.72,1.737,1.716,1.728,477297.781048
1760400000000,1.729,1.736,1.72,1.733,257726.202429
1760403600000,1.732,1.738,1.725,1.733,256769.222816
1760407200000,1.731,1.733,1.702,1.704,618014.654166
1760410800000,1.704,1.706,1.683,1.691,758536.896542
1760414400000,1.693,1.697,1.651,1.663,384325.608947
1760418000000,1.663,1.678,1.634,1.644,715333.777759
1760421600000,1.644,1.656,1.555,1.595,2070284.47733
1760425200000,1.595,1.608,1.579,1.589,879885.647592
1760428800000,1.588,1.611,1.574,1.603,456373.776256
1760432400000,1.602,1.617,1.601,1.606,411354.621731
1760436000000,1.606,1.606,1.566,1.592,442986.511465
1760439600000,1.593,1.614,1.592,1.605,288189.434307
1760443200000,1.605,1.606,1.582,1.584,471631.699453
1760446800000,1.585,1.618,1.569,1.605,440025.570925
1760450400000,1.605,1.633,1.597,1.614,413360.319198
1760454000000,1.614,1.657,1.605,1.652,490642.003209
1760457600000,1.653,1.686,1.639,1.664,687662.338581
1760461200000,1.663,1.685,1.639,1.663,484858.52764
1760464800000,1.665,1.681,1.662,1.667,122555.991291
1760468400000,1.668,1.683,1.642,1.666,310435.978785
1760472000000,1.666,1.678,1.659,1.677,75868.967399
1760475600000,1.678,1.678,1.662,1.678,129915.396139
1760479200000,1.678,1.688,1.666,1.671,123224.986646
1760482800000,1.672,1.681,1.671,1.675,125249.600399
1760486400000,1.675,1.676,1.659,1.671,449184.106255
1760490000000,1.67,1.672,1.652,1.663,197328.412657
1760493600000,1.664,1.685,1.663,1.674,202110.566519
1760497200000,1.675,1.678,1.652,1.66,224427.786536
1760500800000,1.66,1.672,1.655,1.666,155208.379286
1760504400000,1.666,1.674,1.661,1.668,101958.222854
1760508000000,1.669,1.676,1.653,1.673,219740.94947
1760511600000,1.673,1.683,1.666,1.675,210400.014873
1760515200000,1.675,1.711,1.674,1.692,958170.199177
1760518800000,1.692,1.692,1.664,1.67,389114.524036
1760522400000,1.669,1.677,1.656,1.665,218164.136668
1760526000000,1.664,1.672,1.647,1.66,401168.984176
1760529600000,1.66,1.668,1.644,1.65,388735.937209
1760533200000,1.651,1.657,1.609,1.643,678960.866048
1760536800000,1.643,1.66,1.613,1.623,460826.029865
1760540400000,1.623,1.635,1.604,1.615,406733.802887
1760544000000,1.615,1.625,1.606,1.618,310426.597788
1760547600000,1.618,1.618,1.597,1.617,271102.452618
1760551200000,1.617,1.627,1.607,1.625,95705.176067
1760554800000,1.624,1.624,1.6,1.606,90570.219941
1760558400000,1.607,1.613,1.577,1.597,221031.512409
1760562000000,1.597,1.608,1.58,1.591,260792.828013
1760565600000,1.592,1.605,1.588,1.594,115085.603702
1760569200000,1.592,1.606,1.592,1.603,82121.718315
1760572800000,1.603,1.608,1.596,1.597,186108.500978
1760576400000,1.597,1.615,1.597,1.612,123281.290928
1760580000000,1.613,1.617,1.599,1.607,157790.849875
1760583600000,1.606,1.609,1.593,1.594,104515.444332
1760587200000,1.594,1.607,1.587,1.593,274910.811211
1760590800000,1.593,1.604,1.581,1.593,239054.366791
1760594400000,1.593,1.614,1.591,1.61,259694.482935
1760598000000,1.611,1.614,1.594,1.597,281502.480402
1760601600000,1.597,1.598,1.579,1.58,439259.951098
1760605200000,1.58,1.598,1.53,1.585,1961266.916713
1760608800000,1.584,1.602,1.577,1.592,594805.879868
1760612400000,1.592,1.599,1.583,1.599,208449.555953
1760616000000,1.599,1.611,1.597,1.599,309924.022136
1760619600000,1.599,1.603,1.576,1.585,378450.589412
1760623200000,1.585,1.596,1.554,1.574,568892.032856
1760626800000,1.575,1.578,1.526,1.537,1169979.748364
1760630400000,1.536,1.562,1.514,1.562,691457.461973
1760634000000,1.561,1.562,1.536,1.539,361327.415742
1760637600000,1.539,1.54,1.518,1.531,341906.452428
1760641200000,1.53,1.532,1.486,1.496,510853.277462
1760644800000,1.498,1.503,1.462,1.471,641880.416026
1760648400000,1.471,1.5,1.469,1.5,206225.212483
1760652000000,1.5,1.502,1.479,1.48,396010.426456
1760655600000,1.479,1.494,1.477,1.494,194012.791434
1760659200000,1.494,1.503,1.489,1.503,289628.200769
1760662800000,1.503,1.516,1.492,1.498,209912.171657
1760666400000,1.499,1.502,1.483,1.493,221334.751681
1760670000000,1.493,1.505,1.493,1.504,122387.464671
1760673600000,1.504,1.508,1.497,1.504,118128.127524
1760677200000,1.504,1.505,1.483,1.486,400601.008569
1760680800000,1.487,1.491,1.429,1.438,934233.001608
1760684400000,1.439,1.443,1.398,1.402,964659.188184
1760688000000,1.402,1.415,1.377,1.399,1327595.755271
1760691600000,1.398,1.442,1.395,1.419,560820.852003
1760695200000,1.419,1.427,1.39,1.413,568801.16925
1760698800000,1.414,1.457,1.413,1.443,881323.780022
1760702400000,1.444,1.454,1.44,1.442,225988.830129
1760706000000,1.441,1.464,1.431,1.452,348170.574188
1760709600000,1.452,1.459,1.421,1.437,366278.402553
1760713200000,1.438,1.462,1.432,1.462,289317.813751
1760716800000,1.462,1.481,1.449,1.454,445388.130874
1760720400000,1.454,1.469,1.45,1.464,152856.632074
1760724000000,1.465,1.478,1.459,1.462,482160.187375
1760727600000,1.462,1.466,1.451,1.459,142379.910262
1760731200000,1.46,1.475,1.455,1.47,165699.107477
1760734800000,1.47,1.486,1.47,1.473,485914.834439
1760738400000,1.474,1.477,1.464,1.471,174375.410029
1760742000000,1.47,1.472,1.459,1.465,361926.876828
1760745600000,1.465,1.477,1.462,1.473,178727.570201
1760749200000,1.473,1.499,1.473,1.496,193252.918086
1760752800000,1.496,1.506,1.484,1.491,298309.553888
1760756400000,1.491,1.5,1.491,1.494,77359.463611
1760760000000,1.493,1.494,1.479,1.48,176336.933049
1760763600000,1.479,1.484,1.471,1.484,183892.9328
1760767200000,1.484,1.488,1.473,1.483,165614.142544
1760770800000,1.484,1.505,1.479,1.483,194688.92718
1760774400000,1.484,1.494,1.483,1.486,85510.010674
1760778000000,1.485,1.498,1.484,1.495,393012.903924
1760781600000,1.495,1.499,1.487,1.499,151598.856785
1760785200000,1.498,1.507,1.494,1.501,117073.231342
1760788800000,1.501,1.51,1.496,1.502,380103.000849
1760792400000,1.503,1.505,1.493,1.498,120960.96621
1760796000000,1.498,1.506,1.488,1.503,161760.587502
1760799600000,1.503,1.511,1.485,1.495,661683.019526
1760803200000,1.495,1.497,1.477,1.486,240587.079627
1760806800000,1.487,1.499,1.483,1.497,118855.997252
1760810400000,1.497,1.499,1.49,1.49,160118.186149
1760814000000,1.491,1.495,1.488,1.494,37716.223754
1760817600000,1.494,1.501,1.492,1.495,73640.231104
1760821200000,1.494,1.499,1.49,1.499,55993.818465
1760824800000,1.499,1.5,1.494,1.495,34317.666568
1760828400000,1.495,1.496,1.492,1.494,65737.098684
1760832000000,1.495,1.496,1.479,1.485,72069.234306
1760835600000,1.485,1.491,1.479,1.49,62913.215834
1760839200000,1.49,1.494,1.488,1.492,38268.085447
1760842800000,1.491,1.514,1.489,1.509,221355.005778
1760846400000,1.51,1.511,1.495,1.497,118397.525833
1760850000000,1.498,1.502,1.487,1.491,161796.528228
1760853600000,1.491,1.493,1.481,1.485,90156.034774
1760857200000,1.486,1.491,1.484,1.491,83058.631739
1760860800000,1.491,1.507,1.475,1.483,345315.700045
1760864400000,1.482,1.509,1.469,1.498,409898.032065
1760868000000,1.5,1.524,1.495,1.519,427118.548868
1760871600000,1.519,1.532,1.513,1.514,196112.08433
1760875200000,1.515,1.516,1.503,1.508,139337.477966
1760878800000,1.509,1.532,1.503,1.528,238384.581922
1760882400000,1.528,1.542,1.52,1.54,474898.082709
1760886000000,1.539,1.547,1.534,1.539,394225.172611
1760889600000,1.539,1.547,1.53,1.543,173096.013346
1760893200000,1.543,1.556,1.535,1.535,228988.191128
1760896800000,1.536,1.541,1.533,1.539,104550.907462
1760900400000,1.539,1.539,1.529,1.539,41990.814024
1760904000000,1.54,1.553,1.539,1.553,129918.554034
1760907600000,1.552,1.554,1.535,1.543,74060.302285
1760911200000,1.544,1.55,1.542,1.546,49682.887844
1760914800000,1.546,1.546,1.529,1.532,121168.46143
1760918400000,1.532,1.533,1.501,1.52,625639.472557
1760922000000,1.52,1.525,1.515,1.518,108977.355414
1760925600000,1.517,1.53,1.511,1.528,124823.161077
1760929200000,1.529,1.574,1.526,1.565,430204.29137
1760932800000,1.567,1.574,1.56,1.571,355011.454912
1760936400000,1.572,1.582,1.565,1.577,168449.72779
1760940000000,1.577,1.6,1.575,1.591,246542.836426
1760943600000,1.591,1.593,1.578,1.585,203536.156115
1760947200000,1.586,1.601,1.581,1.588,142686.818789
1760950800000,1.587,1.591,1.583,1.588,86208.12531
1760954400000,1.589,1.61,1.589,1.602,271000.542265
1760958000000,1.601,1.619,1.591,1.618,239712.270294
1760961600000,1.618,1.619,1.601,1.604,169158.206152
1760965200000,1.605,1.62,1.598,1.616,192672.505273
1760968800000,1.617,1.63,1.607,1.623,267820.232847
1760972400000,1.624,1.626,1.59,1.591,416086.993109
1760976000000,1.591,1.593,1.561,1.579,392142.713042
1760979600000,1.578,1.587,1.567,1.576,189004.627386
1760983200000,1.576,1.589,1.572,1.588,94108.306635
1760986800000,1.588,1.601,1.579,1.596,109227.235354
1760990400000,1.595,1.6,1.59,1.596,49093.077352
1760994000000,1.595,1.601,1.583,1.586,170670.996656
1760997600000,1.586,1.593,1.586,1.59,56552.449779
1761001200000,1.589,1.591,1.579,1.58,76697.699435
1761004800000,1.579,1.585,1.575,1.578,110206.261522
1761008400000,1.577,1.578,1.564,1.569,214733.065842
1761012000000,1.569,1.57,1.555,1.555,217529.580949
1761015600000,1.555,1.559,1.55,1.552,173317.019019
1761019200000,1.552,1.554,1.516,1.521,438096.769354
1761022800000,1.522,1.531,1.517,1.524,210786.221424
1761026400000,1.524,1.538,1.521,1.535,200618.37605
1761030000000,1.535,1.545,1.528,1.542,101300.184095
1761033600000,1.542,1.542,1.526,1.538,191301.288916
1761037200000,1.537,1.559,1.532,1.553,247352.430708
1761040800000,1.553,1.58,1.552,1.566,525265.841651
1761044400000,1.565,1.566,1.553,1.559,146478.343318
1761048000000,1.559,1.572,1.551,1.556,204753.702881
1761051600000,1.557,1.564,1.545,1.553,267851.47516
1761055200000,1.553,1.603,1.553,1.603,741216.715309
1761058800000,1.603,1.641,1.595,1.63,1027443.798771
1761062400000,1.629,1.652,1.618,1.621,1063455.874066
1761066000000,1.622,1.645,1.613,1.64,513832.84076
1761069600000,1.641,1.646,1.627,1.635,174374.44627
1761073200000,1.634,1.635,1.624,1.625,88905.602385
1761076800000,1.625,1.629,1.604,1.611,142069.972267
1761080400000,1.61,1.613,1.584,1.605,240071.158879
1761084000000,1.605,1.607,1.572,1.579,463425.242153
1761087600000,1.578,1.584,1.553,1.561,250468.558179
1761091200000,1.561,1.569,1.546,1.557,400032.796438
1761094800000,1.558,1.577,1.557,1.568,196410.378209
1761098400000,1.569,1.573,1.555,1.558,98699.739187
1761102000000,1.558,1.56,1.544,1.56,161653.068491
1761105600000,1.561,1.571,1.558,1.57,115609.460862
1761109200000,1.569,1.569,1.531,1.546,245884.129383
1761112800000,1.545,1.546,1.532,1.535,231413.049327
1761116400000,1.535,1.545,1.527,1.542,205042.20276
1761120000000,1.541,1.541,1.53,1.53,91094.312006
1761123600000,1.53,1.533,1.513,1.519,210598.745919
1761127200000,1.518,1.525,1.507,1.509,144542.276192
1761130800000,1.509,1.533,1.493,1.526,443476.079901
1761134400000,1.525,1.538,1.522,1.531,117146.483592
1761138000000,1.531,1.552,1.522,1.551,154564.321234
1761141600000,1.55,1.552,1.522,1.551,349744.563834
1761145200000,1.552,1.559,1.53,1.546,201102.460848
1761148800000,1.547,1.555,1.527,1.542,213518.295835
1761152400000,1.542,1.551,1.524,1.529,83120.311613
1761156000000,1.529,1.535,1.515,1.526,78463.83576
1761159600000,1.526,1.542,1.512,1.527,120865.706493
1761163200000,1.527,1.53,1.507,1.509,80609.618368
1761166800000,1.509,1.509,1.459,1.484,791286.088971
1761170400000,1.483,1.496,1.477,1.488,86802.44611
1761174000000,1.487,1.524,1.487,1.519,241414.603873
1761177600000,1.518,1.53,1.517,1.523,160726.90096
1761181200000,1.524,1.531,1.521,1.522,104103.117132
1761184800000,1.522,1.529,1.521,1.526,31804.816773
1761188400000,1.527,1.535,1.527,1.531,31378.087751
1761192000000,1.531,1.542,1.526,1.535,41087.561197
1761195600000,1.536,1.538,1.529,1.535,76499.300152
1761199200000,1.535,1.555,1.534,1.553,144983.13499
1761202800000,1.554,1.554,1.542,1.547,130414.730449
1761206400000,1.547,1.554,1.541,1.542,180402.465983
1761210000000,1.542,1.546,1.536,1.544,86445.273225
1761213600000,1.545,1.556,1.545,1.552,339902.031847
1761217200000,1.552,1.555,1.543,1.545,120318.477706
1761220800000,1.545,1.546,1.53,1.545,95395.366072
1761224400000,1.546,1.564,1.542,1.557,355018.637785
1761228000000,1.558,1.561,1.541,1.552,108333.702305
1761231600000,1.552,1.571,1.547,1.56,152370.955483
1761235200000,1.56,1.573,1.553,1.568,63079.5153
1761238800000,1.569,1.578,1.555,1.576,143347.621873
1761242400000,1.576,1.577,1.557,1.561,155549.915642
1761246000000,1.562,1.564,1.554,1.561,57815.806636
1761249600000,1.56,1.561,1.538,1.544,205938.173187
1761253200000,1.543,1.549,1.538,1.54,94381.083866
1761256800000,1.542,1.552,1.54,1.547,86607.076759
1761260400000,1.548,1.557,1.546,1.556,43879.980881
1761264000000,1.557,1.564,1.551,1.56,83594.329626
1761267600000,1.56,1.562,1.552,1.558,60031.816226
1761271200000,1.558,1.559,1.551,1.555,78692.441858
1761274800000,1.555,1.556,1.55,1.553,92565.679855
1761278400000,1.553,1.581,1.549,1.576,197829.124697
1761282000000,1.577,1.581,1.572,1.576,125782.023377
1761285600000,1.575,1.578,1.571,1.577,142396.548262
1761289200000,1.577,1.579,1.562,1.569,80497.124033
1761292800000,1.569,1.58,1.562,1.575,78885.248614
1761296400000,1.574,1.575,1.567,1.569,88323.153057
1761300000000,1.569,1.569,1.56,1.561,71038.652126
1761303600000,1.561,1.562,1.544,1.561,143321.811904
1761307200000,1.562,1.599,1.557,1.572,477690.933201
1761310800000,1.572,1.573,1.551,1.563,173754.575996
1761314400000,1.564,1.564,1.536,1.548,363853.173575
1761318000000,1.549,1.559,1.539,1.545,152495.343435
1761321600000,1.545,1.546,1.533,1.539,254907.342984
1761325200000,1.538,1.55,1.538,1.543,175790.599323
1761328800000,1.543,1.553,1.542,1.553,83909.965595
1761332400000,1.554,1.568,1.553,1.564,90336.061922
1761336000000,1.564,1.574,1.564,1.569,211649.58122
1761339600000,1.569,1.576,1.565,1.575,290862.325844
1761343200000,1.575,1.576,1.569,1.571,75157.751514
1761346800000,1.571,1.573,1.567,1.57,108127.20222
1761350400000,1.57,1.579,1.566,1.572,166176.660754
1761354000000,1.574,1.578,1.567,1.568,121976.362352
1761357600000,1.568,1.571,1.562,1.566,71857.109677
1761361200000,1.566,1.567,1.557,1.558,66892.479484
1761364800000,1.559,1.566,1.558,1.561,59597.365728
1761368400000,1.562,1.562,1.553,1.557,56897.725601
1761372000000,1.558,1.558,1.549,1.549,88835.389644
1761375600000,1.55,1.561,1.549,1.551,71669.86749
1761379200000,1.551,1.561,1.549,1.561,33850.389155
1761382800000,1.561,1.561,1.55,1.551,38715.575708
1761386400000,1.551,1.554,1.542,1.55,68330.555705
1761390000000,1.549,1.556,1.546,1.555,23634.730189
1761393600000,1.553,1.561,1.553,1.558,49767.594929
1761397200000,1.559,1.559,1.553,1.558,229461.865783
1761400800000,1.558,1.569,1.556,1.568,186805.082983
1761404400000,1.567,1.568,1.56,1.563,68121.419359
1761408000000,1.565,1.566,1.56,1.562,93021.166889
1761411600000,1.563,1.569,1.561,1.562,33549.107317
1761415200000,1.562,1.573,1.56,1.571,94989.411505
1761418800000,1.57,1.57,1.565,1.569,34413.771697
1761422400000,1.57,1.57,1.563,1.563,52439.603585
1761426000000,1.563,1.566,1.559,1.563,62779.076758
1761429600000,1.563,1.57,1.559,1.567,48879.913623
1761433200000,1.566,1.567,1.56,1.56,145207.317668
1761436800000,1.56,1.567,1.556,1.564,96159.242095
1761440400000,1.562,1.563,1.547,1.552,99134.351621
1761444000000,1.552,1.557,1.547,1.551,96328.847592
1761447600000,1.55,1.553,1.545,1.549,101695.918465
1761451200000,1.549,1.559,1.548,1.558,31600.851218
1761454800000,1.559,1.565,1.556,1.564,54961.018469
1761458400000,1.563,1.565,1.56,1.563,90605.650316
1761462000000,1.564,1.573,1.561,1.572,108958.871599
1761465600000,1.572,1.581,1.572,1.578,180370.682006
1761469200000,1.579,1.602,1.575,1.598,339144.167669
1761472800000,1.597,1.599,1.589,1.596,117106.024578
1761476400000,1.595,1.635,1.59,1.628,614451.123366
1761480000000,1.629,1.64,1.621,1.628,590689.142314
1761483600000,1.631,1.644,1.623,1.636,236609.436737
1761487200000,1.636,1.64,1.627,1.639,187912.475441
1761490800000,1.64,1.647,1.632,1.645,138220.698554
1761494400000,1.646,1.646,1.628,1.634,206195.451239
1761498000000,1.634,1.639,1.631,1.638,90782.799165
1761501600000,1.639,1.649,1.638,1.645,91795.018385
1761505200000,1.646,1.648,1.64,1.646,39216.297165
1761508800000,1.646,1.646,1.628,1.632,298512.845927
1761512400000,1.633,1.644,1.63,1.643,194389.671148
1761516000000,1.644,1.674,1.644,1.664,317451.99637
1761519600000,1.665,1.668,1.65,1.651,169128.875579
1761523200000,1.652,1.663,1.648,1.66,101634.692041
1761526800000,1.659,1.676,1.657,1.672,138690.321137
1761530400000,1.671,1.674,1.661,1.666,138792.486668
1761534000000,1.666,1.67,1.661,1.669,102873.478252
1761537600000,1.671,1.678,1.668,1.672,190348.372155
1761541200000,1.673,1.685,1.669,1.67,200316.340382
1761544800000,1.67,1.675,1.665,1.67,143446.061438
1761548400000,1.67,1.672,1.654,1.667,138217.987611
1761552000000,1.666,1.667,1.641,1.65,428441.099379
1761555600000,1.649,1.65,1.624,1.63,427746.383299
1761559200000,1.63,1.635,1.626,1.628,81629.404886
1761562800000,1.628,1.638,1.621,1.638,113839.68169
1761566400000,1.638,1.638,1.619,1.62,145936.107427
1761570000000,1.621,1.63,1.604,1.625,227034.841388
1761573600000,1.625,1.627,1.605,1.616,145898.998822
1761577200000,1.617,1.634,1.617,1.629,133697.951054
1761580800000,1.63,1.665,1.63,1.663,382018.331247
1761584400000,1.664,1.677,1.658,1.672,184562.973735
1761588000000,1.672,1.677,1.662,1.665,122619.754056
1761591600000,1.666,1.669,1.657,1.658,231611.689056
1761595200000,1.659,1.659,1.648,1.653,138717.780926
1761598800000,1.652,1.662,1.639,1.65,125294.00034
1761602400000,1.649,1.656,1.638,1.642,116865.841785
1761606000000,1.64,1.645,1.628,1.64,121722.269754
1761609600000,1.64,1.643,1.623,1.629,156291.477516
1761613200000,1.63,1.637,1.627,1.63,80905.942413
1761616800000,1.63,1.636,1.604,1.617,126355.261512
1761620400000,1.616,1.625,1.608,1.617,102320.43849
1761624000000,1.616,1.641,1.614,1.635,109850.985983
1761627600000,1.635,1.641,1.615,1.619,150024.649022
1761631200000,1.619,1.65,1.617,1.647,217879.241858
1761634800000,1.648,1.653,1.626,1.627,288790.133078
1761638400000,1.628,1.639,1.627,1.632,92036.632387
1761642000000,1.632,1.638,1.627,1.638,119265.841691
1761645600000,1.638,1.641,1.629,1.637,117967.452095
1761649200000,1.637,1.642,1.627,1.627,101199.154912
1761652800000,1.627,1.634,1.614,1.631,176276.846686
1761656400000,1.631,1.648,1.631,1.64,238950.209756
1761660000000,1.641,1.648,1.589,1.623,668276.52682
1761663600000,1.623,1.63,1.609,1.619,197945.337207
1761667200000,1.618,1.635,1.61,1.632,172110.587219
1761670800000,1.632,1.638,1.626,1.627,98302.441349
1761674400000,1.627,1.633,1.615,1.619,54295.400925
1761678000000,1.62,1.62,1.584,1.594,260735.520458
1761681600000,1.594,1.596,1.552,1.559,559344.279871
1761685200000,1.558,1.562,1.532,1.553,403673.378306
1761688800000,1.553,1.565,1.545,1.564,148403.817657
1761692400000,1.564,1.565,1.556,1.559,74654.780645
1761696000000,1.558,1.562,1.554,1.558,139260.786476
1761699600000,1.557,1.571,1.555,1.564,201178.922839
1761703200000,1.564,1.566,1.56,1.56,62687.86974
1761706800000,1.559,1.563,1.551,1.557,99512.36557
1761710400000,1.557,1.567,1.555,1.565,128955.004532
1761714000000,1.565,1.576,1.563,1.571,130878.0558
1761717600000,1.57,1.573,1.566,1.572,51034.189921
1761721200000,1.572,1.582,1.57,1.58,99912.293112
1761724800000,1.579,1.582,1.569,1.571,99058.705884
1761728400000,1.572,1.579,1.566,1.577,49204.657464
1761732000000,1.577,1.604,1.577,1.6,206082.015753
1761735600000,1.6,1.632,1.6,1.626,438992.209605
1761739200000,1.625,1.645,1.612,1.616,480035.837228
1761742800000,1.616,1.626,1.608,1.614,197504.591235
1761746400000,1.615,1.628,1.609,1.624,256367.772123
1761750000000,1.625,1.628,1.591,1.601,394755.456901
1761753600000,1.6,1.612,1.594,1.598,193894.860669
1761757200000,1.599,1.638,1.597,1.638,110210.038161
1761760800000,1.638,1.642,1.54,1.603,1693329.875161
1761764400000,1.603,1.636,1.595,1.615,456816.152845
1761768000000,1.616,1.634,1.6,1.624,293450.829041
1761771600000,1.624,1.625,1.612,1.614,98080.782542
1761775200000,1.615,1.62,1.608,1.61,88182.332916
1761778800000,1.61,1.61,1.576,1.584,262439.430084
1761782400000,1.584,1.604,1.575,1.601,134146.753465
1761786000000,1.601,1.604,1.589,1.598,133803.081568
1761789600000,1.598,1.61,1.595,1.607,74077.168006
1761793200000,1.607,1.607,1.581,1.587,163315.253063
1761796800000,1.586,1.586,1.516,1.538,1086389.957307
1761800400000,1.538,1.566,1.53,1.564,411716.098416
1761804000000,1.563,1.569,1.546,1.56,305181.737818
1761807600000,1.559,1.583,1.559,1.575,138661.48207
1761811200000,1.574,1.574,1.551,1.552,143099.541719
1761814800000,1.551,1.554,1.54,1.545,129157.912297
1761818400000,1.545,1.553,1.538,1.545,112553.568987
1761822000000,1.545,1.549,1.537,1.537,85690.164367
1761825600000,1.538,1.539,1.502,1.518,552710.037609
1761829200000,1.517,1.521,1.475,1.485,663418.892121
1761832800000,1.485,1.496,1.477,1.484,531529.669516
1761836400000,1.483,1.487,1.454,1.464,529626.436089
1761840000000,1.464,1.474,1.455,1.459,493452.626637
1761843600000,1.459,1.459,1.414,1.432,538092.150269
1761847200000,1.433,1.433,1.405,1.412,367264.860261
1761850800000,1.412,1.42,1.397,1.409,499535.589924
1761854400000,1.41,1.426,1.404,1.425,269371.744201
1761858000000,1.424,1.432,1.418,1.428,115424.053338
1761861600000,1.429,1.441,1.428,1.441,180437.941857
1761865200000,1.442,1.465,1.439,1.465,270167.865826
1761868800000,1.464,1.474,1.458,1.465,309791.279474
1761872400000,1.465,1.481,1.463,1.481,311140.9858
1761876000000,1.481,1.488,1.469,1.488,186951.182833
1761879600000,1.488,1.488,1.473,1.476,125944.768982
1761883200000,1.477,1.502,1.476,1.5,205985.984083
1761886800000,1.499,1.506,1.492,1.496,179152.738425
1761890400000,1.497,1.507,1.496,1.505,214923.65258
1761894000000,1.504,1.523,1.503,1.519,401696.854216
1761897600000,1.518,1.521,1.504,1.506,208161.759408
1761901200000,1.507,1.511,1.494,1.501,210175.633556
1761904800000,1.5,1.507,1.497,1.497,117724.539778
1761908400000,1.497,1.519,1.493,1.517,131501.491959
1761912000000,1.516,1.516,1.502,1.502,134022.391012
1761915600000,1.502,1.513,1.496,1.513,165824.016529
1761919200000,1.513,1.522,1.504,1.518,240752.451186
1761922800000,1.518,1.528,1.501,1.502,216359.796063
1761926400000,1.501,1.504,1.471,1.475,388373.682256
1761930000000,1.474,1.486,1.462,1.476,227103.273957
1761933600000,1.476,1.5,1.475,1.493,215114.663492
1761937200000,1.492,1.518,1.483,1.512,224560.721925
1761940800000,1.511,1.514,1.498,1.5,108405.119367
1761944400000,1.5,1.508,1.498,1.502,143590.097739
1761948000000,1.503,1.512,1.502,1.506,41973.872512
1761951600000,1.506,1.52,1.503,1.516,103860.276179
1761955200000,1.516,1.535,1.508,1.531,153522.928549
1761958800000,1.531,1.542,1.522,1.531,190194.159387
1761962400000,1.531,1.538,1.516,1.537,180334.158411
1761966000000,1.537,1.544,1.532,1.538,151227.460786
1761969600000,1.539,1.545,1.535,1.537,131058.694693
1761973200000,1.537,1.544,1.533,1.534,138109.575703
1761976800000,1.534,1.539,1.529,1.539,122973.650983
1761980400000,1.539,1.569,1.536,1.561,293525.810759
1761984000000,1.562,1.572,1.556,1.57,192475.305254
1761987600000,1.57,1.576,1.562,1.563,204559.511665
1761991200000,1.565,1.605,1.565,1.596,606077.078906
1761994800000,1.597,1.643,1.597,1.635,1307442.686513
1761998400000,1.635,1.692,1.635,1.687,1462221.652438
1762002000000,1.687,1.716,1.664,1.692,2034186.602823
1762005600000,1.691,1.702,1.666,1.689,975004.09717
1762009200000,1.688,1.705,1.671,1.677,586882.923529
1762012800000,1.677,1.706,1.665,1.682,499537.143894
1762016400000,1.684,1.72,1.665,1.68,703294.024859
1762020000000,1.68,1.692,1.675,1.691,171494.393725
1762023600000,1.69,1.699,1.682,1.688,260984.454852
1762027200000,1.689,1.69,1.671,1.675,128103.53165
1762030800000,1.676,1.679,1.655,1.656,160048.168587
1762034400000,1.656,1.663,1.653,1.662,195481.880411
1762038000000,1.662,1.677,1.661,1.672,110233.306762
1762041600000,1.671,1.687,1.661,1.678,295780.76938
1762045200000,1.677,1.697,1.669,1.688,307285.967267
1762048800000,1.687,1.689,1.675,1.675,137468.183819
1762052400000,1.675,1.678,1.66,1.664,313537.307064
1762056000000,1.665,1.68,1.665,1.676,161623.459624
1762059600000,1.676,1.708,1.67,1.702,341582.509106
1762063200000,1.701,1.703,1.686,1.694,370066.241498
1762066800000,1.694,1.71,1.692,1.706,427489.642852
1762070400000,1.707,1.725,1.703,1.723,450358.083601
1762074000000,1.723,1.796,1.721,1.734,1551378.117503
1762077600000,1.733,1.745,1.669,1.68,1108167.07671
1762081200000,1.68,1.694,1.672,1.679,610243.310204
1762084800000,1.679,1.69,1.658,1.679,832969.858113
1762088400000,1.679,1.679,1.649,1.665,345075.545619
1762092000000,1.665,1.675,1.619,1.63,716924.471042
1762095600000,1.629,1.644,1.625,1.632,259752.700352
1762099200000,1.633,1.641,1.609,1.64,292612.977999
1762102800000,1.639,1.641,1.625,1.637,154875.272531
1762106400000,1.637,1.641,1.626,1.631,85387.441683
1762110000000,1.632,1.634,1.618,1.624,250744.967436
1762113600000,1.625,1.639,1.621,1.637,683209.178121
1762117200000,1.638,1.641,1.629,1.629,110522.084039
1762120800000,1.628,1.655,1.627,1.651,171651.253012
1762124400000,1.652,1.675,1.651,1.667,872088.598661
1762128000000,1.667,1.668,1.644,1.648,288222.975673
1762131600000,1.648,1.66,1.641,1.646,397033.173628
1762135200000,1.646,1.65,1.628,1.649,378034.451856
1762138800000,1.649,1.651,1.567,1.571,1028446.474502
1762142400000,1.572,1.572,1.552,1.57,636965.443196
1762146000000,1.57,1.576,1.518,1.52,926047.582504
1762149600000,1.52,1.533,1.495,1.53,959333.747398
1762153200000,1.53,1.537,1.515,1.525,370945.656151
1762156800000,1.524,1.526,1.505,1.522,442234.01369
1762160400000,1.521,1.534,1.506,1.508,350608.251689
1762164000000,1.508,1.523,1.503,1.509,350162.134308
1762167600000,1.51,1.548,1.51,1.533,333446.868902
1762171200000,1.533,1.544,1.53,1.534,217394.635804
1762174800000,1.533,1.555,1.528,1.539,282954.055938
1762178400000,1.539,1.563,1.537,1.563,204669.31463
1762182000000,1.562,1.564,1.439,1.473,3266736.751069
1762185600000,1.473,1.512,1.455,1.494,778430.346809
1762189200000,1.493,1.519,1.489,1.519,705202.555033
1762192800000,1.52,1.52,1.468,1.472,417751.020394
1762196400000,1.472,1.474,1.428,1.43,918425.774914
1762200000000,1.432,1.434,1.404,1.415,579940.790134
1762203600000,1.414,1.435,1.405,1.424,505253.752868
1762207200000,1.424,1.47,1.407,1.448,730675.046618
1762210800000,1.448,1.45,1.417,1.443,692817.182304
1762214400000,1.443,1.465,1.425,1.458,305782.473458
1762218000000,1.458,1.488,1.452,1.476,373204.437211
1762221600000,1.476,1.49,1.473,1.478,216170.07484
1762225200000,1.478,1.521,1.473,1.517,681325.765137
1762228800000,1.517,1.557,1.509,1.546,1268068.480641
1762232400000,1.546,1.547,1.445,1.452,1592097.444944
1762236000000,1.45,1.502,1.437,1.481,707944.903093
1762239600000,1.48,1.484,1.446,1.454,647287.856334
1762243200000,1.453,1.495,1.441,1.481,745890.63422
1762246800000,1.481,1.484,1.457,1.471,584205.847247
1762250400000,1.472,1.493,1.47,1.481,582916.218803
1762254000000,1.482,1.492,1.466,1.472,582063.105635
1762257600000,1.471,1.471,1.447,1.455,739006.419012
1762261200000,1.455,1.468,1.44,1.457,426247.72187
1762264800000,1.457,1.489,1.422,1.484,1124109.626417
1762268400000,1.484,1.49,1.453,1.455,993945.747815
1762272000000,1.455,1.466,1.41,1.415,825458.184908
1762275600000,1.415,1.416,1.362,1.386,1396064.667962
1762279200000,1.384,1.385,1.327,1.365,1276116.620427
1762282800000,1.364,1.375,1.343,1.347,536950.03703
1762286400000,1.347,1.358,1.278,1.338,1834299.350529
1762290000000,1.339,1.342,1.27,1.329,1208731.820958
1762293600000,1.33,1.374,1.318,1.373,699413.674838
1762297200000,1.373,1.384,1.361,1.367,458419.750352
1762300800000,1.368,1.379,1.35,1.358,295244.146603
1762304400000,1.358,1.358,1.297,1.343,880704.685707
1762308000000,1.344,1.394,1.344,1.394,606984.38483
1762311600000,1.394,1.406,1.383,1.4,643137.209404
1762315200000,1.401,1.405,1.386,1.391,223473.39372
1762318800000,1.392,1.404,1.389,1.393,187185.210095
1762322400000,1.392,1.392,1.377,1.387,334220.424421
1762326000000,1.387,1.39,1.368,1.374,366842.688276
1762329600000,1.374,1.374,1.345,1.359,649055.279604
1762333200000,1.358,1.372,1.356,1.365,275178.002577
1762336800000,1.365,1.369,1.344,1.346,342929.088225
1762340400000,1.346,1.377,1.346,1.374,576115.245528
1762344000000,1.373,1.384,1.364,1.368,273503.694182
1762347600000,1.367,1.381,1.357,1.371,370898.724048
1762351200000,1.371,1.376,1.339,1.354,583109.878478
1762354800000,1.354,1.379,1.347,1.378,732163.169138
1762358400000,1.377,1.402,1.356,1.401,1007054.938961
1762362000000,1.401,1.416,1.387,1.395,667673.755555
1762365600000,1.395,1.413,1.394,1.41,632763.427461
1762369200000,1.41,1.412,1.396,1.405,356237.184814
1762372800000,1.405,1.418,1.4,1.405,250188.790472
1762376400000,1.405,1.407,1.39,1.397,213248.02964
1762380000000,1.397,1.414,1.394,1.412,247983.774071
1762383600000,1.412,1.413,1.396,1.397,120571.931368
1762387200000,1.396,1.396,1.374,1.377,476684.857615
1762390800000,1.377,1.377,1.348,1.369,347514.932693
1762394400000,1.369,1.382,1.352,1.375,362253.199436
1762398000000,1.376,1.384,1.374,1.382,191282.664302
1762401600000,1.383,1.387,1.373,1.379,176720.886741
1762405200000,1.378,1.38,1.341,1.343,399481.880198
1762408800000,1.343,1.35,1.325,1.327,460073.211718
1762412400000,1.327,1.35,1.327,1.338,365033.346418
1762416000000,1.337,1.339,1.326,1.335,215192.977935
1762419600000,1.336,1.346,1.33,1.339,119153.064271
1762423200000,1.34,1.359,1.331,1.355,248570.251265
1762426800000,1.355,1.357,1.344,1.349,213123.315497
1762430400000,1.348,1.357,1.336,1.337,408701.600776
1762434000000,1.336,1.41,1.336,1.396,902950.908468
1762437600000,1.396,1.42,1.376,1.389,1284499.636011
1762441200000,1.389,1.408,1.358,1.378,1025901.267867
1762444800000,1.378,1.433,1.362,1.429,1244580.025047
1762448400000,1.43,1.542,1.43,1.54,3240600.294002
1762452000000,1.539,1.675,1.527,1.643,3382738.377969
1762455600000,1.643,1.825,1.643,1.751,8508236.831978
1762459200000,1.75,1.919,1.727,1.776,7519767.074186
1762462800000,1.776,1.837,1.746,1.797,3085069.378597
1762466400000,1.798,1.95,1.766,1.911,3572548.813965
1762470000000,1.911,1.929,1.814,1.886,3129295.095692
1762473600000,1.885,2.19,1.86,2.058,8462348.128364
1762477200000,2.058,2.258,1.996,2.114,7086152.870886
1762480800000,2.113,2.119,2.026,2.085,2519122.734241
1762484400000,2.086,2.137,2.058,2.122,2739204.396977
1762488000000,2.123,2.214,1.988,2.039,5275559.451817
1762491600000,2.04,2.173,2.034,2.122,3682005.013824
1762495200000,2.122,2.272,2.105,2.151,5722558.816051
1762498800000,2.153,2.227,2.093,2.188,5199652.609619
1762502400000,2.189,2.2,2.08,2.101,3380386.680759
1762506000000,2.102,2.328,2.102,2.312,5583699.427253
1762509600000,2.311,2.37,2.185,2.236,5285182.162421
1762513200000,2.235,2.243,2.045,2.09,4958643.308581
1762516800000,2.089,2.159,2.05,2.074,3247434.043039
1762520400000,2.074,2.199,2.021,2.167,4251987.108167
1762524000000,2.167,2.318,2.148,2.277,6624349.488547
1762527600000,2.278,2.5,2.264,2.49,8363284.3571
1762531200000,2.49,3.15,2.441,2.965,19723523.233375
1762534800000,2.964,3.456,2.801,3.406,10182344.238146
1762538400000,3.407,3.951,3.211,3.324,16947705.458161
1762542000000,3.326,3.504,3.157,3.28,7335983.371184
1762545600000,3.279,3.457,3.221,3.398,4217533.511341
1762549200000,3.397,3.682,3.377,3.496,4976589.55972
1762552800000,3.496,3.537,3.335,3.378,3124577.108093
1762556400000,3.38,3.383,3.236,3.363,2726386.270813
1762560000000,3.362,3.482,2.891,2.933,6336254.076634
1762563600000,2.933,3.244,2.905,3.217,3644206.141134
1762567200000,3.216,3.396,3.125,3.281,2934839.963973
1762570800000,3.283,3.356,3.098,3.121,2462903.910204
1762574400000,3.121,3.44,3.121,3.303,3305880.129659
1762578000000,3.302,3.338,3.105,3.154,2385487.83088
1762581600000,3.156,3.22,3.036,3.137,2761036.487286
1762585200000,3.138,3.319,3.094,3.26,2432033.371303
1762588800000,3.261,3.613,3.208,3.345,6324021.994956
1762592400000,3.344,3.384,3.188,3.293,2818035.712964
1762596000000,3.293,3.39,3.279,3.3,1370536.460113
1762599600000,3.299,3.338,3.127,3.277,1950549.270844
1762603200000,3.277,3.406,3.24,3.364,1625600.739356
1762606800000,3.364,3.513,3.162,3.203,3695155.711467
1762610400000,3.2,3.239,2.982,3.109,4003341.23836
1762614000000,3.11,3.115,2.854,2.881,2854524.828186
1762617600000,2.883,2.941,2.73,2.847,5315373.630138
1762621200000,2.846,2.88,2.771,2.797,1441263.445245
1762624800000,2.796,2.913,2.768,2.875,1122079.203264
1762628400000,2.874,2.905,2.793,2.84,677000.661981
1762632000000,2.841,2.874,2.806,2.835,352126.503484
1762635600000,2.834,2.947,2.756,2.918,1291226.210512
1762639200000,2.917,3.176,2.903,3.054,3030176.112934
1762642800000,3.056,3.063,2.935,2.956,2746419.209613
1762646400000,2.956,2.994,2.86,2.916,2517368.828229
1762650000000,2.916,2.956,2.82,2.892,1379256.403334
1762653600000,2.891,2.893,2.632,2.658,3070347.64426
1762657200000,2.658,2.688,2.52,2.557,4052126.269353
1762660800000,2.557,2.61,2.528,2.546,1513962.735468
1762664400000,2.546,2.565,2.494,2.548,1665927.683778
1762668000000,2.549,2.598,2.513,2.535,1028623.676494
1762671600000,2.535,2.64,2.535,2.629,1135807.254316
1762675200000,2.629,2.686,2.579,2.602,1684289.204272
1762678800000,2.602,2.672,2.535,2.557,1496114.022257
1762682400000,2.556,2.59,2.532,2.585,862759.330298
1762686000000,2.586,2.756,2.586,2.752,2492142.425356
1762689600000,2.751,2.799,2.655,2.665,2379381.093191
1762693200000,2.666,2.778,2.641,2.709,1341697.935769
1762696800000,2.709,2.869,2.665,2.742,2510096.210054
1762700400000,2.742,2.837,2.723,2.743,1645221.369441
1762704000000,2.741,2.761,2.67,2.699,1442707.358955
1762707600000,2.698,2.764,2.65,2.719,644012.869967
1762711200000,2.719,2.817,2.658,2.801,1027097.092105
1762714800000,2.801,2.91,2.761,2.9,1520310.537089
1762718400000,2.9,2.96,2.828,2.856,1626219.021235
1762722000000,2.856,2.899,2.812,2.819,919066.947706
1762725600000,2.82,2.828,2.749,2.822,829509.272289
1762729200000,2.823,2.853,2.726,2.781,851996.80487
1762732800000,2.782,2.792,2.684,2.748,1463969.506031
1762736400000,2.747,2.755,2.629,2.639,1053754.701698
1762740000000,2.639,2.73,2.631,2.703,1780807.383754
1762743600000,2.702,2.925,2.7,2.804,3093594.087642
1762747200000,2.803,2.812,2.676,2.728,1935048.475963
1762750800000,2.729,2.754,2.68,2.721,1241692.212826
1762754400000,2.721,2.739,2.653,2.695,842994.756221
1762758000000,2.694,2.719,2.609,2.623,1532139.327852
1762761600000,2.623,2.656,2.573,2.604,1123960.088691
1762765200000,2.605,2.642,2.602,2.641,523330.404642
1762768800000,2.64,2.658,2.56,2.59,880150.647952
1762772400000,2.591,2.644,2.582,2.622,470280.060927
1762776000000,2.62,2.629,2.549,2.585,884590.933333
1762779600000,2.584,2.618,2.548,2.559,1660825.460632
1762783200000,2.558,2.558,2.48,2.524,1808628.741003
1762786800000,2.524,2.543,2.492,2.512,687956.544234
1762790400000,2.512,2.565,2.466,2.485,1192737.183299
1762794000000,2.484,2.554,2.481,2.528,1026265.03623
1762797600000,2.529,2.568,2.518,2.548,387172.014854
1762801200000,2.547,2.597,2.54,2.578,305330.521862
1762804800000,2.578,2.633,2.57,2.593,793540.429126
1762808400000,2.594,2.599,2.544,2.563,983061.433132
1762812000000,2.565,2.589,2.518,2.574,721080.164146
1762815600000,2.575,2.589,2.518,2.554,449922.401757
1762819200000,2.554,2.64,2.49,2.55,1782275.133395
1762822800000,2.549,2.678,2.505,2.525,2255790.904412
1762826400000,2.527,2.581,2.511,2.534,657505.096349
1762830000000,2.535,2.626,2.534,2.576,1821637.60699
1762833600000,2.575,2.599,2.493,2.501,1141704.826326
1762837200000,2.502,2.502,2.366,2.387,2498783.597586
1762840800000,2.387,2.435,2.38,2.391,1106924.2332
1762844400000,2.391,2.405,2.334,2.349,1009572.31575
1762848000000,2.35,2.366,2.326,2.357,666202.539886
1762851600000,2.357,2.381,2.333,2.353,595173.763613
1762855200000,2.354,2.404,2.353,2.379,391623.965382
1762858800000,2.379,2.41,2.37,2.391,425688.805286
1762862400000,2.391,2.42,2.361,2.401,748247.994086
1762866000000,2.402,2.434,2.388,2.394,656753.191137
1762869600000,2.393,2.429,2.372,2.421,711188.479066
1762873200000,2.42,2.42,2.354,2.407,635496.631437
1762876800000,2.407,2.438,2.382,2.4,715522.921879
1762880400000,2.399,2.41,2.338,2.363,574643.974522
1762884000000,2.364,2.37,2.309,2.323,676537.380963
1762887600000,2.323,2.327,2.273,2.285,1242894.808963
1762891200000,2.285,2.304,2.224,2.232,822134.805413
1762894800000,2.234,2.267,2.208,2.225,720551.511643
1762898400000,2.225,2.253,2.199,2.244,832197.394754
1762902000000,2.243,2.253,2.215,2.228,357419.161939
1762905600000,2.229,2.274,2.178,2.181,632169.874914
1762909200000,2.181,2.254,2.181,2.25,663631.521972
1762912800000,2.251,2.274,2.229,2.263,583290.887614
1762916400000,2.264,2.28,2.248,2.264,317237.413331
1762920000000,2.263,2.27,2.251,2.26,207286.060427
1762923600000,2.26,2.284,2.253,2.267,252591.614315
1762927200000,2.267,2.288,2.25,2.269,235610.649015
1762930800000,2.268,2.33,2.256,2.289,693098.739072
1762934400000,2.29,2.363,2.274,2.335,599422.177145
1762938000000,2.336,2.353,2.324,2.329,417521.138667
1762941600000,2.329,2.348,2.325,2.337,282846.262008
1762945200000,2.337,2.359,2.294,2.304,712090.456763
1762948800000,2.304,2.321,2.281,2.297,504125.834498
1762952400000,2.297,2.323,2.29,2.31,273143.385344
1762956000000,2.31,2.311,2.213,2.249,850174.335038
1762959600000,2.25,2.262,2.161,2.17,1138223.190816
1762963200000,2.168,2.181,2.1,2.118,2087431.641108
1762966800000,2.117,2.176,2.084,2.174,1466931.103506
1762970400000,2.173,2.19,2.148,2.158,397778.576474
1762974000000,2.158,2.173,2.145,2.156,243343.96674
1762977600000,2.155,2.239,2.15,2.203,991775.201319
1762981200000,2.203,2.206,2.168,2.186,510545.172382
1762984800000,2.186,2.206,2.17,2.202,228669.293149
1762988400000,2.202,2.203,2.17,2.198,252308.556013
1762992000000,2.198,2.237,2.188,2.194,458600.149086
1762995600000,2.193,2.225,2.176,2.183,477426.585742
1762999200000,2.184,2.195,2.164,2.18,392454.421892
1763002800000,2.18,2.227,2.154,2.196,765178.159646
1763006400000,2.196,2.21,2.175,2.188,379144.56244
1763010000000,2.188,2.225,2.174,2.218,463442.270187
1763013600000,2.218,2.224,2.185,2.186,414959.319816
1763017200000,2.186,2.197,2.16,2.165,283317.60811
1763020800000,2.166,2.21,2.158,2.194,465756.641569
1763024400000,2.194,2.198,2.156,2.159,357528.946404
1763028000000,2.16,2.182,2.132,2.135,414491.667145
1763031600000,2.136,2.16,2.135,2.15,272143.46105
1763035200000,2.15,2.195,2.15,2.169,453986.192935
1763038800000,2.169,2.177,2.132,2.138,403277.076692
1763042400000,2.138,2.184,2.11,2.171,845238.034887
1763046000000,2.17,2.17,2.093,2.118,716488.877222
1763049600000,2.118,2.133,2.051,2.058,1458326.512259
1763053200000,2.058,2.071,2.035,2.045,684621.3575
1763056800000,2.047,2.063,2.014,2.04,944366.242754
1763060400000,2.04,2.041,2.005,2.032,864607.383337
1763064000000,2.031,2.059,2.017,2.034,439617.284311
1763067600000,2.034,2.039,1.994,2.019,612537.357761
1763071200000,2.019,2.069,2.015,2.059,282504.549768
1763074800000,2.059,2.091,2.057,2.068,551928.185786
1763078400000,2.068,2.137,2.049,2.089,1250991.654865
1763082000000,2.09,2.139,2.077,2.109,551754.919402
1763085600000,2.109,2.122,2.1,2.106,302963.042591
1763089200000,2.106,2.121,2.069,2.091,871220.710492
1763092800000,2.091,2.091,2.001,2.065,1135519.608074
1763096400000,2.065,2.113,2.036,2.106,956633.96953
1763100000000,2.105,2.127,2.055,2.125,932525.373793
1763103600000,2.125,2.144,2.097,2.143,655401.846171
1763107200000,2.142,2.172,2.11,2.133,782866.677861
1763110800000,2.133,2.133,2.063,2.092,529286.820546
1763114400000,2.094,2.125,2.093,2.104,271242.256842
1763118000000,2.104,2.105,2.048,2.064,484484.269726
1763121600000,2.064,2.088,2.008,2.078,1153808.114834
1763125200000,2.08,2.093,2.042,2.069,523125.558771
1763128800000,2.069,2.093,2.013,2.069,858400.087046
1763132400000,2.07,2.084,2.032,2.037,731164.572417
1763136000000,2.038,2.059,2.012,2.036,615928.433557
1763139600000,2.035,2.052,1.961,1.978,982805.768219
1763143200000,1.977,2.028,1.976,1.997,497336.280864
1763146800000,1.998,2.04,1.994,2.032,250128.776241
1763150400000,2.032,2.033,1.95,1.971,353610.590485
1763154000000,1.971,2.025,1.968,2.007,281579.913614
1763157600000,2.007,2.036,1.999,2.007,323308.390505
1763161200000,2.006,2.007,1.932,1.999,895748.089092
1763164800000,1.998,2.017,1.976,2.009,643257.710454
1763168400000,2.01,2.062,2.004,2.041,702228.484134
1763172000000,2.04,2.041,2.022,2.038,336828.184392
1763175600000,2.038,2.059,2.023,2.042,380802.694253
1763179200000,2.043,2.098,2.041,2.055,683727.068152
1763182800000,2.055,2.094,2.038,2.084,609221.507677
1763186400000,2.085,2.199,2.069,2.14,2036954.082301
1763190000000,2.14,2.144,2.091,2.097,869554.750221
1763193600000,2.098,2.104,2.027,2.037,1326175.386454
1763197200000,2.037,2.053,2.006,2.014,652630.554691
1763200800000,2.014,2.048,2.009,2.046,481429.847396
1763204400000,2.045,2.059,2.026,2.045,418876.333436
1763208000000,2.044,2.081,2.03,2.072,483596.578901
1763211600000,2.072,2.168,2.066,2.143,2035698.072719
1763215200000,2.143,2.17,2.094,2.108,1744139.698229
1763218800000,2.108,2.126,2.087,2.097,485789.154555
1763222400000,2.097,2.122,2.054,2.114,790080.314704
1763226000000,2.114,2.156,2.092,2.118,731465.607542
1763229600000,2.118,2.118,2.091,2.104,185058.739306
1763233200000,2.104,2.104,2.093,2.096,67879.929977
1763236800000,2.097,2.097,2.045,2.047,384417.492278
1763240400000,2.048,2.068,2.025,2.028,230449.684335
1763244000000,2.028,2.061,2.022,2.051,320931.97433
1763247600000,2.051,2.051,2.025,2.037,252871.336702
1763251200000,2.036,2.047,1.991,2.036,1166895.201505
1763254800000,2.036,2.063,1.998,2.039,692468.854357
1763258400000,2.039,2.073,2.024,2.066,500482.483511
1763262000000,2.066,2.069,2.046,2.064,546635.342545
1763265600000,2.064,2.067,2.03,2.044,217582.149321
1763269200000,2.044,2.073,2.041,2.056,251897.922088
1763272800000,2.058,2.136,2.051,2.081,1446891.741266
1763276400000,2.081,2.082,2.048,2.058,528218.625693
1763280000000,2.058,2.068,2.04,2.052,182679.396257
1763283600000,2.052,2.071,2.033,2.066,364293.445791
1763287200000,2.066,2.066,2.036,2.041,240214.222964
1763290800000,2.041,2.048,1.971,1.982,1262893.439346
1763294400000,1.981,2.001,1.961,1.984,842004.629613
1763298000000,1.984,2.003,1.972,1.992,550054.857197
1763301600000,1.992,2.005,1.976,1.997,439250.415567
1763305200000,1.997,2.002,1.933,1.943,807369.03168
1763308800000,1.943,1.967,1.906,1.92,788321.466606
1763312400000,1.92,1.927,1.873,1.906,1198154.162609
1763316000000,1.906,1.942,1.903,1.912,502903.262838
1763319600000,1.911,1.938,1.91,1.913,227648.787128
1763323200000,1.913,1.93,1.907,1.913,127553.458428
1763326800000,1.913,1.916,1.888,1.915,225635.290026
1763330400000,1.916,1.969,1.908,1.967,376738.03981
1763334000000,1.967,1.972,1.928,1.961,600555.532234
1763337600000,1.961,1.991,1.933,1.983,434849.589376
1763341200000,1.982,1.985,1.954,1.963,233274.215991
1763344800000,1.964,1.991,1.956,1.989,325788.770035
1763348400000,1.988,2,1.98,1.986,331779.535517
1763352000000,1.987,1.989,1.967,1.971,278259.9137
1763355600000,1.971,1.986,1.964,1.979,301892.279299
1763359200000,1.979,1.987,1.965,1.986,280471.794833
1763362800000,1.987,2.008,1.983,1.999,430954.224201
1763366400000,1.999,2.003,1.986,1.995,236936.063009
1763370000000,1.995,2.021,1.993,2.002,334487.794292
1763373600000,2.002,2.004,1.986,1.99,218788.870056
1763377200000,1.99,2.012,1.981,1.994,759367.160045
1763380800000,1.994,2.009,1.992,1.997,241714.755289
1763384400000,1.996,2,1.919,1.936,833332.026863
1763388000000,1.935,2.026,1.929,1.98,1179167.273401
1763391600000,1.981,2.002,1.954,1.973,489470.181073
1763395200000,1.973,2.092,1.937,2.081,1661961.713126
1763398800000,2.081,2.082,2.014,2.049,1079690.262017
1763402400000,2.05,2.169,2.045,2.133,2855520.64262
1763406000000,2.132,2.177,2.079,2.141,3067258.474637
1763409600000,2.141,2.143,2.03,2.04,1187134.144115
1763413200000,2.041,2.043,1.974,2.006,934056.658485
1763416800000,2.007,2.09,1.99,2.055,747682.671033
1763420400000,2.056,2.061,1.992,2.021,812152.396998
1763424000000,2.021,2.098,1.982,2.074,1703854.429836
1763427600000,2.076,2.172,2.059,2.169,2324171.08268
1763431200000,2.168,2.207,2.101,2.111,2224070.326084
1763434800000,2.111,2.114,2.057,2.063,1642248.240761
1763438400000,2.063,2.114,2.041,2.104,966433.789594
1763442000000,2.104,2.146,2.072,2.093,1267600.946982
1763445600000,2.093,2.12,2.011,2.017,1224505.921012
1763449200000,2.017,2.033,1.974,2.001,1244634.995007
1763452800000,2.001,2.026,1.975,2.004,1571176.337258
1763456400000,2.005,2.007,1.95,1.982,1263794.501083
1763460000000,1.982,1.99,1.945,1.983,590225.397009
1763463600000,1.982,1.982,1.932,1.943,770635.114714
1763467200000,1.943,1.955,1.924,1.942,565877.647044
1763470800000,1.941,1.941,1.895,1.928,810967.672925
1763474400000,1.929,1.965,1.914,1.914,730220.959601
1763478000000,1.913,1.978,1.901,1.948,1008145.279685
1763481600000,1.948,2.036,1.936,2.007,2297528.119086
1763485200000,2.006,2.013,1.963,1.979,1291378.338188
1763488800000,1.98,2.01,1.977,1.981,460014.137508
1763492400000,1.981,1.992,1.954,1.962,283043.527528
1763496000000,1.963,1.975,1.957,1.965,132985.040252
1763499600000,1.965,1.977,1.939,1.94,153772.291166
1763503200000,1.941,2.012,1.941,2.01,354415.568172
1763506800000,2.01,2.01,1.982,1.987,307860.825865
1763510400000,1.987,2.025,1.953,2.009,618411.353621
1763514000000,2.01,2.025,1.984,1.992,403593.165031
1763517600000,1.991,2.007,1.969,1.979,433917.525346
1763521200000,1.979,1.986,1.92,1.926,620513.244677
1763524800000,1.926,1.94,1.916,1.919,341544.789429
1763528400000,1.918,1.92,1.817,1.832,1920771.383135
1763532000000,1.832,1.857,1.787,1.851,2007266.715879
1763535600000,1.852,1.884,1.845,1.878,430240.720859
1763539200000,1.879,1.901,1.879,1.894,599340.203576
1763542800000,1.893,1.923,1.884,1.913,405696.957106
1763546400000,1.913,1.94,1.902,1.913,395472.995145
1763550000000,1.913,1.926,1.904,1.91,225876.942612
1763553600000,1.91,1.928,1.905,1.912,205889.991547
1763557200000,1.912,1.912,1.875,1.876,407502.79023
1763560800000,1.876,1.88,1.846,1.88,772825.558842
1763564400000,1.881,1.916,1.839,1.842,1002858.368434
1763568000000,1.841,1.856,1.812,1.826,602669.137081
1763571600000,1.826,1.834,1.802,1.817,395490.268545
1763575200000,1.816,1.818,1.766,1.784,979585.244548
1763578800000,1.783,1.797,1.76,1.794,318763.705695
1763582400000,1.793,1.812,1.783,1.81,172190.772976
1763586000000,1.81,1.862,1.805,1.856,365809.234324
1763589600000,1.857,1.868,1.842,1.862,158602.336081
1763593200000,1.862,1.891,1.862,1.88,604718.680624
1763596800000,1.88,1.88,1.862,1.865,433124.908727
1763600400000,1.865,1.894,1.861,1.892,560489.504737
1763604000000,1.892,1.904,1.867,1.875,447557.896801
1763607600000,1.875,1.877,1.849,1.856,439359.45494
1763611200000,1.857,1.878,1.854,1.877,256836.634665
1763614800000,1.876,1.882,1.863,1.871,373211.672542
1763618400000,1.871,1.892,1.86,1.869,470352.3914
1763622000000,1.869,1.882,1.864,1.881,269920.831352
1763625600000,1.881,1.881,1.868,1.871,250843.959115
1763629200000,1.872,1.873,1.855,1.863,196461.374615
1763632800000,1.863,1.872,1.85,1.871,262215.924954
1763636400000,1.871,1.883,1.861,1.87,161623.252141
1763640000000,1.87,1.884,1.857,1.881,329342.097936
1763643600000,1.882,1.901,1.859,1.861,546665.825359
1763647200000,1.861,1.892,1.839,1.891,709632.777281
1763650800000,1.892,1.892,1.846,1.849,600216.776783
1763654400000,1.849,1.854,1.778,1.789,1250258.172889
1763658000000,1.789,1.809,1.767,1.789,560626.35113
1763661600000,1.789,1.804,1.772,1.777,277190.165273
1763665200000,1.777,1.791,1.756,1.784,273989.509999
1763668800000,1.784,1.789,1.758,1.773,660403.274367
1763672400000,1.773,1.813,1.772,1.798,349859.293723
1763676000000,1.798,1.84,1.794,1.837,220256.070138
1763679600000,1.836,1.837,1.807,1.82,590288.36804
1763683200000,1.82,1.839,1.816,1.837,286637.656706
1763686800000,1.838,1.868,1.834,1.842,678257.266252
1763690400000,1.842,1.848,1.79,1.795,623143.035282
1763694000000,1.795,1.821,1.774,1.797,599573.420529
1763697600000,1.796,1.802,1.74,1.777,537350.349563
1763701200000,1.777,1.791,1.751,1.756,261049.989438
1763704800000,1.756,1.763,1.731,1.741,501327.552871
1763708400000,1.741,1.751,1.528,1.65,6015760.756297
1763712000000,1.651,1.676,1.637,1.667,926156.959169
1763715600000,1.667,1.676,1.623,1.628,628236.238143
1763719200000,1.627,1.651,1.615,1.625,592191.317758
1763722800000,1.624,1.635,1.594,1.603,486862.407091
1763726400000,1.603,1.655,1.575,1.637,1003623.183832
1763730000000,1.636,1.669,1.633,1.655,676932.359131
1763733600000,1.655,1.683,1.638,1.675,797125.125827
1763737200000,1.675,1.692,1.652,1.666,990317.144634
1763740800000,1.666,1.696,1.639,1.696,677700.768169
1763744400000,1.696,1.714,1.676,1.68,409413.112027
1763748000000,1.68,1.709,1.65,1.691,364338.250027
1763751600000,1.692,1.695,1.671,1.676,114182.477178
1763755200000,1.676,1.677,1.642,1.658,177228.734495
1763758800000,1.658,1.687,1.645,1.676,191090.568733
1763762400000,1.676,1.679,1.617,1.618,251975.024889
1763766000000,1.619,1.667,1.611,1.66,252952.650212
1763769600000,1.66,1.669,1.64,1.654,250488.942991
1763773200000,1.655,1.669,1.649,1.663,283446.734691
1763776800000,1.663,1.666,1.636,1.645,277120.686218
1763780400000,1.645,1.658,1.638,1.644,204169.044666
1763784000000,1.644,1.647,1.611,1.637,343554.866357
1763787600000,1.637,1.644,1.606,1.619,306017.433068
1763791200000,1.619,1.642,1.61,1.635,161620.077379
1763794800000,1.636,1.638,1.625,1.635,157504.258016
1763798400000,1.635,1.635,1.594,1.611,364963.071053
1763802000000,1.611,1.63,1.604,1.619,363599.268526
1763805600000,1.619,1.622,1.595,1.608,232313.024991
1763809200000,1.607,1.632,1.602,1.621,221801.560721
1763812800000,1.621,1.621,1.607,1.612,205835.056548
1763816400000,1.612,1.619,1.595,1.604,178301.573834
1763820000000,1.604,1.633,1.604,1.617,208146.855376
1763823600000,1.617,1.622,1.592,1.604,225167.407742
1763827200000,1.603,1.623,1.602,1.609,766806.897899
1763830800000,1.61,1.614,1.598,1.604,226948.451218
1763834400000,1.603,1.61,1.594,1.609,185572.864781
1763838000000,1.61,1.611,1.578,1.589,163456.026713
1763841600000,1.589,1.604,1.568,1.583,141976.270697
1763845200000,1.582,1.596,1.581,1.587,110430.431952
1763848800000,1.587,1.646,1.58,1.631,243432.142019
1763852400000,1.631,1.639,1.612,1.615,179532.805482
1763856000000,1.615,1.626,1.604,1.611,162187.593693
1763859600000,1.611,1.656,1.609,1.646,684824.657093
1763863200000,1.646,1.672,1.643,1.665,682899.356835
1763866800000,1.665,1.666,1.645,1.664,390949.405313
1763870400000,1.664,1.684,1.664,1.676,391010.741855
1763874000000,1.676,1.684,1.667,1.683,175432.273261
1763877600000,1.684,1.685,1.656,1.663,331224.625117
1763881200000,1.663,1.667,1.649,1.655,365438.273282
1763884800000,1.656,1.664,1.652,1.661,173286.324031
1763888400000,1.661,1.669,1.656,1.656,153780.856352
1763892000000,1.656,1.657,1.64,1.645,223289.879001
1763895600000,1.644,1.652,1.63,1.645,508263.392346
1763899200000,1.645,1.667,1.644,1.654,347328.788459
1763902800000,1.654,1.66,1.647,1.654,261363.09019
1763906400000,1.654,1.664,1.625,1.627,517568.701908
1763910000000,1.628,1.647,1.624,1.638,408164.759025
1763913600000,1.639,1.648,1.626,1.628,405237.798596
1763917200000,1.629,1.633,1.615,1.619,223107.561305
1763920800000,1.62,1.64,1.62,1.634,90760.972198
1763924400000,1.635,1.651,1.63,1.638,70177.663523
1763928000000,1.638,1.644,1.633,1.636,51712.80842
1763931600000,1.636,1.651,1.624,1.648,374227.536939
1763935200000,1.648,1.653,1.629,1.635,177926.451709
1763938800000,1.637,1.642,1.607,1.612,384324.059887
1763942400000,1.612,1.624,1.595,1.609,281545.902608
1763946000000,1.609,1.621,1.603,1.62,235956.368318
1763949600000,1.619,1.654,1.615,1.642,603049.054106
1763953200000,1.642,1.655,1.634,1.639,121997.634358
1763956800000,1.639,1.649,1.612,1.623,183449.967631
1763960400000,1.623,1.657,1.619,1.642,414878.023634
1763964000000,1.643,1.653,1.625,1.638,491759.712174
1763967600000,1.638,1.653,1.631,1.641,248766.452872
1763971200000,1.64,1.651,1.625,1.632,327264.186996
1763974800000,1.632,1.632,1.596,1.601,405134.445486
1763978400000,1.601,1.615,1.596,1.61,224031.923376
1763982000000,1.61,1.615,1.599,1.613,117276.2405
1763985600000,1.613,1.613,1.589,1.595,132908.661105
1763989200000,1.596,1.621,1.594,1.605,127233.52378
1763992800000,1.605,1.632,1.594,1.63,403027.19298
1763996400000,1.63,1.654,1.626,1.642,637520.568985
1764000000000,1.642,1.655,1.635,1.645,267456.473411
1764003600000,1.645,1.675,1.642,1.673,380952.381409
1764007200000,1.674,1.681,1.665,1.67,258336.963739
1764010800000,1.669,1.677,1.655,1.657,286149.456239
1764014400000,1.658,1.672,1.653,1.667,188325.554253
1764018000000,1.667,1.668,1.647,1.648,134538.122201
1764021600000,1.647,1.664,1.647,1.66,163682.293295
1764025200000,1.659,1.661,1.638,1.642,111057.498982
1764028800000,1.641,1.654,1.634,1.647,255630.07017
1764032400000,1.647,1.651,1.636,1.637,188217.506438
1764036000000,1.636,1.637,1.615,1.632,410225.169176
1764039600000,1.631,1.635,1.618,1.623,166911.339613
1764043200000,1.622,1.625,1.61,1.624,180399.282058
1764046800000,1.623,1.625,1.614,1.619,132052.172774
1764050400000,1.619,1.619,1.602,1.61,281963.129722
1764054000000,1.61,1.618,1.604,1.607,208366.979147
1764057600000,1.607,1.621,1.605,1.607,288716.268986
1764061200000,1.608,1.616,1.59,1.612,380081.382954
1764064800000,1.612,1.612,1.6,1.61,138177.862348
1764068400000,1.61,1.61,1.595,1.597,199523.539821
1764072000000,1.598,1.615,1.595,1.609,145439.649026
1764075600000,1.608,1.614,1.584,1.589,387425.276765
1764079200000,1.59,1.605,1.566,1.586,621011.93671
1764082800000,1.585,1.607,1.571,1.599,360528.320203
1764086400000,1.599,1.641,1.599,1.64,353819.296826
1764090000000,1.64,1.738,1.639,1.688,1596734.86278
1764093600000,1.689,1.723,1.673,1.677,871583.997123
1764097200000,1.677,1.681,1.628,1.652,608168.913171
1764100800000,1.652,1.667,1.646,1.653,171290.60156
1764104400000,1.653,1.658,1.645,1.647,128369.469752
1764108000000,1.646,1.663,1.618,1.651,433035.829373
1764111600000,1.651,1.673,1.646,1.672,252446.83166
1764115200000,1.672,1.685,1.658,1.659,264108.779612
1764118800000,1.659,1.672,1.647,1.66,260545.339036
1764122400000,1.661,1.663,1.643,1.652,292177.326848
1764126000000,1.651,1.654,1.633,1.637,298666.431807
1764129600000,1.638,1.639,1.627,1.632,182020.935149
1764133200000,1.632,1.65,1.631,1.642,296335.062001
1764136800000,1.643,1.648,1.632,1.644,150475.617419
1764140400000,1.644,1.652,1.639,1.651,184873.859279
1764144000000,1.65,1.651,1.62,1.622,291024.886601
1764147600000,1.622,1.625,1.607,1.612,356725.256932
1764151200000,1.613,1.622,1.609,1.615,200253.70361
1764154800000,1.614,1.618,1.603,1.612,177367.458963
1764158400000,1.612,1.618,1.599,1.615,305245.074147
1764162000000,1.614,1.637,1.614,1.636,222895.656163
1764165600000,1.636,1.673,1.629,1.648,589183.324044
1764169200000,1.649,1.659,1.621,1.635,280532.458455
1764172800000,1.635,1.665,1.635,1.658,322005.851221
1764176400000,1.66,1.697,1.651,1.689,438382.357588
1764180000000,1.69,1.702,1.684,1.69,389356.997131
1764183600000,1.691,1.691,1.681,1.685,109146.194911
1764187200000,1.685,1.694,1.674,1.679,204148.043422
1764190800000,1.679,1.69,1.673,1.684,169798.861831
1764194400000,1.684,1.685,1.668,1.674,226480.317896
1764198000000,1.674,1.679,1.667,1.675,136165.224975
1764201600000,1.674,1.68,1.661,1.672,259411.856961
1764205200000,1.672,1.689,1.669,1.684,160598.279937
1764208800000,1.684,1.7,1.678,1.686,210165.470226
1764212400000,1.686,1.689,1.666,1.667,302595.076209
1764216000000,1.668,1.684,1.667,1.679,254605.923482
1764219600000,1.679,1.68,1.659,1.665,122603.245049
1764223200000,1.665,1.674,1.665,1.67,104150.574683
1764226800000,1.67,1.67,1.649,1.653,297414.20156
1764230400000,1.652,1.654,1.64,1.644,149215.660508
1764234000000,1.644,1.663,1.639,1.656,200375.829795
1764237600000,1.655,1.657,1.646,1.655,65058.037613
1764241200000,1.655,1.661,1.645,1.65,144666.486311
1764244800000,1.65,1.651,1.633,1.636,403193.195169
1764248400000,1.636,1.647,1.636,1.645,87092.464138
1764252000000,1.645,1.66,1.642,1.657,178575.715423
1764255600000,1.656,1.669,1.655,1.668,112739.824176
1764259200000,1.668,1.675,1.659,1.667,118759.500067
1764262800000,1.667,1.669,1.658,1.662,139734.672795
1764266400000,1.661,1.666,1.658,1.658,42067.65624
1764270000000,1.658,1.658,1.648,1.653,117952.368302
1764273600000,1.653,1.657,1.651,1.656,63262.301819
1764277200000,1.656,1.663,1.646,1.648,52527.493172
1764280800000,1.648,1.652,1.62,1.629,257490.999287
1764284400000,1.629,1.635,1.611,1.618,193449.544822
1764288000000,1.617,1.625,1.615,1.623,268505.038386
1764291600000,1.623,1.624,1.6,1.603,320698.505431
1764295200000,1.603,1.608,1.584,1.606,314429.411801
1764298800000,1.605,1.615,1.603,1.613,147150.500592
1764302400000,1.614,1.62,1.609,1.609,79975.112107
1764306000000,1.609,1.618,1.606,1.616,83617.077934
1764309600000,1.615,1.615,1.598,1.608,496163.573394
1764313200000,1.608,1.615,1.605,1.608,121850.256424
1764316800000,1.608,1.646,1.608,1.641,226872.410548
1764320400000,1.641,1.642,1.624,1.626,354465.103619
1764324000000,1.626,1.632,1.623,1.63,80794.356109
1764327600000,1.63,1.63,1.607,1.62,160512.17478
1764331200000,1.62,1.629,1.62,1.625,82519.000981
1764334800000,1.625,1.642,1.616,1.635,169290.858647
1764338400000,1.635,1.644,1.625,1.632,174796.024461
1764342000000,1.632,1.654,1.632,1.648,237410.377603
1764345600000,1.649,1.676,1.633,1.664,350612.96187
1764349200000,1.664,1.664,1.599,1.604,481587.37511
1764352800000,1.605,1.624,1.591,1.617,172479.59823
1764356400000,1.616,1.638,1.611,1.632,73916.605351
1764360000000,1.631,1.632,1.621,1.632,65565.751638
1764363600000,1.633,1.637,1.617,1.618,35142.440343
1764367200000,1.618,1.626,1.61,1.624,90144.778353
1764370800000,1.625,1.628,1.614,1.617,52301.795324
1764374400000,1.618,1.628,1.611,1.627,88963.063604
1764378000000,1.627,1.637,1.627,1.632,201633.184261
1764381600000,1.632,1.634,1.615,1.625,80223.383607
1764385200000,1.625,1.629,1.616,1.621,72297.494046
1764388800000,1.621,1.627,1.613,1.627,86083.152327
1764392400000,1.626,1.627,1.615,1.615,51502.687879
1764396000000,1.615,1.618,1.6,1.609,163914.609868
1764399600000,1.609,1.614,1.6,1.604,215088.70495
1764403200000,1.604,1.608,1.593,1.595,304154.072663
1764406800000,1.595,1.602,1.591,1.601,232066.224855
1764410400000,1.601,1.618,1.597,1.615,107032.734489
1764414000000,1.616,1.637,1.615,1.621,456011.132776
1764417600000,1.621,1.621,1.608,1.609,122620.109349
1764421200000,1.608,1.609,1.597,1.604,115442.854129
1764424800000,1.604,1.606,1.596,1.598,145682.884196
1764428400000,1.598,1.613,1.597,1.605,85328.29754
1764432000000,1.606,1.609,1.6,1.601,66393.214509
1764435600000,1.601,1.602,1.586,1.592,301715.248386
1764439200000,1.591,1.593,1.572,1.591,222966.961437
1764442800000,1.592,1.597,1.588,1.59,46867.76874
1764446400000,1.589,1.596,1.579,1.596,74519.807051
1764450000000,1.596,1.597,1.586,1.59,178715.811653
1764453600000,1.59,1.593,1.587,1.588,90603.296358
1764457200000,1.588,1.611,1.584,1.605,197793.960143
1764460800000,1.604,1.604,1.595,1.6,82475.882962
1764464400000,1.601,1.615,1.601,1.612,110076.009174
1764468000000,1.613,1.629,1.607,1.608,335229.8972
1764471600000,1.608,1.617,1.594,1.617,224862.569023
1764475200000,1.617,1.62,1.607,1.613,159381.33311
1764478800000,1.614,1.619,1.606,1.612,131149.720234
1764482400000,1.613,1.629,1.611,1.617,183910.185184
1764486000000,1.617,1.63,1.617,1.63,173185.889232
1764489600000,1.63,1.641,1.621,1.628,299760.189803
1764493200000,1.628,1.638,1.623,1.629,207348.404154
1764496800000,1.63,1.631,1.609,1.617,221440.919462
1764500400000,1.617,1.62,1.61,1.614,59291.429497
1764504000000,1.615,1.624,1.605,1.621,123380.876538
1764507600000,1.62,1.629,1.616,1.622,110026.248873
1764511200000,1.624,1.624,1.606,1.612,101526.851331
1764514800000,1.613,1.613,1.595,1.604,247575.555907
1764518400000,1.604,1.613,1.596,1.61,189707.422885
1764522000000,1.61,1.61,1.596,1.604,104430.597766
1764525600000,1.605,1.615,1.602,1.611,142106.818225
1764529200000,1.61,1.611,1.599,1.604,70802.331073
1764532800000,1.604,1.612,1.602,1.605,53685.167996
1764536400000,1.605,1.607,1.597,1.602,86825.521519
1764540000000,1.603,1.613,1.6,1.611,99767.854524
1764543600000,1.611,1.611,1.557,1.57,567783.478633
1764547200000,1.57,1.574,1.458,1.46,2643811.585177
1764550800000,1.461,1.494,1.458,1.477,820656.665139
1764554400000,1.476,1.488,1.474,1.475,414730.324285
1764558000000,1.475,1.479,1.456,1.463,551508.619576
1764561600000,1.464,1.475,1.46,1.465,410816.988224
1764565200000,1.465,1.478,1.461,1.464,285588.532777
1764568800000,1.464,1.471,1.46,1.461,260898.85386
1764572400000,1.461,1.462,1.443,1.458,472556.757803
1764576000000,1.458,1.466,1.45,1.465,223660.745377
1764579600000,1.465,1.472,1.453,1.458,223669.743145
1764583200000,1.458,1.465,1.458,1.46,64623.996207
1764586800000,1.461,1.464,1.45,1.464,233648.637642
1764590400000,1.463,1.466,1.427,1.452,656338.334491
1764594000000,1.452,1.467,1.45,1.458,222245.689182
1764597600000,1.457,1.477,1.451,1.464,363307.076043
1764601200000,1.464,1.469,1.436,1.462,491718.471471
1764604800000,1.461,1.462,1.444,1.447,284064.03975
1764608400000,1.448,1.458,1.445,1.446,88552.517072
1764612000000,1.446,1.465,1.446,1.462,85098.661785
1764615600000,1.462,1.465,1.457,1.463,31821.709835
1764619200000,1.464,1.485,1.464,1.479,160992.791581
1764622800000,1.48,1.5,1.479,1.49,148321.23225
1764626400000,1.491,1.498,1.485,1.485,117239.51701
1764630000000,1.486,1.492,1.479,1.48,205435.590108
1764633600000,1.481,1.489,1.478,1.483,231764.81623
1764637200000,1.483,1.5,1.475,1.479,150485.929521
1764640800000,1.478,1.481,1.47,1.472,113897.142493
1764644400000,1.471,1.48,1.466,1.476,142905.377038
1764648000000,1.477,1.483,1.47,1.47,230721.821663
1764651600000,1.471,1.479,1.469,1.478,68458.683646
1764655200000,1.479,1.48,1.473,1.477,79808.894326
1764658800000,1.478,1.478,1.468,1.469,66662.03863
1764662400000,1.47,1.472,1.454,1.459,134662.701372
1764666000000,1.459,1.467,1.459,1.466,52702.584463
1764669600000,1.465,1.48,1.463,1.477,90312.565281
1764673200000,1.476,1.486,1.472,1.482,204926.190679
1764676800000,1.482,1.486,1.468,1.469,117379.720376
1764680400000,1.47,1.476,1.461,1.473,128785.296924
1764684000000,1.473,1.499,1.468,1.498,534702.870465
1764687600000,1.498,1.577,1.498,1.565,965169.581333
1764691200000,1.566,1.57,1.536,1.542,540792.265018
1764694800000,1.542,1.549,1.532,1.536,277332.151422
1764698400000,1.536,1.549,1.536,1.544,82172.357167
1764702000000,1.545,1.557,1.537,1.537,121316.404679
1764705600000,1.537,1.539,1.522,1.531,194982.770867
1764709200000,1.531,1.532,1.527,1.531,40522.602403
1764712800000,1.531,1.548,1.531,1.543,62792.035747
1764716400000,1.543,1.545,1.528,1.531,92306.130966
1764720000000,1.531,1.541,1.523,1.537,204933.767782
1764723600000,1.536,1.547,1.532,1.541,83798.034781
1764727200000,1.542,1.563,1.541,1.556,541543.122306
1764730800000,1.555,1.565,1.545,1.549,108516.333038
1764734400000,1.548,1.577,1.548,1.571,282729.469412
1764738000000,1.571,1.581,1.566,1.568,303002.208284
1764741600000,1.569,1.594,1.569,1.579,396574.127222
1764745200000,1.579,1.583,1.567,1.571,320503.370401
1764748800000,1.57,1.578,1.565,1.575,136173.263253
1764752400000,1.575,1.577,1.561,1.572,171191.674102
1764756000000,1.572,1.574,1.558,1.56,80058.998187
1764759600000,1.56,1.577,1.555,1.573,133528.501484
1764763200000,1.573,1.575,1.562,1.566,140673.520633
1764766800000,1.565,1.576,1.564,1.575,125526.111229
1764770400000,1.576,1.595,1.531,1.569,762660.517951
1764774000000,1.57,1.582,1.556,1.576,179568.67165
1764777600000,1.576,1.581,1.556,1.567,633287.568282
1764781200000,1.567,1.584,1.567,1.579,167747.908027
1764784800000,1.579,1.593,1.571,1.577,171685.195837
1764788400000,1.577,1.589,1.574,1.588,61827.426528
1764792000000,1.588,1.595,1.581,1.585,98223.150961
1764795600000,1.585,1.604,1.582,1.603,122320.338241
1764799200000,1.603,1.61,1.589,1.606,174431.196433
1764802800000,1.607,1.621,1.593,1.598,289591.85621
1764806400000,1.597,1.605,1.592,1.592,102340.453685
1764810000000,1.592,1.614,1.59,1.593,177924.194827
1764813600000,1.593,1.606,1.592,1.603,56784.856714
1764817200000,1.604,1.609,1.592,1.594,100540.99069
1764820800000,1.594,1.601,1.589,1.595,78977.557516
1764824400000,1.596,1.6,1.586,1.594,124071.268784
1764828000000,1.595,1.607,1.593,1.603,100379.567186
1764831600000,1.603,1.606,1.588,1.604,69009.38388
1764835200000,1.603,1.607,1.597,1.6,120777.320098
1764838800000,1.601,1.613,1.601,1.609,115366.062562
1764842400000,1.609,1.614,1.601,1.604,114244.861814
1764846000000,1.604,1.604,1.59,1.599,121321.161412
1764849600000,1.599,1.601,1.586,1.593,65413.32886
1764853200000,1.593,1.596,1.577,1.582,194971.648376
1764856800000,1.582,1.59,1.566,1.57,260209.33836
1764860400000,1.57,1.604,1.57,1.594,166500.35655
1764864000000,1.594,1.594,1.574,1.578,254658.396279
1764867600000,1.577,1.578,1.552,1.565,167938.722022
1764871200000,1.565,1.568,1.548,1.551,154204.221681
1764874800000,1.551,1.551,1.515,1.545,316818.073563
1764878400000,1.546,1.558,1.536,1.552,61640.831794
1764882000000,1.551,1.558,1.542,1.543,43694.582418
1764885600000,1.543,1.552,1.539,1.549,118630.313516
1764889200000,1.549,1.551,1.541,1.545,125792.664484
1764892800000,1.545,1.559,1.543,1.544,129975.979982
1764896400000,1.545,1.564,1.544,1.561,366104.113509
1764900000000,1.56,1.577,1.556,1.56,362467.025936
1764903600000,1.56,1.566,1.548,1.549,140287.077368
1764907200000,1.55,1.553,1.537,1.545,188159.596803
1764910800000,1.545,1.549,1.54,1.542,46463.754984
1764914400000,1.543,1.554,1.543,1.554,64470.143313
1764918000000,1.553,1.562,1.551,1.561,129837.707386
1764921600000,1.561,1.561,1.547,1.554,124267.18146
1764925200000,1.554,1.554,1.529,1.535,221012.752369
1764928800000,1.534,1.545,1.534,1.54,117243.228819
1764932400000,1.539,1.54,1.516,1.528,316143.233939
1764936000000,1.527,1.534,1.525,1.531,80468.996028
1764939600000,1.53,1.537,1.502,1.512,249999.728552
1764943200000,1.512,1.52,1.503,1.512,263040.505688
1764946800000,1.513,1.541,1.507,1.511,346738.215784
1764950400000,1.51,1.51,1.446,1.468,874432.302492
1764954000000,1.467,1.476,1.462,1.468,218467.607341
1764957600000,1.467,1.48,1.453,1.453,238575.611347
1764961200000,1.453,1.467,1.441,1.463,364803.280087
1764964800000,1.462,1.47,1.455,1.458,90952.562144
1764968400000,1.458,1.471,1.458,1.47,75964.375508
1764972000000,1.471,1.485,1.462,1.478,138264.543649
1764975600000,1.478,1.49,1.469,1.487,81966.271713
1764979200000,1.486,1.491,1.476,1.488,172580.577518
1764982800000,1.487,1.493,1.481,1.483,62826.093443
1764986400000,1.481,1.485,1.474,1.485,78553.932253
1764990000000,1.486,1.493,1.485,1.486,48107.120787
1764993600000,1.487,1.489,1.479,1.481,54922.949171
1764997200000,1.481,1.483,1.476,1.48,55444.442906
1765000800000,1.48,1.483,1.477,1.478,30819.097557
1765004400000,1.479,1.482,1.47,1.479,102588.116463
1765008000000,1.48,1.48,1.468,1.47,51340.994161
1765011600000,1.469,1.482,1.468,1.48,74215.645512
1765015200000,1.478,1.48,1.471,1.472,28733.572206
1765018800000,1.471,1.485,1.47,1.482,62786.808655
1765022400000,1.481,1.482,1.474,1.476,380424.297618
1765026000000,1.475,1.481,1.472,1.477,116454.242005
1765029600000,1.478,1.498,1.476,1.488,108254.907427
1765033200000,1.488,1.488,1.475,1.478,57609.499838
1765036800000,1.479,1.491,1.479,1.488,110739.038245
1765040400000,1.487,1.493,1.484,1.493,30174.949344
1765044000000,1.493,1.499,1.488,1.49,45486.35897
1765047600000,1.491,1.492,1.473,1.481,356423.419589
1765051200000,1.481,1.485,1.478,1.483,33260.447553
1765054800000,1.482,1.493,1.481,1.488,71223.043937
1765058400000,1.488,1.493,1.482,1.485,97943.597702
1765062000000,1.485,1.494,1.482,1.491,49963.634507
1765065600000,1.491,1.508,1.49,1.504,426056.617787
1765069200000,1.503,1.504,1.496,1.496,68100.941321
1765072800000,1.496,1.5,1.489,1.496,46166.390132
1765076400000,1.495,1.504,1.492,1.499,71050.70348
1765080000000,1.5,1.501,1.492,1.492,49230.453718
1765083600000,1.492,1.503,1.491,1.499,35456.546885
1765087200000,1.5,1.504,1.497,1.503,46256.712203
1765090800000,1.504,1.505,1.488,1.493,61235.131663
1765094400000,1.492,1.493,1.482,1.484,96520.470428
1765098000000,1.485,1.488,1.47,1.475,97403.997861
1765101600000,1.474,1.48,1.471,1.475,54476.923134
1765105200000,1.474,1.48,1.472,1.475,40263.846061
1765108800000,1.474,1.485,1.472,1.481,36358.747828
1765112400000,1.481,1.483,1.462,1.465,140736.664766
1765116000000,1.465,1.466,1.418,1.431,772755.733704
1765119600000,1.43,1.464,1.429,1.457,392064.648939
1765123200000,1.456,1.458,1.442,1.458,121317.165121
1765126800000,1.458,1.495,1.451,1.486,620290.831976
1765130400000,1.486,1.502,1.486,1.495,213840.456068
1765134000000,1.495,1.5,1.489,1.494,111329.669772
1765137600000,1.495,1.497,1.491,1.494,33210.901965
1765141200000,1.492,1.492,1.446,1.456,136163.02905
1765144800000,1.455,1.462,1.421,1.448,386937.794279
1765148400000,1.448,1.457,1.442,1.455,158102.973696
1765152000000,1.455,1.461,1.45,1.453,124633.569596
1765155600000,1.453,1.488,1.452,1.469,190679.143562
1765159200000,1.469,1.485,1.469,1.483,54435.483001
1765162800000,1.483,1.488,1.481,1.481,115714.082318
1765166400000,1.482,1.495,1.482,1.49,127316.845498
1765170000000,1.49,1.5,1.487,1.497,176305.328208
1765173600000,1.497,1.522,1.496,1.508,370470.937261
1765177200000,1.509,1.516,1.508,1.513,124146.923913
1765180800000,1.514,1.517,1.507,1.511,152277.751838
1765184400000,1.511,1.529,1.51,1.512,345446.482635
1765188000000,1.512,1.513,1.506,1.507,45730.207346
1765191600000,1.507,1.51,1.496,1.503,201457.132271
1765195200000,1.503,1.506,1.495,1.504,80792.504757
1765198800000,1.503,1.51,1.498,1.503,173163.910634
1765202400000,1.503,1.523,1.497,1.506,501160.917653
1765206000000,1.506,1.513,1.49,1.499,337246.859976
1765209600000,1.499,1.521,1.491,1.51,232892.243517
1765213200000,1.51,1.518,1.497,1.508,70073.218413
1765216800000,1.509,1.513,1.491,1.497,65020.568046
1765220400000,1.498,1.505,1.496,1.499,28771.860553
1765224000000,1.5,1.51,1.498,1.507,46414.091276
1765227600000,1.508,1.517,1.505,1.516,43354.468416
1765231200000,1.516,1.517,1.5,1.51,80487.765102
1765234800000,1.51,1.511,1.497,1.504,41082.340314
1765238400000,1.504,1.513,1.495,1.497,134276.002768
1765242000000,1.497,1.5,1.481,1.487,140547.364784
1765245600000,1.486,1.493,1.484,1.485,93353.691141
1765249200000,1.485,1.499,1.478,1.496,200612.230689
1765252800000,1.497,1.497,1.476,1.48,126728.798135
1765256400000,1.48,1.485,1.473,1.481,85754.523903
1765260000000,1.481,1.489,1.476,1.486,149233.951519
1765263600000,1.487,1.492,1.482,1.489,115258.683269
1765267200000,1.49,1.492,1.485,1.487,35497.508029
1765270800000,1.487,1.487,1.471,1.476,87770.77417
1765274400000,1.476,1.484,1.467,1.475,203827.33016
1765278000000,1.476,1.479,1.468,1.468,118703.835052
1765281600000,1.468,1.486,1.466,1.483,234214.602556
1765285200000,1.483,1.486,1.473,1.48,140324.150368
1765288800000,1.48,1.488,1.471,1.481,143123.176245
1765292400000,1.482,1.53,1.48,1.528,484653.979836
1765296000000,1.528,1.588,1.528,1.579,882736.000424
1765299600000,1.579,1.597,1.568,1.577,442021.156599
1765303200000,1.577,1.585,1.569,1.575,181646.050762
1765306800000,1.575,1.577,1.555,1.559,174206.488984
1765310400000,1.559,1.564,1.539,1.549,197178.709479
1765314000000,1.55,1.551,1.527,1.539,178490.338807
1765317600000,1.54,1.554,1.539,1.55,141857.92865
1765321200000,1.549,1.553,1.543,1.545,71396.481772
1765324800000,1.544,1.547,1.527,1.528,183359.753023
1765328400000,1.528,1.531,1.516,1.521,143871.322764
1765332000000,1.521,1.534,1.519,1.528,79886.882744
1765335600000,1.528,1.531,1.519,1.519,66492.912343
1765339200000,1.518,1.526,1.514,1.517,80459.487579
1765342800000,1.516,1.522,1.513,1.52,323502.925798
1765346400000,1.519,1.519,1.505,1.51,75935.290812
1765350000000,1.51,1.51,1.489,1.5,333587.040838
1765353600000,1.499,1.5,1.483,1.483,160603.664468
1765357200000,1.483,1.5,1.479,1.498,148010.654402
1765360800000,1.498,1.508,1.482,1.482,174162.02531
1765364400000,1.482,1.489,1.477,1.487,177932.892081
1765368000000,1.487,1.488,1.477,1.484,101429.896956
1765371600000,1.483,1.491,1.481,1.489,124059.914589
1765375200000,1.489,1.49,1.48,1.485,154272.126668
1765378800000,1.485,1.495,1.479,1.488,395210.852125
1765382400000,1.488,1.502,1.481,1.495,261862.704743
1765386000000,1.495,1.511,1.493,1.497,115072.035987
1765389600000,1.497,1.52,1.485,1.501,315312.173574
1765393200000,1.5,1.528,1.485,1.52,363306.794313
1765396800000,1.52,1.556,1.503,1.51,591966.540443
1765400400000,1.511,1.517,1.485,1.487,208424.89744
1765404000000,1.487,1.492,1.46,1.489,231385.836658
1765407600000,1.487,1.488,1.468,1.468,79365.911748
1765411200000,1.467,1.47,1.432,1.433,550537.96971
1765414800000,1.432,1.433,1.389,1.398,1401239.607756
1765418400000,1.398,1.399,1.37,1.387,1318988.365423
1765422000000,1.387,1.39,1.37,1.382,404488.827794
1765425600000,1.381,1.402,1.374,1.398,381158.118741
1765429200000,1.397,1.402,1.388,1.401,148590.726476
1765432800000,1.4,1.407,1.397,1.4,154932.120773
1765436400000,1.4,1.401,1.387,1.389,244409.697309
1765440000000,1.389,1.389,1.376,1.383,228460.693523
1765443600000,1.383,1.386,1.376,1.379,238007.967037
1765447200000,1.379,1.383,1.371,1.382,187761.564723
1765450800000,1.382,1.395,1.381,1.388,209313.195662
1765454400000,1.387,1.401,1.384,1.387,434634.403823
1765458000000,1.387,1.387,1.372,1.382,474037.729568
1765461600000,1.381,1.385,1.361,1.373,361435.457637
1765465200000,1.374,1.388,1.367,1.375,181847.455087
1765468800000,1.374,1.378,1.363,1.367,170729.779881
1765472400000,1.368,1.378,1.363,1.366,82288.207564
1765476000000,1.365,1.378,1.351,1.367,289733.580678
1765479600000,1.366,1.375,1.356,1.358,410228.331979
1765483200000,1.359,1.37,1.353,1.367,204258.911032
1765486800000,1.369,1.395,1.365,1.381,273706.237891
1765490400000,1.38,1.385,1.359,1.37,219156.15721
1765494000000,1.369,1.382,1.361,1.379,138286.47594
1765497600000,1.379,1.384,1.364,1.365,204447.152168
1765501200000,1.366,1.397,1.366,1.382,296629.400798
1765504800000,1.382,1.398,1.381,1.391,209552.943127
1765508400000,1.391,1.397,1.38,1.387,164650.420861
1765512000000,1.388,1.395,1.387,1.391,81156.634986
1765515600000,1.391,1.396,1.386,1.394,124695.453522
1765519200000,1.395,1.405,1.39,1.393,179194.924013
1765522800000,1.393,1.395,1.385,1.385,256508.4849
1765526400000,1.386,1.393,1.384,1.39,101680.056041
1765530000000,1.389,1.403,1.389,1.4,160686.083462
1765533600000,1.399,1.414,1.399,1.401,478852.108979
1765537200000,1.401,1.403,1.391,1.394,413152.533088
1765540800000,1.393,1.397,1.389,1.393,184131.582755
1765544400000,1.393,1.393,1.384,1.388,171015.217449
1765548000000,1.388,1.388,1.369,1.376,382401.297774
1765551600000,1.375,1.376,1.317,1.328,1154375.686693
1765555200000,1.327,1.333,1.301,1.308,1144494.426494
1765558800000,1.308,1.328,1.308,1.316,250740.462241
1765562400000,1.316,1.325,1.311,1.316,321541.956624
1765566000000,1.316,1.319,1.308,1.318,205523.341301
1765569600000,1.318,1.322,1.313,1.315,105586.121586
1765573200000,1.315,1.324,1.315,1.322,97697.055475
1765576800000,1.321,1.34,1.321,1.338,117368.162895
1765580400000,1.338,1.344,1.337,1.344,93708.195508
1765584000000,1.345,1.353,1.338,1.341,117888.519009
1765587600000,1.34,1.342,1.33,1.331,135775.640844
1765591200000,1.331,1.345,1.331,1.344,82259.147246
1765594800000,1.344,1.353,1.344,1.348,125426.212926
1765598400000,1.348,1.351,1.346,1.351,52107.609381
1765602000000,1.35,1.351,1.337,1.34,156049.131703
1765605600000,1.34,1.342,1.337,1.342,94811.099219
1765609200000,1.342,1.346,1.34,1.343,98763.561252
1765612800000,1.343,1.352,1.343,1.347,88520.25803
1765616400000,1.347,1.349,1.344,1.346,43504.409668
1765620000000,1.346,1.352,1.345,1.347,30584.852555
1765623600000,1.347,1.347,1.339,1.342,163388.909764
1765627200000,1.342,1.349,1.34,1.344,72635.938739
1765630800000,1.344,1.344,1.34,1.341,81330.854533
1765634400000,1.341,1.342,1.334,1.339,187377.918044
1765638000000,1.339,1.351,1.338,1.351,101469.22836
1765641600000,1.35,1.353,1.345,1.348,106473.328196
1765645200000,1.348,1.348,1.34,1.342,54776.248189
1765648800000,1.343,1.346,1.342,1.342,35415.095894
1765652400000,1.342,1.352,1.342,1.347,73338.181402
1765656000000,1.348,1.352,1.346,1.347,34620.996136
1765659600000,1.349,1.349,1.336,1.345,65032.204849
1765663200000,1.345,1.349,1.34,1.346,101468.70504
1765666800000,1.345,1.353,1.345,1.351,65401.069407
1765670400000,1.351,1.352,1.346,1.348,118796.287688
1765674000000,1.348,1.35,1.345,1.347,52682.817365
1765677600000,1.347,1.36,1.347,1.359,115560.68249
1765681200000,1.359,1.359,1.352,1.353,36288.72843
1765684800000,1.353,1.357,1.347,1.353,155008.146155
1765688400000,1.353,1.353,1.328,1.336,228992.994078
1765692000000,1.335,1.339,1.331,1.334,87522.833414
1765695600000,1.335,1.338,1.332,1.336,57090.305773
1765699200000,1.336,1.342,1.331,1.331,82330.487896
1765702800000,1.332,1.337,1.331,1.334,81135.969781
1765706400000,1.334,1.334,1.32,1.329,185780.340347
1765710000000,1.33,1.33,1.31,1.323,244001.503547
1765713600000,1.322,1.328,1.318,1.325,122397.555499
1765717200000,1.324,1.324,1.311,1.316,140878.679064
1765720800000,1.316,1.319,1.298,1.301,585387.957862
1765724400000,1.301,1.307,1.296,1.305,192373.702618
1765728000000,1.305,1.316,1.302,1.312,166247.890526
1765731600000,1.312,1.314,1.297,1.301,163428.366143
1765735200000,1.301,1.313,1.3,1.313,81890.039477
1765738800000,1.312,1.313,1.301,1.306,50862.792192
1765742400000,1.306,1.315,1.3,1.303,159904.428568
1765746000000,1.303,1.306,1.296,1.3,71561.299269
1765749600000,1.301,1.309,1.298,1.309,215397.998484
1765753200000,1.31,1.318,1.296,1.315,255979.001119
1765756800000,1.315,1.33,1.313,1.325,237307.927345
1765760400000,1.325,1.342,1.325,1.337,256187.231759
1765764000000,1.337,1.348,1.329,1.331,511285.627798
1765767600000,1.331,1.338,1.327,1.333,194368.08356
1765771200000,1.334,1.34,1.334,1.338,109628.913961
1765774800000,1.337,1.342,1.335,1.341,57483.780347
1765778400000,1.342,1.344,1.334,1.334,109421.071506
1765782000000,1.334,1.335,1.326,1.334,153891.760033
1765785600000,1.334,1.338,1.332,1.336,74589.766025
1765789200000,1.336,1.338,1.332,1.334,76433.930846
1765792800000,1.333,1.336,1.329,1.33,97549.548319
1765796400000,1.33,1.332,1.327,1.331,125313.696209
1765800000000,1.33,1.336,1.326,1.332,81959.978856
1765803600000,1.332,1.332,1.322,1.325,145882.00249
1765807200000,1.325,1.326,1.278,1.293,800544.34256
1765810800000,1.293,1.293,1.246,1.258,1618824.948616
1765814400000,1.258,1.262,1.236,1.244,567404.533965
1765818000000,1.243,1.246,1.232,1.24,360505.784413
1765821600000,1.239,1.245,1.223,1.244,368176.344543
1765825200000,1.244,1.254,1.241,1.243,178368.321587
1765828800000,1.242,1.243,1.231,1.234,138895.548678
1765832400000,1.234,1.245,1.233,1.245,74652.493047
1765836000000,1.246,1.257,1.243,1.255,106442.570772
1765839600000,1.256,1.266,1.256,1.264,171593.340897
1765843200000,1.265,1.267,1.247,1.247,190511.037592
1765846800000,1.248,1.256,1.247,1.254,125988.958688
1765850400000,1.254,1.266,1.249,1.262,204353.871035
1765854000000,1.263,1.266,1.247,1.259,121622.170372
1765857600000,1.26,1.263,1.237,1.253,163106.045076
1765861200000,1.253,1.257,1.25,1.253,51327.724136
1765864800000,1.253,1.264,1.252,1.262,153414.139548
1765868400000,1.262,1.262,1.245,1.253,145863.10273
1765872000000,1.252,1.261,1.252,1.257,119934.798746
1765875600000,1.258,1.263,1.257,1.26,134749.771987
1765879200000,1.26,1.28,1.257,1.272,173357.795637
1765882800000,1.273,1.288,1.271,1.278,192422.496491
1765886400000,1.279,1.284,1.272,1.275,93088.315609
1765890000000,1.274,1.283,1.254,1.254,509016.211826
1765893600000,1.254,1.275,1.245,1.267,222059.108267
1765897200000,1.267,1.286,1.258,1.281,249238.52611
1765900800000,1.281,1.292,1.271,1.275,274898.39757
1765904400000,1.275,1.279,1.265,1.267,83479.820316
1765908000000,1.268,1.286,1.267,1.281,92984.028949
1765911600000,1.282,1.284,1.273,1.282,46849.088139
1765915200000,1.281,1.292,1.281,1.287,55502.435322
1765918800000,1.286,1.287,1.28,1.282,42630.440992
1765922400000,1.282,1.285,1.279,1.284,46358.57141
1765926000000,1.284,1.29,1.28,1.289,101158.737688
1765929600000,1.289,1.299,1.282,1.293,243536.244262
1765933200000,1.293,1.316,1.293,1.313,363753.794157
1765936800000,1.313,1.321,1.301,1.319,271881.895963
1765940400000,1.319,1.32,1.311,1.316,236856.804846
1765944000000,1.317,1.32,1.298,1.305,233313.652959
1765947600000,1.306,1.318,1.3,1.305,438529.658055
1765951200000,1.306,1.311,1.302,1.305,256659.813185
1765954800000,1.305,1.305,1.295,1.299,191861.2254
1765958400000,1.299,1.302,1.276,1.284,246306.905112
1765962000000,1.284,1.284,1.266,1.273,197550.632872
1765965600000,1.273,1.28,1.268,1.275,142206.41393
1765969200000,1.276,1.283,1.276,1.283,64580.273317
1765972800000,1.283,1.286,1.278,1.281,108086.717024
1765976400000,1.282,1.291,1.273,1.289,154703.950621
1765980000000,1.289,1.312,1.263,1.311,553590.092261
1765983600000,1.311,1.32,1.272,1.276,672901.367929
1765987200000,1.275,1.286,1.233,1.249,971942.298615
1765990800000,1.25,1.256,1.231,1.235,404169.387016
1765994400000,1.235,1.246,1.219,1.222,354960.891824
1765998000000,1.222,1.229,1.21,1.222,543256.108944
1766001600000,1.222,1.244,1.218,1.221,560485.398163
1766005200000,1.221,1.226,1.208,1.214,157496.751413
1766008800000,1.214,1.224,1.208,1.223,166114.155767
1766012400000,1.224,1.225,1.218,1.224,81036.24573
1766016000000,1.225,1.233,1.222,1.23,164970.843136
1766019600000,1.23,1.23,1.216,1.22,256298.986528
1766023200000,1.22,1.232,1.217,1.222,239169.927311
1766026800000,1.222,1.223,1.199,1.205,373941.65985
1766030400000,1.205,1.21,1.204,1.207,225762.759102
1766034000000,1.206,1.208,1.182,1.195,478478.194569
1766037600000,1.194,1.208,1.192,1.205,202449.220993
1766041200000,1.206,1.217,1.205,1.217,136256.79631
1766044800000,1.217,1.221,1.213,1.217,168940.367751
1766048400000,1.217,1.22,1.211,1.213,71930.161102
1766052000000,1.213,1.225,1.213,1.223,104626.366884
1766055600000,1.223,1.228,1.22,1.226,67966.727999
1766059200000,1.227,1.228,1.22,1.224,144422.049399
1766062800000,1.225,1.257,1.225,1.255,698325.528152
1766066400000,1.255,1.266,1.24,1.248,695246.576903
1766070000000,1.247,1.267,1.242,1.26,345698.13354
1766073600000,1.262,1.267,1.257,1.259,220725.905537
1766077200000,1.258,1.259,1.192,1.216,1297320.976538
1766080800000,1.216,1.225,1.192,1.195,246958.085449
1766084400000,1.194,1.196,1.163,1.167,729057.546628
1766088000000,1.167,1.179,1.166,1.174,280213.600224
1766091600000,1.174,1.202,1.174,1.202,293921.753035
1766095200000,1.201,1.204,1.187,1.192,147099.59651
1766098800000,1.192,1.196,1.188,1.189,129374.790959
1766102400000,1.189,1.195,1.18,1.194,343521.7952
1766106000000,1.193,1.195,1.181,1.186,149793.187385
1766109600000,1.185,1.206,1.182,1.202,309131.525638
1766113200000,1.202,1.245,1.202,1.232,687810.764456
1766116800000,1.233,1.242,1.231,1.242,289732.822064
1766120400000,1.242,1.247,1.237,1.24,215154.909527
1766124000000,1.242,1.246,1.238,1.245,158429.532802
1766127600000,1.246,1.262,1.245,1.249,268786.764805
1766131200000,1.25,1.256,1.248,1.254,128289.200936
1766134800000,1.254,1.257,1.249,1.25,95711.93686
1766138400000,1.25,1.252,1.242,1.246,101919.695775
1766142000000,1.247,1.254,1.244,1.252,92557.287588
1766145600000,1.253,1.259,1.247,1.248,172390.307803
1766149200000,1.248,1.259,1.245,1.256,128377.212949
1766152800000,1.258,1.271,1.249,1.259,413374.520902
1766156400000,1.26,1.283,1.256,1.269,350022.877172
1766160000000,1.27,1.297,1.27,1.277,417298.914618
1766163600000,1.278,1.284,1.265,1.266,197826.197026
1766167200000,1.266,1.291,1.266,1.289,198611.450772
1766170800000,1.29,1.341,1.286,1.321,486776.653409
1766174400000,1.322,1.359,1.322,1.327,839744.393035
1766178000000,1.327,1.328,1.302,1.303,261319.820389
1766181600000,1.304,1.316,1.303,1.307,153460.018819
1766185200000,1.307,1.319,1.303,1.308,110550.515117
1766188800000,1.308,1.308,1.301,1.303,104885.527818
1766192400000,1.303,1.307,1.3,1.301,65652.143084
1766196000000,1.301,1.304,1.294,1.294,103679.45632
1766199600000,1.294,1.308,1.294,1.303,132413.869409
1766203200000,1.304,1.304,1.294,1.295,105949.564393
1766206800000,1.297,1.304,1.296,1.298,197685.067795
1766210400000,1.299,1.302,1.298,1.3,37725.020397
1766214000000,1.301,1.308,1.295,1.308,90682.424973
1766217600000,1.308,1.316,1.306,1.309,172405.050206
1766221200000,1.31,1.317,1.31,1.312,88411.586889
1766224800000,1.313,1.313,1.307,1.308,87984.500136
1766228400000,1.308,1.316,1.306,1.316,50339.116727
1766232000000,1.316,1.317,1.307,1.31,92344.222395
1766235600000,1.311,1.316,1.303,1.315,180178.439094
1766239200000,1.314,1.324,1.309,1.322,173324.503556
1766242800000,1.322,1.322,1.313,1.315,150410.281994
1766246400000,1.316,1.316,1.309,1.313,119564.49976
1766250000000,1.313,1.315,1.309,1.311,88994.843262
1766253600000,1.312,1.317,1.31,1.316,36164.086217
1766257200000,1.317,1.319,1.314,1.314,48417.194648
1766260800000,1.314,1.315,1.311,1.315,50815.356267
1766264400000,1.315,1.337,1.315,1.329,348895.779802
1766268000000,1.329,1.367,1.326,1.36,472895.430627
1766271600000,1.36,1.39,1.349,1.374,741288.500175
1766275200000,1.373,1.379,1.345,1.352,328434.580944
1766278800000,1.351,1.363,1.332,1.335,492518.47134
1766282400000,1.334,1.335,1.319,1.326,293048.843608
1766286000000,1.325,1.336,1.323,1.333,107129.881633
1766289600000,1.334,1.341,1.33,1.331,100285.513827
1766293200000,1.331,1.334,1.324,1.325,132404.029791
1766296800000,1.326,1.333,1.325,1.329,73358.694829
1766300400000,1.329,1.336,1.328,1.332,70607.414877
1766304000000,1.331,1.338,1.325,1.333,184257.998499
1766307600000,1.333,1.336,1.328,1.332,121171.500848
1766311200000,1.333,1.337,1.308,1.312,260730.198436
1766314800000,1.313,1.314,1.308,1.309,168640.449522
1766318400000,1.308,1.314,1.298,1.305,265113.77481
1766322000000,1.305,1.306,1.259,1.263,598301.825956
1766325600000,1.262,1.276,1.26,1.268,295186.42077
1766329200000,1.268,1.277,1.264,1.272,239458.930847
1766332800000,1.272,1.28,1.265,1.278,164823.356102
1766336400000,1.279,1.284,1.267,1.269,88758.933156
1766340000000,1.27,1.27,1.257,1.266,81887.730604
1766343600000,1.266,1.267,1.258,1.266,117691.260849
1766347200000,1.267,1.268,1.258,1.265,107606.031214
1766350800000,1.265,1.274,1.261,1.263,47689.404081
1766354400000,1.263,1.291,1.26,1.285,120458.352799
1766358000000,1.285,1.288,1.271,1.278,217737.627373
1766361600000,1.278,1.298,1.277,1.287,254471.074053
1766365200000,1.287,1.301,1.284,1.29,190659.258667
1766368800000,1.29,1.29,1.271,1.28,221230.048978
1766372400000,1.281,1.294,1.273,1.287,136522.760596
1766376000000,1.287,1.298,1.286,1.297,143193.442861
1766379600000,1.297,1.299,1.285,1.289,152636.909252
1766383200000,1.288,1.298,1.287,1.292,82741.548526
1766386800000,1.292,1.31,1.29,1.307,227893.887586
1766390400000,1.308,1.326,1.308,1.311,265027.630291
1766394000000,1.311,1.316,1.306,1.313,86307.16533
1766397600000,1.313,1.324,1.31,1.318,127464.25057
1766401200000,1.317,1.325,1.316,1.317,146027.58525
1766404800000,1.318,1.323,1.312,1.318,82829.684589
1766408400000,1.318,1.319,1.312,1.313,129687.654015
1766412000000,1.314,1.331,1.308,1.321,306856.931624
1766415600000,1.322,1.329,1.309,1.319,236938.52429
1766419200000,1.32,1.328,1.317,1.32,101929.429696
1766422800000,1.321,1.321,1.311,1.318,72718.352628
1766426400000,1.32,1.328,1.313,1.314,154577.968425
1766430000000,1.315,1.315,1.299,1.306,185923.577916
1766433600000,1.305,1.312,1.277,1.287,666376.638082
1766437200000,1.286,1.298,1.286,1.292,131354.007822
1766440800000,1.293,1.311,1.286,1.308,100771.58781
1766444400000,1.308,1.309,1.296,1.299,55093.307446
1766448000000,1.298,1.306,1.296,1.304,49842.317905
1766451600000,1.303,1.309,1.291,1.295,111380.194598
1766455200000,1.295,1.298,1.284,1.284,235228.025893
1766458800000,1.283,1.292,1.277,1.289,202489.325718
1766462400000,1.289,1.29,1.282,1.282,136088.077638
1766466000000,1.281,1.285,1.274,1.281,277956.97213
1766469600000,1.28,1.285,1.27,1.273,293110.398554
1766473200000,1.273,1.276,1.27,1.272,212525.15202
1766476800000,1.272,1.283,1.271,1.28,128279.56253
1766480400000,1.279,1.282,1.274,1.281,198518.971995
1766484000000,1.281,1.287,1.28,1.283,80815.364855
1766487600000,1.284,1.287,1.282,1.283,181195.790675
1766491200000,1.282,1.286,1.276,1.285,116977.908663
1766494800000,1.284,1.298,1.28,1.291,299652.741936
1766498400000,1.292,1.304,1.275,1.285,320313.975746
1766502000000,1.285,1.305,1.285,1.303,221524.988731
1766505600000,1.304,1.327,1.302,1.323,393868.703039
1766509200000,1.323,1.347,1.31,1.311,544998.843423
1766512800000,1.311,1.335,1.306,1.321,275571.748171
1766516400000,1.321,1.333,1.318,1.324,190017.987023
1766520000000,1.324,1.353,1.321,1.346,263650.59884
1766523600000,1.346,1.348,1.33,1.33,89966.953351
1766527200000,1.331,1.333,1.313,1.318,177644.931132
1766530800000,1.317,1.318,1.308,1.311,138464.851989
1766534400000,1.311,1.318,1.304,1.313,160285.549169
1766538000000,1.314,1.318,1.296,1.302,169410.806769
1766541600000,1.301,1.301,1.278,1.281,356082.070804
1766545200000,1.28,1.292,1.277,1.291,186986.563119
1766548800000,1.291,1.3,1.282,1.282,166883.623853
1766552400000,1.282,1.286,1.273,1.276,150000.715569
1766556000000,1.276,1.28,1.266,1.277,280343.52789
1766559600000,1.278,1.282,1.274,1.274,132764.000019
1766563200000,1.273,1.275,1.265,1.271,193217.104914
1766566800000,1.272,1.279,1.267,1.27,106491.788132
1766570400000,1.27,1.281,1.27,1.276,97943.305755
1766574000000,1.276,1.283,1.276,1.278,48614.091666
1766577600000,1.278,1.286,1.277,1.284,75804.995396
1766581200000,1.283,1.286,1.276,1.279,132925.795834
1766584800000,1.28,1.286,1.263,1.278,204157.098393
1766588400000,1.278,1.283,1.266,1.278,170048.415568
1766592000000,1.278,1.285,1.267,1.277,472523.137866
1766595600000,1.277,1.279,1.266,1.269,385713.596721
1766599200000,1.269,1.274,1.265,1.271,158278.999714
1766602800000,1.271,1.278,1.267,1.278,83008.71838
1766606400000,1.278,1.279,1.271,1.271,79456.386034
1766610000000,1.271,1.274,1.269,1.271,146928.6657
1766613600000,1.272,1.28,1.271,1.278,219736.265626
1766617200000,1.277,1.277,1.269,1.272,150184.321118
1766620800000,1.272,1.275,1.269,1.269,157449.53593
1766624400000,1.268,1.274,1.267,1.273,105406.76459
1766628000000,1.273,1.286,1.27,1.286,100903.405856
1766631600000,1.286,1.29,1.283,1.284,140591.729849
1766635200000,1.284,1.285,1.279,1.282,75951.542065
1766638800000,1.282,1.283,1.275,1.279,64541.077239
1766642400000,1.279,1.284,1.275,1.283,78356.184599
1766646000000,1.283,1.288,1.277,1.286,63792.200487
1766649600000,1.286,1.298,1.278,1.279,269910.651964
1766653200000,1.279,1.279,1.268,1.272,116386.044088
1766656800000,1.271,1.273,1.252,1.259,303172.448495
1766660400000,1.258,1.267,1.258,1.262,162850.517894
1766664000000,1.262,1.267,1.259,1.267,65071.624413
1766667600000,1.267,1.272,1.264,1.267,65463.219479
1766671200000,1.267,1.269,1.26,1.266,82909.549497
1766674800000,1.266,1.287,1.265,1.282,263534.896434
1766678400000,1.283,1.297,1.27,1.273,318631.61594
1766682000000,1.273,1.274,1.263,1.272,216540.961893
1766685600000,1.272,1.281,1.272,1.276,93216.330515
1766689200000,1.276,1.284,1.27,1.277,84906.593065
1766692800000,1.277,1.28,1.265,1.268,84616.922105
1766696400000,1.268,1.273,1.266,1.27,45243.444183
1766700000000,1.271,1.271,1.197,1.229,1169491.104473
1766703600000,1.229,1.234,1.209,1.215,437269.269555
1766707200000,1.214,1.22,1.207,1.219,290830.932704
1766710800000,1.219,1.231,1.218,1.225,164415.513058
1766714400000,1.225,1.256,1.224,1.248,441530.466843
1766718000000,1.249,1.255,1.241,1.248,287264.341521
1766721600000,1.248,1.248,1.241,1.248,192983.426091
1766725200000,1.248,1.249,1.241,1.246,198286.335976
1766728800000,1.247,1.252,1.243,1.245,174592.456302
1766732400000,1.245,1.249,1.235,1.235,139009.212126
1766736000000,1.235,1.24,1.231,1.236,126107.945997
1766739600000,1.235,1.245,1.233,1.245,97675.465106
1766743200000,1.245,1.248,1.242,1.243,68771.934465
1766746800000,1.243,1.259,1.242,1.244,478196.658878
1766750400000,1.245,1.247,1.24,1.245,316138.399406
1766754000000,1.245,1.248,1.242,1.245,144778.391884
1766757600000,1.246,1.246,1.22,1.226,532329.016662
1766761200000,1.226,1.233,1.214,1.227,361474.951224
1766764800000,1.227,1.23,1.216,1.216,101756.068274
1766768400000,1.217,1.232,1.217,1.228,131056.264486
1766772000000,1.227,1.236,1.226,1.232,202438.965639
1766775600000,1.232,1.242,1.231,1.24,101667.460417
1766779200000,1.24,1.245,1.239,1.242,42727.337571
1766782800000,1.242,1.244,1.231,1.232,40716.122923
1766786400000,1.231,1.234,1.227,1.232,168358.343204
1766790000000,1.233,1.235,1.227,1.228,82449.551252
1766793600000,1.228,1.241,1.228,1.239,173501.430258
1766797200000,1.239,1.251,1.233,1.245,179251.62333
1766800800000,1.245,1.253,1.241,1.243,136043.542894
1766804400000,1.243,1.268,1.243,1.251,457975.871436
1766808000000,1.252,1.259,1.237,1.239,157380.642144
1766811600000,1.24,1.241,1.238,1.239,62704.432662
1766815200000,1.24,1.244,1.237,1.24,70480.667203
1766818800000,1.241,1.244,1.239,1.243,148686.67149
1766822400000,1.244,1.253,1.243,1.253,207342.002341
1766826000000,1.253,1.255,1.237,1.237,424629.509698
1766829600000,1.237,1.237,1.223,1.233,169415.3724
1766833200000,1.234,1.243,1.229,1.242,103359.432874
1766836800000,1.243,1.246,1.238,1.243,114137.420978
1766840400000,1.243,1.244,1.237,1.24,71664.148415
1766844000000,1.239,1.243,1.238,1.243,67556.534394
1766847600000,1.243,1.263,1.242,1.255,203447.921037
1766851200000,1.256,1.259,1.25,1.25,300813.623345
1766854800000,1.25,1.25,1.244,1.25,80402.375189
1766858400000,1.249,1.25,1.245,1.248,70851.717923
1766862000000,1.248,1.249,1.245,1.249,67651.837235
1766865600000,1.249,1.252,1.248,1.251,78273.594226
1766869200000,1.25,1.294,1.25,1.288,647949.317243
1766872800000,1.288,1.333,1.288,1.31,1152303.619514
1766876400000,1.31,1.33,1.303,1.316,845205.71855
1766880000000,1.317,1.326,1.308,1.314,418900.344653
1766883600000,1.315,1.321,1.299,1.309,355094.474552
1766887200000,1.31,1.32,1.308,1.318,111002.392794
1766890800000,1.318,1.329,1.313,1.323,236157.31409
1766894400000,1.323,1.329,1.314,1.323,274728.234293
1766898000000,1.323,1.335,1.315,1.324,181180.162252
1766901600000,1.325,1.35,1.32,1.349,425606.738722
1766905200000,1.35,1.379,1.349,1.368,877580.46198
1766908800000,1.367,1.376,1.36,1.365,477425.675633
1766912400000,1.364,1.366,1.342,1.344,522866.155191
1766916000000,1.345,1.356,1.343,1.343,225736.809461
1766919600000,1.343,1.351,1.335,1.35,235229.064984
1766923200000,1.35,1.356,1.335,1.338,155208.843664
1766926800000,1.339,1.342,1.335,1.341,144870.687329
1766930400000,1.342,1.37,1.34,1.365,338268.998584
1766934000000,1.366,1.369,1.344,1.351,580199.400128
1766937600000,1.352,1.36,1.346,1.353,246267.921273
1766941200000,1.352,1.36,1.345,1.345,191760.677996
1766944800000,1.346,1.347,1.317,1.32,453565.444116
1766948400000,1.32,1.325,1.316,1.32,198096.771365
1766952000000,1.32,1.329,1.319,1.321,143830.729353
1766955600000,1.321,1.326,1.308,1.319,432176.073953
1766959200000,1.32,1.327,1.314,1.326,235070.369335
1766962800000,1.326,1.34,1.319,1.335,250588.349386
1766966400000,1.335,1.347,1.329,1.338,490885.694066
1766970000000,1.339,1.343,1.325,1.338,343141.207372
1766973600000,1.339,1.361,1.337,1.34,993432.745802
1766977200000,1.341,1.359,1.34,1.354,631549.216136
1766980800000,1.355,1.364,1.351,1.364,388331.598301
1766984400000,1.363,1.365,1.347,1.348,287188.841508
1766988000000,1.349,1.353,1.344,1.347,214214.993292
1766991600000,1.347,1.357,1.333,1.35,282290.891614
1766995200000,1.35,1.351,1.336,1.338,163911.543682
1766998800000,1.337,1.342,1.321,1.334,363965.939162
1767002400000,1.334,1.372,1.333,1.363,499326.3885
1767006000000,1.363,1.376,1.352,1.364,510308.260148
1767009600000,1.365,1.377,1.335,1.376,856434.449603
1767013200000,1.375,1.377,1.336,1.341,657863.830639
1767016800000,1.34,1.35,1.325,1.329,463449.569644
1767020400000,1.33,1.349,1.329,1.339,194163.390445
1767024000000,1.34,1.363,1.338,1.358,208307.422331
1767027600000,1.358,1.367,1.338,1.351,154316.619018
1767031200000,1.352,1.354,1.342,1.344,84890.220464
1767034800000,1.345,1.355,1.336,1.342,143999.295361
1767038400000,1.342,1.358,1.336,1.341,86715.579361
1767042000000,1.341,1.35,1.328,1.33,164655.978124
1767045600000,1.33,1.337,1.326,1.327,126520.384803
1767049200000,1.327,1.334,1.311,1.318,255792.446133
1767052800000,1.318,1.324,1.286,1.293,847982.485118
1767056400000,1.294,1.304,1.29,1.303,324459.185564
1767060000000,1.304,1.314,1.294,1.296,155271.944134
1767063600000,1.296,1.315,1.291,1.314,125639.242327
1767067200000,1.314,1.317,1.305,1.308,194791.961666
1767070800000,1.308,1.314,1.295,1.309,174134.690428
1767074400000,1.31,1.315,1.307,1.314,191188.033702
1767078000000,1.313,1.319,1.309,1.31,134702.830307
1767081600000,1.31,1.327,1.309,1.317,214990.137679
1767085200000,1.317,1.336,1.316,1.329,228779.337499
1767088800000,1.33,1.335,1.325,1.329,133115.192493
1767092400000,1.33,1.338,1.327,1.335,140344.930944
1767096000000,1.336,1.343,1.331,1.333,175139.929072
1767099600000,1.333,1.336,1.326,1.328,141043.906686
1767103200000,1.328,1.339,1.315,1.33,350434.021115
1767106800000,1.331,1.333,1.316,1.326,260450.028333
1767110400000,1.327,1.33,1.318,1.321,133900.240923
1767114000000,1.321,1.337,1.317,1.335,108424.282894
1767117600000,1.334,1.336,1.322,1.325,61179.865492
1767121200000,1.326,1.339,1.316,1.337,97824.12181
1767124800000,1.336,1.336,1.324,1.324,86514.759656
1767128400000,1.324,1.325,1.309,1.315,60914.508712
1767132000000,1.316,1.322,1.313,1.317,57555.539522
1767135600000,1.317,1.323,1.316,1.323,78347.700608
1767139200000,1.323,1.325,1.315,1.317,206757.92519
1767142800000,1.317,1.349,1.315,1.348,483915.68457
1767146400000,1.349,1.352,1.33,1.335,453676.392493
1767150000000,1.336,1.341,1.324,1.329,93716.314489
1767153600000,1.329,1.329,1.318,1.323,96146.831769
1767157200000,1.322,1.326,1.32,1.323,74488.002939
1767160800000,1.324,1.325,1.319,1.324,110521.472943
1767164400000,1.324,1.335,1.318,1.334,98806.134968
1767168000000,1.335,1.343,1.321,1.323,225874.849491
1767171600000,1.324,1.327,1.32,1.325,95686.487389
1767175200000,1.324,1.328,1.318,1.322,139386.977201
1767178800000,1.323,1.336,1.323,1.334,267331.718768
1767182400000,1.334,1.335,1.322,1.325,309646.508282
1767186000000,1.324,1.332,1.32,1.331,207022.765904
1767189600000,1.332,1.337,1.321,1.329,275559.441796
1767193200000,1.329,1.329,1.307,1.315,978240.380791
1767196800000,1.315,1.317,1.267,1.282,942968.73183
1767200400000,1.281,1.283,1.264,1.267,252312.325356
1767204000000,1.267,1.275,1.258,1.267,221347.410029
1767207600000,1.268,1.288,1.268,1.28,247153.814397
1767211200000,1.28,1.3,1.271,1.296,256861.5064
1767214800000,1.297,1.31,1.292,1.305,122423.69708
1767218400000,1.304,1.312,1.297,1.308,176576.275622
1767222000000,1.307,1.307,1.295,1.297,204454.91309
1767225600000,1.298,1.311,1.298,1.301,208075.322441
1767229200000,1.3,1.307,1.29,1.291,124767.957753
1767232800000,1.291,1.293,1.287,1.29,75740.626023
1767236400000,1.291,1.293,1.285,1.285,103051.209969
1767240000000,1.286,1.286,1.278,1.281,130281.688062
1767243600000,1.282,1.295,1.282,1.294,223145.413687
1767247200000,1.294,1.295,1.289,1.29,75588.909672
1767250800000,1.291,1.303,1.291,1.297,224349.446836
1767254400000,1.297,1.305,1.294,1.304,94542.526155
1767258000000,1.304,1.31,1.303,1.303,120269.29986
1767261600000,1.303,1.308,1.302,1.308,38777.477743
1767265200000,1.307,1.321,1.303,1.318,112786.506912
1767268800000,1.319,1.334,1.312,1.333,440126.684274
1767272400000,1.333,1.399,1.33,1.395,1510196.96443
1767276000000,1.395,1.524,1.395,1.484,4172992.158755
1767279600000,1.484,1.514,1.461,1.505,2065362.896169
1767283200000,1.505,1.544,1.487,1.515,2071566.553843
1767286800000,1.516,1.555,1.508,1.535,886952.508172
1767290400000,1.537,1.547,1.512,1.523,463397.200502
1767294000000,1.523,1.533,1.501,1.517,255439.579877
1767297600000,1.517,1.529,1.493,1.494,278001.500514
1767301200000,1.495,1.504,1.489,1.499,233029.460397
1767304800000,1.501,1.51,1.474,1.496,460728.036496
1767308400000,1.497,1.499,1.482,1.484,327863.154564
1767312000000,1.484,1.507,1.476,1.487,365887.495792
1767315600000,1.487,1.495,1.468,1.476,427324.887822
1767319200000,1.476,1.476,1.453,1.469,544826.181829
1767322800000,1.469,1.491,1.466,1.49,402490.075434
1767326400000,1.489,1.492,1.467,1.469,230249.074501
1767330000000,1.47,1.475,1.458,1.467,166470.729892
1767333600000,1.468,1.469,1.451,1.451,245302.789949
1767337200000,1.452,1.454,1.437,1.45,359226.905932
1767340800000,1.45,1.454,1.442,1.45,181624.68898
1767344400000,1.45,1.467,1.444,1.458,349125.673892
1767348000000,1.458,1.463,1.454,1.457,191875.98301
1767351600000,1.458,1.459,1.42,1.429,720465.127685
1767355200000,1.428,1.44,1.427,1.436,284816.118326
1767358800000,1.435,1.436,1.425,1.429,220413.057407
1767362400000,1.428,1.453,1.423,1.436,556822.546347
1767366000000,1.437,1.449,1.424,1.435,462780.993821
1767369600000,1.434,1.464,1.434,1.457,436435.818685
1767373200000,1.457,1.461,1.448,1.455,279619.117698
1767376800000,1.455,1.468,1.446,1.455,193421.371015
1767380400000,1.455,1.471,1.454,1.47,169185.851316
1767384000000,1.47,1.478,1.46,1.476,162831.531114
1767387600000,1.477,1.48,1.466,1.477,209108.190543
1767391200000,1.478,1.502,1.473,1.495,730566.483408
1767394800000,1.494,1.506,1.49,1.504,331333.880602
1767398400000,1.503,1.531,1.486,1.514,594202.915724
1767402000000,1.515,1.528,1.502,1.528,318687.603031
1767405600000,1.528,1.577,1.524,1.558,1394369.603269
1767409200000,1.559,1.56,1.53,1.542,443569.884101
1767412800000,1.542,1.546,1.522,1.536,342117.367061
1767416400000,1.537,1.538,1.512,1.523,400994.669728
1767420000000,1.524,1.534,1.502,1.504,307632.229914
1767423600000,1.504,1.508,1.454,1.468,987047.029774
1767427200000,1.468,1.479,1.462,1.471,235825.012195
1767430800000,1.471,1.48,1.466,1.47,231763.022559
1767434400000,1.471,1.473,1.465,1.466,210434.641493
1767438000000,1.466,1.469,1.461,1.465,119817.514908
1767441600000,1.465,1.471,1.456,1.468,174431.17759
1767445200000,1.468,1.482,1.467,1.481,184242.581362
1767448800000,1.48,1.48,1.466,1.467,228829.109054
1767452400000,1.468,1.472,1.461,1.466,123464.730419
1767456000000,1.467,1.478,1.463,1.468,211929.419165
1767459600000,1.47,1.477,1.467,1.474,74061.292806
1767463200000,1.473,1.479,1.462,1.475,134415.765041
1767466800000,1.476,1.478,1.472,1.478,31939.792489
1767470400000,1.478,1.502,1.471,1.486,172523.698156
1767474000000,1.485,1.502,1.485,1.489,77531.764739
1767477600000,1.491,1.497,1.487,1.489,96992.249957
1767481200000,1.491,1.498,1.481,1.494,183597.094465
1767484800000,1.493,1.504,1.491,1.499,453585.766704
1767488400000,1.498,1.511,1.494,1.5,396395.715783
1767492000000,1.5,1.506,1.483,1.488,552385.285953
1767495600000,1.487,1.499,1.486,1.495,183876.378152
1767499200000,1.495,1.496,1.481,1.483,178042.833098
1767502800000,1.483,1.493,1.481,1.492,152738.383117
1767506400000,1.493,1.5,1.466,1.474,350819.195338
1767510000000,1.473,1.486,1.471,1.483,266094.612894
1767513600000,1.483,1.521,1.475,1.519,543193.016013
1767517200000,1.518,1.524,1.497,1.508,721305.620677
1767520800000,1.508,1.514,1.494,1.495,185715.344444
1767524400000,1.496,1.504,1.49,1.502,95457.272498
1767528000000,1.502,1.515,1.499,1.503,211850.904053
1767531600000,1.503,1.511,1.495,1.51,271169.462421
1767535200000,1.508,1.508,1.496,1.504,258329.781033
1767538800000,1.503,1.507,1.489,1.502,198691.782675
1767542400000,1.503,1.509,1.498,1.508,245262.969101
1767546000000,1.508,1.513,1.497,1.504,244135.556842
1767549600000,1.505,1.506,1.487,1.498,169580.643405
1767553200000,1.496,1.497,1.475,1.492,244246.410729
1767556800000,1.491,1.496,1.485,1.49,59105.896939
1767560400000,1.49,1.498,1.478,1.489,97355.432841
1767564000000,1.488,1.496,1.484,1.492,85885.904368
1767567600000,1.493,1.502,1.486,1.494,112109.299378
1767571200000,1.494,1.51,1.49,1.502,432092.79577
1767574800000,1.503,1.533,1.499,1.52,601319.278273
1767578400000,1.522,1.538,1.509,1.518,415968.435879
1767582000000,1.517,1.524,1.511,1.519,139897.840986
1767585600000,1.519,1.53,1.492,1.506,481373.814048
1767589200000,1.505,1.518,1.497,1.502,142825.650529
1767592800000,1.501,1.503,1.477,1.485,350711.692216
1767596400000,1.484,1.497,1.469,1.49,326577.48724
1767600000000,1.49,1.494,1.474,1.483,161035.138308
1767603600000,1.482,1.483,1.468,1.471,244021.479773
1767607200000,1.472,1.482,1.46,1.475,306891.734337
1767610800000,1.474,1.491,1.469,1.483,158173.574827
1767614400000,1.483,1.547,1.483,1.529,1074711.996968
1767618000000,1.528,1.534,1.499,1.512,648286.320694
1767621600000,1.511,1.553,1.511,1.542,962100.945902
1767625200000,1.542,1.656,1.542,1.651,2986198.688379
1767628800000,1.65,1.689,1.575,1.589,2403630.747717
1767632400000,1.59,1.629,1.577,1.626,831174.824461
1767636000000,1.627,1.629,1.596,1.608,412243.724126
1767639600000,1.61,1.611,1.57,1.582,500224.888571
1767643200000,1.582,1.607,1.582,1.595,270940.559541
1767646800000,1.593,1.601,1.571,1.581,311570.85947
1767650400000,1.58,1.595,1.575,1.585,210491.305717
1767654000000,1.584,1.584,1.564,1.57,357079.877461
1767657600000,1.571,1.581,1.549,1.56,846409.575904
1767661200000,1.56,1.577,1.55,1.559,566210.850332
1767664800000,1.559,1.575,1.558,1.573,182783.729279
1767668400000,1.573,1.601,1.572,1.592,460781.217339
1767672000000,1.592,1.596,1.581,1.591,350678.905452
1767675600000,1.591,1.591,1.571,1.573,224824.92416
1767679200000,1.573,1.591,1.564,1.581,236436.741947
1767682800000,1.581,1.582,1.557,1.563,436784.046556
1767686400000,1.563,1.571,1.557,1.559,328394.956675
1767690000000,1.559,1.57,1.558,1.566,207450.649353
1767693600000,1.567,1.573,1.563,1.568,130099.446098
1767697200000,1.569,1.581,1.567,1.581,322159.047723
1767700800000,1.581,1.59,1.577,1.585,427524.504194
1767704400000,1.585,1.601,1.583,1.587,334742.371645
1767708000000,1.587,1.611,1.576,1.587,887855.722039
1767711600000,1.588,1.605,1.575,1.591,865629.846913
1767715200000,1.59,1.602,1.552,1.571,994998.689839
1767718800000,1.568,1.577,1.512,1.527,946409.603206
1767722400000,1.527,1.543,1.522,1.537,307362.51963
1767726000000,1.537,1.545,1.532,1.536,140394.005049
1767729600000,1.538,1.575,1.538,1.573,119628.104588
1767733200000,1.574,1.597,1.567,1.59,375837.485006
1767736800000,1.59,1.604,1.578,1.585,261157.318426
1767740400000,1.584,1.594,1.579,1.593,185879.37012
1767744000000,1.594,1.606,1.568,1.57,552994.255064
1767747600000,1.57,1.584,1.56,1.565,371996.209372
1767751200000,1.566,1.572,1.555,1.571,497787.27841
1767754800000,1.572,1.581,1.564,1.567,136367.834186
1767758400000,1.568,1.573,1.561,1.566,138726.993938
1767762000000,1.566,1.574,1.557,1.558,161502.715189
1767765600000,1.558,1.568,1.548,1.559,246439.610763
1767769200000,1.561,1.595,1.561,1.589,341449.077275
1767772800000,1.589,1.598,1.583,1.594,360927.327095
1767776400000,1.593,1.593,1.553,1.556,573841.484592
1767780000000,1.555,1.569,1.555,1.563,221356.438845
1767783600000,1.561,1.569,1.558,1.567,97898.590308
1767787200000,1.565,1.573,1.551,1.555,567406.013266
1767790800000,1.556,1.562,1.536,1.538,464562.763074
1767794400000,1.539,1.547,1.51,1.541,789444.71779
1767798000000,1.542,1.544,1.494,1.509,925082.468962
1767801600000,1.509,1.527,1.506,1.517,267129.540699
1767805200000,1.517,1.531,1.513,1.525,197404.920701
1767808800000,1.524,1.545,1.519,1.53,290155.860759
1767812400000,1.531,1.535,1.516,1.531,130945.970392
1767816000000,1.53,1.53,1.511,1.514,76420.328123
1767819600000,1.515,1.52,1.509,1.51,106698.509688
1767823200000,1.51,1.529,1.505,1.513,108708.881803
1767826800000,1.513,1.532,1.506,1.52,146081.693861
1767830400000,1.52,1.524,1.508,1.519,156663.011498
1767834000000,1.518,1.527,1.513,1.523,125296.734826
1767837600000,1.523,1.526,1.505,1.508,155930.950937
1767841200000,1.509,1.52,1.492,1.499,414315.536992
1767844800000,1.499,1.517,1.498,1.513,104396.778864
1767848400000,1.514,1.53,1.51,1.519,239477.883082
1767852000000,1.52,1.522,1.476,1.478,672215.555861
1767855600000,1.48,1.501,1.469,1.498,401045.972776
1767859200000,1.498,1.501,1.475,1.478,250775.635899
1767862800000,1.478,1.485,1.466,1.472,432930.918604
1767866400000,1.473,1.478,1.452,1.474,446261.540191
1767870000000,1.475,1.478,1.46,1.474,237988.165301
1767873600000,1.474,1.476,1.459,1.465,107655.937298
1767877200000,1.465,1.472,1.46,1.465,77706.951847
1767880800000,1.464,1.477,1.453,1.472,214362.633842
1767884400000,1.469,1.497,1.463,1.496,215473.460263
1767888000000,1.496,1.499,1.48,1.496,221865.230869
1767891600000,1.497,1.504,1.486,1.498,113670.212682
1767895200000,1.498,1.498,1.482,1.484,65356.481295
1767898800000,1.485,1.489,1.477,1.482,29076.135799
1767902400000,1.481,1.49,1.473,1.49,56213.061979
1767906000000,1.489,1.509,1.488,1.505,67013.273508
1767909600000,1.506,1.513,1.493,1.505,143021.787313
1767913200000,1.504,1.511,1.495,1.496,70996.712018
1767916800000,1.497,1.508,1.496,1.507,83467.269376
1767920400000,1.508,1.522,1.495,1.506,293909.723957
1767924000000,1.507,1.518,1.504,1.504,130025.016612
1767927600000,1.504,1.517,1.498,1.516,176952.524139
1767931200000,1.517,1.527,1.512,1.516,142261.119724
1767934800000,1.517,1.524,1.512,1.523,88912.277425
1767938400000,1.524,1.53,1.518,1.519,161861.106563
1767942000000,1.52,1.52,1.508,1.51,84634.114089
1767945600000,1.51,1.512,1.474,1.483,391564.776291
1767949200000,1.482,1.493,1.474,1.482,1142373.607363
1767952800000,1.483,1.492,1.479,1.49,169441.950194
1767956400000,1.491,1.496,1.486,1.487,84774.245303
1767960000000,1.487,1.494,1.481,1.483,98853.919593
1767963600000,1.484,1.508,1.483,1.498,290672.094692
1767967200000,1.498,1.498,1.479,1.484,163593.280172
1767970800000,1.484,1.525,1.475,1.514,474717.857595
1767974400000,1.514,1.532,1.513,1.525,366705.096915
1767978000000,1.526,1.527,1.496,1.513,201453.443886
1767981600000,1.514,1.515,1.479,1.496,302633.326138
1767985200000,1.497,1.497,1.477,1.48,71311.805174
1767988800000,1.48,1.494,1.479,1.483,44931.39972
1767992400000,1.483,1.496,1.478,1.494,51941.88201
1767996000000,1.494,1.495,1.485,1.489,80707.491833
1767999600000,1.488,1.493,1.484,1.488,56427.965467
1768003200000,1.487,1.488,1.476,1.479,134212.417873
1768006800000,1.48,1.485,1.475,1.483,105164.065773
1768010400000,1.484,1.486,1.475,1.478,94703.117204
1768014000000,1.478,1.478,1.465,1.475,187888.425668
1768017600000,1.475,1.475,1.46,1.466,101708.325719
1768021200000,1.467,1.468,1.463,1.467,41379.440418
1768024800000,1.467,1.475,1.465,1.471,50428.514546
1768028400000,1.471,1.484,1.47,1.482,81694.259488
1768032000000,1.482,1.484,1.478,1.482,107129.458013
1768035600000,1.483,1.494,1.482,1.491,80028.59805
1768039200000,1.491,1.495,1.487,1.493,31894.927497
1768042800000,1.493,1.499,1.49,1.497,85761.508669
1768046400000,1.498,1.507,1.494,1.505,236281.235774
1768050000000,1.505,1.51,1.501,1.506,71857.45184
1768053600000,1.506,1.506,1.489,1.491,137742.259266
1768057200000,1.492,1.496,1.488,1.491,64519.1083
1768060800000,1.491,1.494,1.484,1.488,90956.335073
1768064400000,1.489,1.494,1.48,1.483,53362.039427
1768068000000,1.483,1.493,1.478,1.49,79183.803608
1768071600000,1.491,1.509,1.489,1.507,148733.233218
1768075200000,1.508,1.509,1.497,1.497,75103.163578
1768078800000,1.497,1.498,1.485,1.485,110531.334783
1768082400000,1.485,1.49,1.476,1.477,153058.061591
1768086000000,1.476,1.485,1.476,1.482,90359.722424
1768089600000,1.482,1.49,1.477,1.487,39550.835805
1768093200000,1.488,1.496,1.487,1.495,119512.685377
1768096800000,1.495,1.497,1.488,1.49,118114.718999
1768100400000,1.489,1.49,1.486,1.488,39564.761639
1768104000000,1.488,1.489,1.48,1.488,303478.202348
1768107600000,1.489,1.49,1.482,1.485,121984.430811
1768111200000,1.486,1.487,1.476,1.484,43179.888909
1768114800000,1.484,1.485,1.48,1.484,23985.316046
1768118400000,1.483,1.488,1.481,1.484,33049.922727
1768122000000,1.485,1.493,1.478,1.492,373449.065088
1768125600000,1.491,1.493,1.484,1.487,42286.239109
1768129200000,1.488,1.508,1.486,1.507,197362.321469
1768132800000,1.507,1.507,1.499,1.506,163145.953273
1768136400000,1.507,1.509,1.493,1.493,157033.095944
1768140000000,1.494,1.5,1.49,1.499,248959.920616
1768143600000,1.498,1.498,1.471,1.479,208665.612555
1768147200000,1.48,1.503,1.479,1.495,188673.620884
1768150800000,1.496,1.515,1.486,1.511,266698.411401
1768154400000,1.511,1.513,1.497,1.501,142974.670655
1768158000000,1.501,1.506,1.491,1.491,46668.774277
1768161600000,1.49,1.49,1.455,1.469,656866.18761
1768165200000,1.467,1.473,1.458,1.472,97155.669659
1768168800000,1.471,1.471,1.445,1.447,364196.553094
1768172400000,1.446,1.46,1.43,1.458,270754.567935
1768176000000,1.458,1.47,1.444,1.468,264914.059123
1768179600000,1.468,1.504,1.467,1.492,378862.684203
1768183200000,1.492,1.507,1.492,1.505,239701.781427
1768186800000,1.505,1.51,1.488,1.489,307770.656615
1768190400000,1.49,1.509,1.484,1.503,231670.07036
1768194000000,1.504,1.509,1.498,1.502,160441.172414
1768197600000,1.501,1.501,1.484,1.486,220064.172844
1768201200000,1.486,1.496,1.469,1.472,254440.260594
1768204800000,1.472,1.479,1.451,1.463,331973.384378
1768208400000,1.463,1.464,1.455,1.457,211935.59397
1768212000000,1.457,1.463,1.453,1.454,127165.583863
1768215600000,1.454,1.468,1.454,1.465,147027.828984
1768219200000,1.465,1.467,1.457,1.459,58501.314272
1768222800000,1.46,1.463,1.443,1.444,216262.301484
1768226400000,1.445,1.465,1.435,1.46,331636.196926
1768230000000,1.461,1.495,1.457,1.488,546688.38781
1768233600000,1.488,1.498,1.478,1.484,221089.918018
1768237200000,1.484,1.487,1.459,1.467,152065.752485
1768240800000,1.467,1.474,1.445,1.453,374749.410039
1768244400000,1.454,1.471,1.449,1.471,72592.036137
1768248000000,1.472,1.485,1.462,1.462,127794.250357
1768251600000,1.463,1.464,1.445,1.455,79305.569596
1768255200000,1.456,1.47,1.455,1.466,123519.506802
1768258800000,1.467,1.47,1.458,1.462,131124.093467
1768262400000,1.461,1.473,1.46,1.463,70772.725846
1768266000000,1.463,1.469,1.456,1.464,103172.956004
1768269600000,1.465,1.477,1.461,1.461,117306.901295
1768273200000,1.462,1.473,1.457,1.47,81851.407381
1768276800000,1.471,1.479,1.47,1.479,80881.719471
1768280400000,1.48,1.495,1.48,1.481,260422.816268
1768284000000,1.483,1.494,1.481,1.489,149228.038206
1768287600000,1.489,1.491,1.483,1.484,110206.674774
1768291200000,1.486,1.488,1.476,1.484,122621.934921
1768294800000,1.484,1.489,1.48,1.486,107266.877713
1768298400000,1.487,1.493,1.483,1.491,169274.596073
1768302000000,1.491,1.5,1.484,1.492,174061.596265
1768305600000,1.493,1.544,1.484,1.535,822523.15322
1768309200000,1.536,1.544,1.515,1.521,1132469.001689
1768312800000,1.52,1.549,1.514,1.529,813439.997376
1768316400000,1.529,1.577,1.522,1.566,1057317.045374
1768320000000,1.567,1.599,1.555,1.587,1261555.462152
1768323600000,1.588,1.59,1.544,1.551,642159.367943
1768327200000,1.551,1.558,1.529,1.532,431663.196426
1768330800000,1.532,1.543,1.525,1.541,305242.596987
1768334400000,1.542,1.546,1.525,1.53,114337.126507
1768338000000,1.529,1.544,1.529,1.543,91944.077774
1768341600000,1.544,1.599,1.543,1.585,874521.908813
1768345200000,1.587,1.595,1.567,1.576,531874.01012
1768348800000,1.576,1.588,1.572,1.585,284348.716481
1768352400000,1.584,1.59,1.569,1.573,236891.850256
1768356000000,1.574,1.581,1.564,1.571,145347.298468
1768359600000,1.571,1.585,1.569,1.584,90167.001954
1768363200000,1.585,1.588,1.57,1.574,216708.037778
1768366800000,1.573,1.573,1.558,1.571,286898.170749
1768370400000,1.571,1.576,1.558,1.575,262964.56461
1768374000000,1.576,1.581,1.565,1.567,177103.627733
1768377600000,1.568,1.572,1.558,1.56,303255.43138
1768381200000,1.56,1.586,1.56,1.585,327622.894372
1768384800000,1.586,1.599,1.576,1.583,498428.23071
1768388400000,1.582,1.584,1.57,1.576,281777.576478
1768392000000,1.575,1.585,1.573,1.578,163430.815727
1768395600000,1.578,1.585,1.569,1.579,244931.788946
1768399200000,1.58,1.618,1.578,1.614,884691.828586
1768402800000,1.613,1.639,1.605,1.62,1011554.20624
1768406400000,1.62,1.649,1.605,1.612,1115066.806554
1768410000000,1.612,1.621,1.58,1.587,583666.465195
1768413600000,1.586,1.591,1.553,1.569,562942.549789
1768417200000,1.569,1.585,1.564,1.572,311077.704678
1768420800000,1.573,1.583,1.566,1.578,182895.24891
1768424400000,1.577,1.609,1.575,1.594,276130.722819
1768428000000,1.593,1.597,1.57,1.574,275454.83325
1768431600000,1.573,1.593,1.573,1.591,201290.599043
1768435200000,1.592,1.63,1.583,1.629,470580.304291
1768438800000,1.628,1.682,1.627,1.65,2102702.587618
1768442400000,1.649,1.661,1.579,1.584,1113382.419195
1768446000000,1.584,1.592,1.541,1.551,796362.116804
1768449600000,1.55,1.571,1.546,1.566,505583.922377
1768453200000,1.566,1.58,1.562,1.57,454532.707973
1768456800000,1.57,1.582,1.558,1.563,475583.474433
1768460400000,1.563,1.6,1.561,1.585,277038.328592
1768464000000,1.585,1.585,1.56,1.571,331247.49693
1768467600000,1.569,1.579,1.552,1.57,267450.19813
1768471200000,1.569,1.58,1.56,1.57,172762.984902
1768474800000,1.57,1.577,1.559,1.566,156275.849975
1768478400000,1.565,1.581,1.565,1.581,178303.8803
1768482000000,1.58,1.589,1.573,1.577,204479.375165
1768485600000,1.575,1.583,1.548,1.557,402247.294064
1768489200000,1.556,1.562,1.504,1.53,765141.343746
1768492800000,1.529,1.532,1.498,1.516,705823.34421
1768496400000,1.515,1.524,1.494,1.499,278910.856506
1768500000000,1.499,1.504,1.47,1.476,713184.677593
1768503600000,1.476,1.481,1.459,1.481,284023.565577
1768507200000,1.479,1.493,1.476,1.482,202091.517986
1768510800000,1.481,1.5,1.48,1.495,267086.153715
1768514400000,1.496,1.507,1.493,1.501,166595.397697
1768518000000,1.5,1.509,1.494,1.504,132070.807079
1768521600000,1.505,1.514,1.499,1.504,184127.710643
1768525200000,1.503,1.51,1.498,1.509,116944.312444
1768528800000,1.508,1.567,1.499,1.554,858604.461091
1768532400000,1.554,1.569,1.532,1.536,363909.774139
1768536000000,1.536,1.54,1.507,1.514,278560.097509
1768539600000,1.514,1.547,1.514,1.532,244646.995179
1768543200000,1.531,1.534,1.523,1.532,117220.719481
1768546800000,1.531,1.534,1.513,1.517,213826.252042
1768550400000,1.516,1.531,1.515,1.519,311344.122225
1768554000000,1.518,1.538,1.518,1.534,156800.206228
1768557600000,1.534,1.536,1.52,1.521,115683.109534
1768561200000,1.522,1.534,1.513,1.534,379040.643111
1768564800000,1.534,1.536,1.519,1.52,92793.993228
1768568400000,1.52,1.521,1.508,1.514,164708.45281
1768572000000,1.513,1.521,1.51,1.512,127818.691173
1768575600000,1.511,1.522,1.475,1.484,513779.384005
1768579200000,1.482,1.502,1.481,1.496,174050.684326
1768582800000,1.497,1.507,1.485,1.506,128460.293657
1768586400000,1.506,1.509,1.494,1.496,75842.394031
1768590000000,1.495,1.497,1.482,1.495,71361.818109
1768593600000,1.495,1.508,1.489,1.508,75029.077354
1768597200000,1.509,1.513,1.505,1.508,64060.979734
1768600800000,1.508,1.511,1.502,1.509,144697.100132
1768604400000,1.51,1.523,1.51,1.52,187504.72392
1768608000000,1.521,1.525,1.51,1.517,253204.147929
1768611600000,1.516,1.526,1.515,1.522,238719.783214
1768615200000,1.522,1.526,1.507,1.511,128821.105958
1768618800000,1.511,1.514,1.502,1.509,112888.166112
1768622400000,1.508,1.521,1.501,1.519,81810.598707
1768626000000,1.518,1.524,1.514,1.515,84812.586055
1768629600000,1.514,1.52,1.511,1.513,59939.056856
1768633200000,1.512,1.536,1.508,1.53,247500.465911
1768636800000,1.53,1.546,1.528,1.539,286054.323094
1768640400000,1.539,1.555,1.536,1.546,360687.986934
1768644000000,1.546,1.57,1.543,1.555,355810.777129
1768647600000,1.555,1.56,1.537,1.537,225231.448913
1768651200000,1.537,1.563,1.534,1.561,279783.156227
1768654800000,1.561,1.565,1.553,1.559,146606.892464
1768658400000,1.559,1.591,1.548,1.581,465712.765091
1768662000000,1.581,1.596,1.563,1.579,723477.353077
1768665600000,1.58,1.581,1.56,1.571,195525.036983
1768669200000,1.571,1.577,1.556,1.563,156206.500773
1768672800000,1.563,1.571,1.556,1.567,143657.47155
1768676400000,1.568,1.571,1.556,1.564,163148.539203
1768680000000,1.564,1.569,1.555,1.555,164655.432534
1768683600000,1.555,1.565,1.55,1.562,216845.043227
1768687200000,1.562,1.563,1.543,1.549,127377.640167
1768690800000,1.548,1.556,1.545,1.552,149776.592617
1768694400000,1.552,1.573,1.55,1.553,367464.058669
1768698000000,1.554,1.556,1.527,1.533,395325.432562
1768701600000,1.533,1.541,1.528,1.533,197228.675369
1768705200000,1.533,1.539,1.532,1.534,111016.673804
1768708800000,1.534,1.534,1.523,1.531,106133.722723
1768712400000,1.532,1.535,1.526,1.533,125049.667364
1768716000000,1.533,1.538,1.525,1.528,154845.893489
1768719600000,1.527,1.535,1.519,1.529,195335.046963
1768723200000,1.529,1.531,1.523,1.523,94511.887952
1768726800000,1.524,1.53,1.522,1.527,79456.147262
1768730400000,1.528,1.531,1.523,1.528,52215.615246
1768734000000,1.528,1.542,1.524,1.535,79688.573216
1768737600000,1.536,1.559,1.533,1.536,325122.419443
1768741200000,1.536,1.539,1.521,1.529,383181.282619
1768744800000,1.528,1.54,1.508,1.509,211399.718301
1768748400000,1.51,1.537,1.509,1.537,205242.58721
1768752000000,1.537,1.56,1.53,1.54,564845.405786
1768755600000,1.54,1.543,1.521,1.53,178469.58727
1768759200000,1.531,1.554,1.523,1.548,209295.165074
1768762800000,1.548,1.552,1.531,1.539,137523.887303
1768766400000,1.54,1.557,1.538,1.544,158429.334643
1768770000000,1.545,1.552,1.541,1.546,84359.685814
1768773600000,1.547,1.553,1.544,1.547,80676.015743
1768777200000,1.546,1.547,1.447,1.451,1350742.671301
1768780800000,1.45,1.45,1.255,1.364,8058181.914466
1768784400000,1.364,1.379,1.352,1.365,940649.709401
1768788000000,1.365,1.374,1.359,1.371,333780.151191
1768791600000,1.37,1.385,1.366,1.381,190591.256348
1768795200000,1.38,1.382,1.372,1.376,253173.620551
1768798800000,1.375,1.391,1.369,1.386,266490.9075
1768802400000,1.385,1.399,1.379,1.381,238528.499506
1768806000000,1.382,1.398,1.378,1.393,242281.567396
1768809600000,1.393,1.403,1.385,1.398,198223.666125
1768813200000,1.397,1.401,1.392,1.398,155467.76142
1768816800000,1.398,1.398,1.373,1.376,346709.944831
1768820400000,1.377,1.382,1.367,1.372,477959.031805
1768824000000,1.373,1.375,1.361,1.365,247323.157234
1768827600000,1.365,1.37,1.36,1.363,237201.197126
1768831200000,1.364,1.383,1.362,1.37,245429.622375
1768834800000,1.37,1.372,1.362,1.369,225706.16682
1768838400000,1.369,1.388,1.367,1.388,278784.264209
1768842000000,1.388,1.388,1.379,1.382,103023.309579
1768845600000,1.382,1.388,1.374,1.388,216562.512977
1768849200000,1.388,1.407,1.387,1.393,203955.970626
1768852800000,1.392,1.394,1.381,1.384,58542.817463
1768856400000,1.386,1.388,1.378,1.378,71634.175128
1768860000000,1.377,1.384,1.366,1.371,107160.071717
1768863600000,1.372,1.397,1.372,1.384,276184.673441
1768867200000,1.384,1.387,1.377,1.378,129170.602777
1768870800000,1.378,1.388,1.371,1.38,219629.338035
1768874400000,1.38,1.382,1.365,1.378,214779.294876
1768878000000,1.379,1.384,1.372,1.375,116756.966097
1768881600000,1.374,1.385,1.368,1.376,196325.983581
1768885200000,1.375,1.383,1.366,1.369,246881.298949
1768888800000,1.369,1.37,1.345,1.352,711421.033711
1768892400000,1.351,1.363,1.35,1.351,101532.680009
1768896000000,1.35,1.353,1.334,1.343,407854.98629
1768899600000,1.342,1.349,1.339,1.346,194187.39949
1768903200000,1.345,1.355,1.344,1.348,82011.576059
1768906800000,1.349,1.353,1.339,1.339,96233.925325
1768910400000,1.339,1.35,1.338,1.34,249005.630556
1768914000000,1.339,1.342,1.325,1.327,320700.926842
1768917600000,1.326,1.355,1.326,1.342,475245.12215
1768921200000,1.341,1.343,1.325,1.336,254691.30864
1768924800000,1.336,1.342,1.315,1.322,248241.018039
1768928400000,1.321,1.331,1.306,1.312,198994.671749
1768932000000,1.312,1.315,1.3,1.302,214339.737377
1768935600000,1.302,1.312,1.301,1.308,97735.839733
1768939200000,1.307,1.317,1.303,1.315,88600.47515
1768942800000,1.317,1.317,1.304,1.308,39153.926421
1768946400000,1.307,1.317,1.286,1.31,321864.096419
1768950000000,1.31,1.314,1.303,1.312,172573.155049
1768953600000,1.312,1.333,1.31,1.333,215885.496293
1768957200000,1.333,1.351,1.333,1.343,349198.497317
1768960800000,1.343,1.352,1.341,1.35,241340.91061
1768964400000,1.35,1.362,1.35,1.35,438466.069326
1768968000000,1.351,1.355,1.344,1.353,139708.585018
1768971600000,1.353,1.357,1.345,1.353,108391.280227
1768975200000,1.354,1.355,1.35,1.353,89063.937334
1768978800000,1.353,1.36,1.347,1.353,162815.231276
1768982400000,1.352,1.358,1.341,1.348,157725.745361
1768986000000,1.348,1.354,1.344,1.35,115435.282437
1768989600000,1.35,1.36,1.349,1.352,72179.486044
1768993200000,1.351,1.352,1.332,1.335,226374.258055
1768996800000,1.335,1.339,1.322,1.336,372395.072252
1769000400000,1.336,1.341,1.32,1.323,264936.988339
1769004000000,1.323,1.355,1.323,1.349,357082.911059
1769007600000,1.348,1.358,1.339,1.353,254455.85781
1769011200000,1.353,1.353,1.3,1.303,312409.716218
1769014800000,1.303,1.32,1.3,1.319,353167.686004
1769018400000,1.318,1.33,1.313,1.324,154766.186951
1769022000000,1.324,1.369,1.316,1.369,285636.491397
1769025600000,1.37,1.372,1.351,1.368,348117.257873
1769029200000,1.369,1.377,1.363,1.369,158624.541288
1769032800000,1.37,1.374,1.356,1.359,123956.551727
1769036400000,1.358,1.363,1.344,1.349,201984.039238
1769040000000,1.35,1.358,1.349,1.355,68752.566943
1769043600000,1.355,1.358,1.351,1.358,76825.50039
1769047200000,1.356,1.361,1.355,1.356,50762.094768
1769050800000,1.356,1.361,1.345,1.351,167241.663463
1769054400000,1.352,1.358,1.351,1.354,37909.958954
1769058000000,1.354,1.356,1.345,1.349,98393.269782
1769061600000,1.35,1.352,1.341,1.348,68765.642333
1769065200000,1.349,1.349,1.339,1.344,72484.009093
1769068800000,1.344,1.352,1.336,1.352,210230.065626
1769072400000,1.352,1.358,1.347,1.356,220006.520014
1769076000000,1.356,1.356,1.351,1.354,61131.607948
1769079600000,1.353,1.353,1.342,1.344,75935.775879
1769083200000,1.343,1.345,1.341,1.343,118946.888482
1769086800000,1.344,1.353,1.335,1.34,180260.019274
1769090400000,1.34,1.343,1.322,1.324,184870.70103
1769094000000,1.324,1.332,1.31,1.324,252365.475079
1769097600000,1.325,1.334,1.32,1.33,107303.652157
1769101200000,1.331,1.334,1.323,1.332,95704.093359
1769104800000,1.331,1.331,1.31,1.31,142521.298586
1769108400000,1.311,1.322,1.307,1.318,99395.405365
1769112000000,1.317,1.322,1.304,1.309,348245.04179
1769115600000,1.309,1.319,1.308,1.312,57423.422123
1769119200000,1.313,1.32,1.309,1.316,175729.421537
1769122800000,1.315,1.321,1.308,1.319,93906.413324
1769126400000,1.319,1.323,1.316,1.321,100475.183869
1769130000000,1.322,1.346,1.322,1.341,340242.558121
1769133600000,1.341,1.343,1.331,1.332,79692.733341
1769137200000,1.332,1.342,1.329,1.337,97112.467638
1769140800000,1.338,1.367,1.337,1.357,257944.140532
1769144400000,1.356,1.357,1.348,1.356,433687.108378
1769148000000,1.356,1.368,1.349,1.349,263373.04866
1769151600000,1.35,1.354,1.342,1.344,64334.351012
1769155200000,1.344,1.347,1.329,1.332,128136.687726
1769158800000,1.333,1.339,1.33,1.332,151083.551886
1769162400000,1.332,1.335,1.325,1.33,271262.384306
1769166000000,1.331,1.34,1.312,1.32,315682.507968
1769169600000,1.32,1.324,1.315,1.321,164675.696712
1769173200000,1.32,1.329,1.315,1.317,338398.826116
1769176800000,1.317,1.322,1.296,1.305,520502.230746
1769180400000,1.306,1.331,1.301,1.329,214471.308094
1769184000000,1.329,1.341,1.314,1.33,289805.176965
1769187600000,1.33,1.352,1.321,1.335,156745.706425
1769191200000,1.335,1.343,1.326,1.329,154097.933701
1769194800000,1.329,1.329,1.306,1.311,150225.866085
1769198400000,1.311,1.315,1.297,1.303,186474.02326
1769202000000,1.303,1.312,1.301,1.306,68850.883805
1769205600000,1.306,1.319,1.305,1.316,74955.887146
1769209200000,1.316,1.316,1.31,1.313,43029.272778
1769212800000,1.313,1.318,1.309,1.309,53964.031366
1769216400000,1.309,1.315,1.304,1.314,140843.675929
1769220000000,1.314,1.318,1.308,1.312,193919.752449
1769223600000,1.312,1.324,1.311,1.319,62997.13814
1769227200000,1.32,1.322,1.317,1.319,103705.945109
1769230800000,1.319,1.319,1.311,1.318,62580.391276
1769234400000,1.319,1.321,1.317,1.317,42094.856644
1769238000000,1.317,1.319,1.313,1.315,46364.291588
1769241600000,1.315,1.323,1.311,1.321,68584.944698
1769245200000,1.321,1.321,1.315,1.315,48905.291777
1769248800000,1.315,1.32,1.313,1.318,47650.022522
1769252400000,1.318,1.321,1.316,1.321,63704.35672
1769256000000,1.32,1.323,1.317,1.32,145039.005088
1769259600000,1.319,1.321,1.314,1.314,73123.071454
1769263200000,1.313,1.319,1.312,1.317,107877.612726
1769266800000,1.317,1.32,1.303,1.306,115438.707521
1769270400000,1.306,1.307,1.299,1.306,200562.848223
1769274000000,1.306,1.308,1.303,1.305,53092.136822
1769277600000,1.305,1.307,1.303,1.303,49423.400163
1769281200000,1.303,1.305,1.297,1.301,73905.614812
1769284800000,1.3,1.31,1.3,1.31,48758.272861
1769288400000,1.309,1.314,1.308,1.311,46230.093107
1769292000000,1.313,1.32,1.31,1.319,89797.278017
1769295600000,1.319,1.322,1.315,1.315,39492.522631
1769299200000,1.315,1.323,1.313,1.321,98923.747948
1769302800000,1.322,1.33,1.31,1.313,151462.163105
1769306400000,1.313,1.315,1.306,1.31,66974.75424
1769310000000,1.311,1.313,1.301,1.306,77946.275953
1769313600000,1.305,1.313,1.303,1.306,50207.737343
1769317200000,1.306,1.307,1.301,1.306,75609.996117
1769320800000,1.306,1.309,1.301,1.305,258340.470981
1769324400000,1.305,1.309,1.301,1.308,57105.295771
1769328000000,1.308,1.309,1.289,1.297,143705.710529
1769331600000,1.296,1.304,1.291,1.3,107234.355544
1769335200000,1.301,1.308,1.298,1.299,47050.872337
1769338800000,1.3,1.302,1.294,1.296,95983.011363
1769342400000,1.296,1.296,1.275,1.29,500952.576806
1769346000000,1.29,1.292,1.283,1.29,169951.905339
1769349600000,1.291,1.291,1.276,1.282,258561.167055
1769353200000,1.281,1.29,1.279,1.283,148940.319716
1769356800000,1.283,1.283,1.252,1.268,628209.751554
1769360400000,1.266,1.274,1.258,1.269,143677.979079
1769364000000,1.269,1.269,1.239,1.249,471754.312577
1769367600000,1.248,1.252,1.212,1.223,655659.805144
1769371200000,1.224,1.237,1.216,1.236,330337.212078
1769374800000,1.236,1.245,1.234,1.239,201743.214784
1769378400000,1.24,1.243,1.232,1.241,184490.403875
1769382000000,1.241,1.253,1.237,1.252,141151.739856
1769385600000,1.251,1.261,1.246,1.26,243383.743295
1769389200000,1.26,1.278,1.259,1.274,313188.954991
1769392800000,1.274,1.274,1.261,1.267,99008.928708
1769396400000,1.267,1.274,1.26,1.263,104016.111591
1769400000000,1.264,1.272,1.262,1.266,76240.285452
1769403600000,1.267,1.268,1.264,1.267,55899.838567
1769407200000,1.266,1.278,1.263,1.278,259553.679714
1769410800000,1.277,1.282,1.271,1.274,81602.968167
1769414400000,1.274,1.284,1.269,1.27,64329.59635
1769418000000,1.27,1.271,1.256,1.258,122330.451583
1769421600000,1.259,1.262,1.254,1.26,100658.33843
1769425200000,1.26,1.263,1.256,1.258,68461.373402
1769428800000,1.258,1.266,1.255,1.265,162341.931444
1769432400000,1.264,1.267,1.262,1.266,98966.754264
1769436000000,1.266,1.282,1.257,1.281,377633.930317
1769439600000,1.281,1.294,1.266,1.274,308389.608608
1769443200000,1.275,1.281,1.266,1.272,185860.630557
1769446800000,1.271,1.275,1.26,1.272,58979.11872
1769450400000,1.271,1.284,1.269,1.278,69766.731856
1769454000000,1.279,1.282,1.267,1.269,37567.679527
1769457600000,1.27,1.27,1.259,1.262,37139.495139
1769461200000,1.262,1.28,1.26,1.273,38449.744396
1769464800000,1.273,1.277,1.27,1.273,165773.004474
1769468400000,1.273,1.278,1.267,1.27,143357.655514
1769472000000,1.27,1.278,1.269,1.275,78566.19084
1769475600000,1.274,1.287,1.27,1.281,71816.889441
1769479200000,1.282,1.287,1.278,1.284,34842.136233
1769482800000,1.284,1.286,1.272,1.274,66317.294143
1769486400000,1.274,1.282,1.273,1.276,64885.012016
1769490000000,1.277,1.279,1.272,1.274,43427.899952
1769493600000,1.275,1.277,1.267,1.268,47812.114492
1769497200000,1.269,1.276,1.267,1.273,41866.388131
1769500800000,1.274,1.278,1.27,1.274,24930.251886
1769504400000,1.273,1.273,1.265,1.265,153267.778602
1769508000000,1.266,1.268,1.263,1.265,180410.398265
1769511600000,1.265,1.27,1.258,1.26,153328.427825
1769515200000,1.261,1.262,1.256,1.26,134913.834921
1769518800000,1.26,1.263,1.254,1.255,78060.963012
1769522400000,1.255,1.267,1.247,1.249,155003.295281
1769526000000,1.248,1.265,1.246,1.264,74084.016173
1769529600000,1.264,1.295,1.263,1.286,286532.981892
1769533200000,1.285,1.287,1.25,1.255,178073.481186
1769536800000,1.254,1.276,1.253,1.27,81848.408424
1769540400000,1.27,1.276,1.266,1.271,52063.008871
1769544000000,1.272,1.29,1.271,1.287,181280.64023
1769547600000,1.288,1.289,1.275,1.275,55035.191457
1769551200000,1.275,1.285,1.275,1.279,44739.287514
1769554800000,1.278,1.279,1.272,1.275,94479.539613
1769558400000,1.274,1.277,1.264,1.275,106960.339545
1769562000000,1.276,1.277,1.265,1.272,40105.640606
1769565600000,1.271,1.274,1.267,1.271,72091.014753
1769569200000,1.272,1.273,1.267,1.268,94926.007798
1769572800000,1.268,1.271,1.262,1.27,115895.572644
1769576400000,1.27,1.282,1.268,1.28,146064.807436
1769580000000,1.28,1.283,1.273,1.279,125319.121333
1769583600000,1.279,1.28,1.273,1.275,74644.986267
1769587200000,1.276,1.279,1.268,1.269,122164.768283
1769590800000,1.27,1.28,1.266,1.28,51433.618935
1769594400000,1.28,1.284,1.276,1.276,50819.490076
1769598000000,1.277,1.289,1.275,1.288,60960.446084
1769601600000,1.289,1.289,1.275,1.279,65351.290317
1769605200000,1.279,1.283,1.276,1.278,46296.506049
1769608800000,1.278,1.278,1.264,1.267,163605.266511
1769612400000,1.268,1.273,1.258,1.263,142439.094636
1769616000000,1.263,1.268,1.255,1.263,169144.489976
1769619600000,1.263,1.278,1.258,1.271,95851.809398
1769623200000,1.271,1.271,1.26,1.266,132180.157262
1769626800000,1.265,1.279,1.261,1.276,52490.021971
1769630400000,1.275,1.283,1.265,1.268,69924.98586
1769634000000,1.269,1.283,1.259,1.279,87125.829705
1769637600000,1.28,1.29,1.274,1.288,229964.693401
1769641200000,1.288,1.29,1.279,1.279,173560.151016
1769644800000,1.28,1.284,1.266,1.272,132851.34463
1769648400000,1.271,1.273,1.259,1.264,110904.457456
1769652000000,1.264,1.267,1.236,1.242,528684.632113
1769655600000,1.242,1.251,1.238,1.244,141792.935178
1769659200000,1.243,1.243,1.23,1.242,204463.234538
1769662800000,1.242,1.248,1.239,1.241,112608.384257
1769666400000,1.241,1.246,1.238,1.244,158899.16551
1769670000000,1.244,1.252,1.242,1.242,50508.919441
1769673600000,1.242,1.246,1.236,1.239,95589.690891
1769677200000,1.239,1.242,1.236,1.237,61880.674702
1769680800000,1.237,1.237,1.228,1.23,151806.562561
1769684400000,1.23,1.232,1.223,1.227,308610.549308
1769688000000,1.227,1.23,1.216,1.222,359497.808897
1769691600000,1.222,1.232,1.222,1.231,87556.062618
1769695200000,1.232,1.234,1.201,1.205,280553.5842
1769698800000,1.205,1.207,1.173,1.199,2263856.267667
1769702400000,1.199,1.21,1.193,1.209,937780.845592
1769706000000,1.209,1.22,1.191,1.192,496578.224911
1769709600000,1.191,1.194,1.149,1.159,1257549.57099
1769713200000,1.159,1.183,1.157,1.178,519895.793498
1769716800000,1.178,1.189,1.174,1.186,285389.458325
1769720400000,1.187,1.193,1.185,1.19,189965.064976
1769724000000,1.19,1.195,1.184,1.189,232225.813872
1769727600000,1.188,1.199,1.185,1.195,303712.635287
1769731200000,1.195,1.198,1.187,1.194,229245.45326
1769734800000,1.193,1.197,1.128,1.171,1823635.960615
1769738400000,1.17,1.17,1.144,1.155,444348.394515
1769742000000,1.154,1.162,1.151,1.155,205988.118059
1769745600000,1.156,1.172,1.155,1.168,489474.042877
1769749200000,1.168,1.171,1.163,1.165,178745.75374
1769752800000,1.164,1.165,1.141,1.152,293919.748643
1769756400000,1.154,1.172,1.153,1.168,314535.462498
1769760000000,1.167,1.173,1.16,1.164,157789.435088
1769763600000,1.165,1.168,1.157,1.163,169942.514432
1769767200000,1.164,1.168,1.16,1.168,116316.917253
1769770800000,1.167,1.185,1.167,1.18,174025.273459
1769774400000,1.18,1.183,1.168,1.171,165698.60564
1769778000000,1.17,1.173,1.153,1.163,260839.180328
1769781600000,1.163,1.178,1.163,1.167,269420.572786
1769785200000,1.168,1.184,1.155,1.18,837067.961078
1769788800000,1.18,1.19,1.168,1.177,213854.980661
1769792400000,1.178,1.186,1.171,1.178,76747.998449
1769796000000,1.178,1.194,1.15,1.189,568608.831079
1769799600000,1.19,1.201,1.185,1.188,229419.767772
1769803200000,1.187,1.187,1.164,1.168,377116.732044
1769806800000,1.168,1.18,1.166,1.176,190805.134409
1769810400000,1.175,1.176,1.165,1.173,142301.965493
1769814000000,1.173,1.177,1.167,1.176,97856.090032
1769817600000,1.176,1.178,1.172,1.173,87124.609074
1769821200000,1.173,1.177,1.168,1.172,67705.182363
1769824800000,1.172,1.175,1.164,1.171,81528.589852
1769828400000,1.171,1.174,1.165,1.168,113657.866952
1769832000000,1.167,1.171,1.164,1.166,103741.609751
1769835600000,1.166,1.174,1.164,1.169,206790.472704
1769839200000,1.17,1.171,1.159,1.165,115565.006901
1769842800000,1.165,1.176,1.155,1.165,801183.9761
1769846400000,1.165,1.166,1.137,1.153,609475.83148
1769850000000,1.153,1.161,1.15,1.152,123553.457744
1769853600000,1.152,1.153,1.139,1.143,407512.101123
1769857200000,1.143,1.144,1.135,1.139,289523.019802
1769860800000,1.139,1.142,1.134,1.136,145683.462146
1769864400000,1.137,1.137,1.116,1.122,357420.572593
1769868000000,1.124,1.127,1.058,1.08,2429305.748241
1769871600000,1.079,1.095,1.074,1.078,783597.730946
1769875200000,1.078,1.092,1.053,1.057,602839.263558
1769878800000,1.057,1.06,0.996,1.015,4320100.323796
1769882400000,1.014,1.029,0.941,1.006,4317952.509232
1769886000000,1.007,1.027,1.003,1.016,1381293.799458
1769889600000,1.015,1.022,0.997,1.014,455725.874369
1769893200000,1.013,1.036,1.008,1.029,438709.625147
1769896800000,1.03,1.035,1.026,1.033,212413.2443
1769900400000,1.033,1.06,1.033,1.052,419791.908923
1769904000000,1.051,1.062,1.05,1.057,306468.855447
1769907600000,1.057,1.058,1.044,1.055,163969.154629
1769911200000,1.056,1.061,1.052,1.058,187750.401002
1769914800000,1.059,1.06,1.053,1.056,317562.198034
1769918400000,1.056,1.065,1.054,1.063,194481.602122
1769922000000,1.064,1.066,1.057,1.059,189740.981503
1769925600000,1.061,1.069,1.054,1.055,173016.438009
1769929200000,1.056,1.07,1.052,1.064,225278.360873
1769932800000,1.064,1.074,1.061,1.066,207483.970603
1769936400000,1.065,1.068,1.056,1.067,83844.868113
1769940000000,1.067,1.077,1.055,1.057,201446.569735
1769943600000,1.057,1.073,1.057,1.068,135862.194364
1769947200000,1.068,1.069,1.058,1.064,160219.497605
1769950800000,1.063,1.074,1.059,1.062,257742.34384
1769954400000,1.062,1.069,1.041,1.059,474922.372659
1769958000000,1.059,1.059,1.023,1.039,580210.822793
1769961600000,1.038,1.051,1.029,1.039,250198.751592
1769965200000,1.04,1.045,1.031,1.041,248181.978818
1769968800000,1.042,1.066,1.042,1.053,479803.284469
1769972400000,1.053,1.056,1.039,1.045,185465.801757
1769976000000,1.044,1.059,1.034,1.048,240098.413919
1769979600000,1.048,1.048,1.034,1.038,184785.589062
1769983200000,1.039,1.058,1.037,1.048,182063.787089
1769986800000,1.048,1.056,1.011,1.035,662554.621558
1769990400000,1.035,1.062,1.029,1.055,214547.119966
1769994000000,1.055,1.067,1.039,1.055,362570.17673
1769997600000,1.055,1.058,1.042,1.043,305639.292492
1770001200000,1.043,1.048,1.007,1.043,854156.781641
1770004800000,1.045,1.056,1.027,1.043,380527.107673
1770008400000,1.043,1.043,1.012,1.024,281436.896321
1770012000000,1.022,1.05,1.005,1.036,685793.44062
1770015600000,1.036,1.044,1.031,1.031,229743.119661
1770019200000,1.034,1.039,1.029,1.034,247559.661628
1770022800000,1.035,1.051,1.028,1.043,395711.690734
1770026400000,1.044,1.05,1.042,1.045,134895.408254
1770030000000,1.045,1.056,1.044,1.05,158571.298354
1770033600000,1.051,1.062,1.05,1.056,263620.678401
1770037200000,1.056,1.069,1.051,1.065,270767.717796
1770040800000,1.064,1.079,1.052,1.071,600875.184206
1770044400000,1.072,1.091,1.07,1.085,607015.597667
1770048000000,1.086,1.094,1.079,1.081,414852.293656
1770051600000,1.081,1.087,1.072,1.077,213015.757932
1770055200000,1.077,1.089,1.074,1.086,334136.10793
1770058800000,1.085,1.086,1.076,1.08,171498.378408
1770062400000,1.079,1.083,1.075,1.078,101363.906836
1770066000000,1.079,1.087,1.079,1.085,64698.728295
1770069600000,1.085,1.087,1.08,1.086,113191.148127
1770073200000,1.086,1.087,1.08,1.082,93215.109183
1770076800000,1.083,1.086,1.077,1.086,138745.188821
1770080400000,1.086,1.086,1.076,1.079,96244.930815
1770084000000,1.079,1.079,1.063,1.063,217594.400391
1770087600000,1.063,1.082,1.058,1.081,166219.727646
1770091200000,1.082,1.094,1.079,1.091,158762.657774
1770094800000,1.09,1.092,1.08,1.081,119130.086144
1770098400000,1.082,1.09,1.076,1.089,153301.705344
1770102000000,1.089,1.094,1.086,1.09,109259.350595
1770105600000,1.09,1.092,1.083,1.084,124963.926931
1770109200000,1.084,1.089,1.07,1.078,269962.925562
1770112800000,1.078,1.08,1.07,1.072,108971.272776
1770116400000,1.072,1.082,1.072,1.079,78999.736624
1770120000000,1.079,1.094,1.076,1.093,96850.689902
1770123600000,1.092,1.094,1.083,1.089,181498.047556
1770127200000,1.089,1.09,1.068,1.071,352474.011914
1770130800000,1.07,1.093,1.068,1.093,586062.08476
1770134400000,1.091,1.092,1.07,1.072,378187.98004
1770138000000,1.071,1.073,1.045,1.045,578805.995726
1770141600000,1.045,1.049,1.017,1.019,700249.753198
1770145200000,1.018,1.074,1.018,1.069,529370.852806
1770148800000,1.069,1.112,1.059,1.106,698181.271835
1770152400000,1.105,1.112,1.086,1.087,425198.805855
1770156000000,1.087,1.088,1.071,1.075,259178.383749
1770159600000,1.074,1.076,1.061,1.068,157191.978488
1770163200000,1.067,1.082,1.061,1.076,259537.968402
1770166800000,1.076,1.09,1.076,1.083,160502.110034
1770170400000,1.083,1.085,1.073,1.078,101715.006658
1770174000000,1.078,1.094,1.076,1.09,158382.486751
1770177600000,1.089,1.092,1.088,1.088,99936.713236
1770181200000,1.089,1.092,1.08,1.083,77802.940444
1770184800000,1.084,1.093,1.082,1.087,86166.097475
1770188400000,1.086,1.095,1.08,1.092,197572.388859
1770192000000,1.092,1.101,1.087,1.095,138472.511024
1770195600000,1.096,1.096,1.088,1.093,137722.488349
1770199200000,1.093,1.1,1.093,1.096,239745.250549
1770202800000,1.096,1.097,1.082,1.09,204497.402075
1770206400000,1.09,1.094,1.085,1.089,100321.572869
1770210000000,1.088,1.088,1.069,1.069,168561.607338
1770213600000,1.07,1.081,1.058,1.059,495847.672495
1770217200000,1.058,1.072,1.037,1.051,552887.257869
1770220800000,1.051,1.063,1.036,1.049,566203.924437
1770224400000,1.047,1.056,1.035,1.051,380272.972555
1770228000000,1.05,1.066,1.03,1.052,398803.581965
1770231600000,1.052,1.074,1.047,1.071,188620.934682
1770235200000,1.072,1.072,1.058,1.06,89063.996565
1770238800000,1.06,1.064,1.041,1.051,370976.53747
1770242400000,1.051,1.062,1.031,1.039,240075.800271
1770246000000,1.039,1.059,1.037,1.05,279362.312364
1770249600000,1.051,1.056,1.046,1.05,76323.031321
1770253200000,1.051,1.063,1.04,1.049,249411.183779
1770256800000,1.05,1.059,1.039,1.042,289683.001111
1770260400000,1.041,1.051,1.038,1.042,199392.873477
1770264000000,1.042,1.049,1.034,1.039,259628.616788
1770267600000,1.04,1.052,1.027,1.04,491206.710551
1770271200000,1.041,1.041,1.028,1.031,269435.4594
1770274800000,1.03,1.045,1.03,1.03,227115.714402
1770278400000,1.031,1.044,1.031,1.038,193627.885343
1770282000000,1.039,1.052,1.039,1.041,568344.593396
1770285600000,1.041,1.041,1.011,1.015,451888.690026
1770289200000,1.016,1.019,0.988,1.004,1102411.33645
1770292800000,1.004,1.006,0.988,0.995,737169.770108
1770296400000,0.995,1.003,0.988,0.991,366855.992778
1770300000000,0.992,1.022,0.992,0.999,560185.45803
1770303600000,0.998,1.002,0.926,0.955,3262921.47311
1770307200000,0.954,0.968,0.939,0.955,1012764.700285
1770310800000,0.955,0.96,0.922,0.933,911867.034552
1770314400000,0.933,0.945,0.921,0.944,465953.604944
1770318000000,0.942,0.945,0.928,0.932,747504.863002
1770321600000,0.932,0.94,0.873,0.89,2649990.644895
1770325200000,0.89,0.915,0.88,0.892,898188.293004
1770328800000,0.893,0.913,0.878,0.899,752664.840165
1770332400000,0.898,0.918,0.88,0.883,659161.697703
1770336000000,0.884,0.888,0.774,0.864,14336582.477477
1770339600000,0.865,0.902,0.858,0.901,714423.925373
1770343200000,0.901,0.909,0.873,0.876,655586.472136
1770346800000,0.876,0.882,0.87,0.88,400485.160377
1770350400000,0.88,0.89,0.872,0.886,219678.734743
1770354000000,0.888,0.919,0.886,0.915,367893.918961
1770357600000,0.916,0.919,0.893,0.894,357782.347916
1770361200000,0.895,0.9,0.885,0.892,280350.811812
1770364800000,0.893,0.897,0.883,0.889,390558.661411
1770368400000,0.889,0.915,0.887,0.913,201323.437883
1770372000000,0.913,0.924,0.907,0.924,266593.85413
1770375600000,0.924,0.926,0.912,0.914,423114.161505
1770379200000,0.913,0.915,0.908,0.913,253705.720549
1770382800000,0.914,0.927,0.912,0.923,323495.668764
1770386400000,0.924,0.953,0.917,0.948,627504.701896
1770390000000,0.949,0.949,0.935,0.946,399503.824558
1770393600000,0.946,0.973,0.942,0.968,540231.674833
1770397200000,0.969,0.989,0.964,0.976,434463.391376
1770400800000,0.976,0.977,0.955,0.965,352359.560607
1770404400000,0.965,0.973,0.96,0.972,167946.527093
1770408000000,0.971,0.977,0.961,0.965,172844.750644
1770411600000,0.964,0.971,0.96,0.968,154988.636356
1770415200000,0.968,0.988,0.967,0.982,388043.54863
1770418800000,0.982,0.987,0.972,0.977,199931.343746
1770422400000,0.977,0.977,0.964,0.971,282347.409412
1770426000000,0.97,0.977,0.964,0.976,204241.615837
1770429600000,0.976,0.979,0.972,0.977,86113.544274
1770433200000,0.977,0.994,0.976,0.99,235643.090854
1770436800000,0.99,0.993,0.981,0.983,175521.980784
1770440400000,0.983,0.989,0.977,0.981,131075.390146
1770444000000,0.981,0.988,0.969,0.969,180343.776402
1770447600000,0.969,0.973,0.944,0.952,600486.841057
1770451200000,0.953,0.959,0.947,0.955,275541.045636
1770454800000,0.956,0.961,0.951,0.953,239164.988121
1770458400000,0.954,0.956,0.949,0.955,129178.704528
1770462000000,0.955,0.958,0.951,0.958,126443.803258
1770465600000,0.957,0.991,0.957,0.985,359489.739733
1770469200000,0.986,0.989,0.976,0.983,161794.915605
1770472800000,0.983,0.984,0.965,0.966,110701.428499
1770476400000,0.966,0.981,0.965,0.974,171202.37503
1770480000000,0.974,1,0.97,0.978,2103163.963872
1770483600000,0.978,0.984,0.975,0.98,146933.875988
1770487200000,0.98,0.999,0.979,0.993,147786.715582
1770490800000,0.992,0.992,0.984,0.986,69551.955672
1770494400000,0.986,0.991,0.981,0.988,75134.205776
1770498000000,0.989,0.99,0.979,0.981,149747.085243
1770501600000,0.982,0.984,0.976,0.977,40257.189388
1770505200000,0.977,0.977,0.97,0.975,90228.416969
1770508800000,0.977,0.977,0.971,0.975,65984.274054
1770512400000,0.976,0.982,0.974,0.978,70488.7067
1770516000000,0.978,0.981,0.973,0.975,67477.664263
1770519600000,0.975,0.978,0.966,0.968,95918.605537
1770523200000,0.969,0.97,0.963,0.969,83174.271353
1770526800000,0.97,0.97,0.964,0.964,80801.403306
1770530400000,0.965,0.966,0.96,0.962,97162.674455
1770534000000,0.964,0.965,0.956,0.962,134015.443206
1770537600000,0.962,0.978,0.96,0.976,281860.374546
1770541200000,0.976,0.977,0.964,0.969,141586.989744
1770544800000,0.968,0.97,0.949,0.952,814709.874675
1770548400000,0.953,0.967,0.952,0.963,176312.176136
1770552000000,0.964,0.964,0.952,0.957,114911.830156
1770555600000,0.958,0.959,0.95,0.956,227749.761203
1770559200000,0.955,0.962,0.954,0.959,95846.445587
1770562800000,0.96,0.961,0.945,0.947,166297.493759
1770566400000,0.947,0.949,0.919,0.924,263804.023803
1770570000000,0.924,0.938,0.924,0.937,264076.155432
1770573600000,0.937,0.951,0.937,0.941,81532.962147
1770577200000,0.942,0.947,0.939,0.946,107124.087997
1770580800000,0.946,0.946,0.934,0.935,104542.481189
1770584400000,0.936,0.937,0.926,0.93,107988.99451
1770588000000,0.93,0.933,0.924,0.932,139628.931466
1770591600000,0.932,0.956,0.923,0.932,298147.66149
1770595200000,0.933,0.936,0.924,0.928,98571.444209
1770598800000,0.929,0.939,0.925,0.93,199905.625501
1770602400000,0.929,0.939,0.926,0.934,94300.399536
1770606000000,0.935,0.948,0.935,0.946,111820.991644
1770609600000,0.946,0.946,0.935,0.936,88234.821125
1770613200000,0.935,0.939,0.933,0.938,43474.286382
1770616800000,0.938,0.938,0.925,0.931,100866.856889
1770620400000,0.931,0.935,0.929,0.93,91419.44454
1770624000000,0.929,0.931,0.911,0.916,314518.637835
1770627600000,0.916,0.918,0.908,0.911,174671.080821
1770631200000,0.91,0.913,0.894,0.898,279420.95882
1770634800000,0.899,0.911,0.898,0.907,242851.062432
1770638400000,0.908,0.913,0.907,0.91,102706.93534
1770642000000,0.911,0.913,0.902,0.902,118328.220155
1770645600000,0.902,0.915,0.898,0.911,241606.507902
1770649200000,0.911,0.92,0.905,0.92,183605.821857
1770652800000,0.92,0.932,0.912,0.925,174241.773285
1770656400000,0.925,0.939,0.92,0.933,163574.252916
1770660000000,0.934,0.938,0.928,0.934,246263.155709
1770663600000,0.935,0.941,0.931,0.941,138382.975565
1770667200000,0.941,0.948,0.937,0.947,130256.307389
1770670800000,0.947,0.948,0.931,0.94,244966.593024
1770674400000,0.94,0.945,0.939,0.942,119805.715906
1770678000000,0.942,0.944,0.936,0.938,88900.746755
1770681600000,0.938,0.941,0.936,0.938,83497.436296
1770685200000,0.938,0.943,0.937,0.941,113128.803791
1770688800000,0.942,0.944,0.94,0.94,177175.407874
1770692400000,0.94,0.941,0.923,0.93,196595.003345
1770696000000,0.93,0.938,0.93,0.936,80917.311519
1770699600000,0.937,0.937,0.925,0.929,112321.744633
1770703200000,0.927,0.93,0.911,0.914,215211.117175
1770706800000,0.914,0.921,0.913,0.918,94069.430745
1770710400000,0.919,0.922,0.914,0.919,90260.227771
1770714000000,0.92,0.924,0.917,0.92,121386.349675
1770717600000,0.92,0.922,0.917,0.919,55425.472578
1770721200000,0.919,0.923,0.912,0.913,150633.898374
1770724800000,0.913,0.916,0.907,0.91,142668.864883
1770728400000,0.91,0.914,0.909,0.912,142479.547657
1770732000000,0.912,0.919,0.904,0.912,213640.311841
1770735600000,0.911,0.917,0.907,0.91,240155.967885
1770739200000,0.911,0.915,0.905,0.91,160062.1518
1770742800000,0.91,0.913,0.902,0.909,97770.776363
1770746400000,0.91,0.911,0.884,0.89,242736.824154
1770750000000,0.89,0.894,0.88,0.89,172854.577228
1770753600000,0.891,0.895,0.887,0.893,95685.292338
1770757200000,0.893,0.896,0.888,0.89,61315.018545
1770760800000,0.891,0.903,0.89,0.897,147717.348699
1770764400000,0.898,0.902,0.894,0.902,85085.09439
1770768000000,0.902,0.904,0.898,0.902,107333.068756
1770771600000,0.902,0.903,0.894,0.9,139272.129845
1770775200000,0.9,0.904,0.889,0.89,78710.583365
1770778800000,0.89,0.895,0.884,0.886,178149.694635
1770782400000,0.887,0.888,0.88,0.883,230595.509485
1770786000000,0.884,0.888,0.879,0.88,127657.502959
1770789600000,0.881,0.884,0.867,0.869,312642.571289
1770793200000,0.87,0.877,0.869,0.871,127730.012315
1770796800000,0.872,0.876,0.868,0.875,207887.521403
1770800400000,0.876,0.876,0.87,0.871,80775.371325
1770804000000,0.871,0.873,0.863,0.866,235718.639492
1770807600000,0.865,0.875,0.865,0.874,102340.818869
1770811200000,0.874,0.88,0.87,0.875,182556.095837
1770814800000,0.876,0.887,0.872,0.886,241137.143783
1770818400000,0.885,0.904,0.862,0.865,702727.54327
1770822000000,0.865,0.87,0.851,0.862,552834.482569
1770825600000,0.862,0.876,0.859,0.859,282600.794537
1770829200000,0.86,0.879,0.858,0.873,459278.592876
1770832800000,0.873,0.889,0.867,0.887,269170.296875
1770836400000,0.888,0.893,0.881,0.884,106159.958643
1770840000000,0.884,0.889,0.876,0.887,79959.136237
1770843600000,0.887,0.898,0.885,0.892,134612.980928
1770847200000,0.893,0.898,0.886,0.887,110757.047823
1770850800000,0.887,0.889,0.877,0.879,120754.250513
1770854400000,0.88,0.895,0.88,0.891,204269.928392
1770858000000,0.892,0.897,0.891,0.893,127381.979568
1770861600000,0.893,0.901,0.889,0.899,187779.307089
1770865200000,0.901,0.909,0.9,0.905,227666.757494
1770868800000,0.906,0.907,0.901,0.902,95609.428338
1770872400000,0.903,0.907,0.897,0.904,73970.083511
1770876000000,0.905,0.914,0.904,0.911,102709.252956
1770879600000,0.911,0.92,0.906,0.919,148656.891872
1770883200000,0.921,0.922,0.909,0.917,257834.296859
1770886800000,0.915,0.925,0.913,0.922,159772.549672
1770890400000,0.922,0.933,0.921,0.933,127235.802586
1770894000000,0.932,0.933,0.923,0.924,150542.849901
1770897600000,0.925,0.925,0.911,0.914,139150.569365
1770901200000,0.915,0.916,0.905,0.915,220703.441725
1770904800000,0.915,0.916,0.905,0.912,173267.004906
1770908400000,0.913,0.919,0.9,0.901,160882.586054
1770912000000,0.901,0.904,0.882,0.889,333802.27387
1770915600000,0.89,0.898,0.883,0.89,140413.579508
1770919200000,0.89,0.896,0.886,0.895,63417.624295
1770922800000,0.896,0.913,0.893,0.903,80110.074139
1770926400000,0.903,0.906,0.894,0.895,44976.101225
1770930000000,0.896,0.903,0.896,0.9,61560.210812
1770933600000,0.901,0.912,0.896,0.912,102787.4956
1770937200000,0.912,0.916,0.909,0.913,119260.270277
1770940800000,0.914,0.916,0.9,0.903,168735.259984
1770944400000,0.903,0.906,0.899,0.902,179741.828845
1770948000000,0.902,0.904,0.898,0.902,170999.384532
1770951600000,0.901,0.903,0.895,0.899,109825.842853
1770955200000,0.9,0.9,0.892,0.894,131249.006559
1770958800000,0.894,0.895,0.89,0.891,196180.49611
1770962400000,0.891,0.898,0.886,0.897,134116.891007
1770966000000,0.897,0.903,0.896,0.897,226196.989979
1770969600000,0.898,0.906,0.896,0.903,128393.338924
1770973200000,0.904,0.904,0.899,0.902,152884.363044
1770976800000,0.902,0.908,0.9,0.905,112244.807971
1770980400000,0.905,0.906,0.902,0.904,129595.509689
1770984000000,0.904,0.904,0.899,0.903,63608.394502
1770987600000,0.903,0.912,0.9,0.906,172224.614733
1770991200000,0.906,0.922,0.901,0.913,375937.808633
1770994800000,0.914,0.94,0.914,0.93,582572.818352
1770998400000,0.931,0.956,0.928,0.947,866533.507077
1771002000000,0.948,0.951,0.942,0.945,164353.693921
1771005600000,0.944,0.954,0.943,0.952,208203.019813
1771009200000,0.952,0.959,0.949,0.951,313501.921045
1771012800000,0.951,0.957,0.948,0.956,171283.418657
1771016400000,0.956,0.969,0.956,0.962,184136.340173
1771020000000,0.962,0.967,0.957,0.96,228840.27181
1771023600000,0.96,0.961,0.955,0.958,178263.52232
1771027200000,0.959,0.963,0.954,0.961,175555.219131
1771030800000,0.961,0.973,0.958,0.969,641474.732086
1771034400000,0.968,0.975,0.96,0.962,294122.934256
1771038000000,0.962,0.967,0.96,0.963,141241.324839
1771041600000,0.963,0.965,0.958,0.959,117905.218876
1771045200000,0.958,0.963,0.953,0.954,156751.596842
1771048800000,0.955,0.955,0.947,0.952,221046.92108
1771052400000,0.953,0.957,0.952,0.955,84520.01158
1771056000000,0.955,0.966,0.954,0.966,172142.548548
1771059600000,0.966,0.974,0.964,0.97,232750.337603
1771063200000,0.971,0.971,0.961,0.965,176817.794551
1771066800000,0.966,0.976,0.965,0.974,201167.237032
1771070400000,0.974,0.979,0.97,0.97,261419.915508
1771074000000,0.971,0.974,0.966,0.972,190531.600849
1771077600000,0.972,0.99,0.971,0.989,254678.924487
1771081200000,0.989,1.002,0.987,1.001,546971.163378
1771084800000,1.002,1.013,0.992,1.013,586072.468528
1771088400000,1.013,1.022,1.007,1.012,515788.137193
1771092000000,1.013,1.027,1.013,1.019,227017.734179
1771095600000,1.019,1.031,1.017,1.026,344244.643011
1771099200000,1.026,1.031,1.015,1.025,358377.015675
1771102800000,1.025,1.033,1.017,1.019,353416.457263
1771106400000,1.019,1.031,1.017,1.024,289581.067187
1771110000000,1.023,1.025,1.013,1.016,199331.957012
1771113600000,1.016,1.019,1.009,1.016,179914.22254
1771117200000,1.016,1.024,1.006,1.018,162374.718494
1771120800000,1.017,1.021,1.004,1.015,161165.250001
1771124400000,1.015,1.02,1.003,1.019,195033.449326
1771128000000,1.019,1.03,1.014,1.016,275134.989048
1771131600000,1.017,1.023,1.015,1.019,134997.323187
1771135200000,1.019,1.02,1.012,1.014,162694.64149
1771138800000,1.014,1.022,1.014,1.018,144586.136677
1771142400000,1.018,1.021,0.995,1.002,275373.412612
1771146000000,1.002,1.009,1.001,1.004,135240.484583
1771149600000,1.005,1.005,0.988,0.997,263278.233549
1771153200000,0.997,0.999,0.993,0.994,244613.831651
1771156800000,0.995,0.996,0.964,0.965,311624.647311
1771160400000,0.965,0.977,0.957,0.961,484243.589573
1771164000000,0.961,0.975,0.961,0.972,272117.294321
1771167600000,0.972,0.976,0.966,0.97,170272.097922
1771171200000,0.97,0.972,0.962,0.968,174395.941443
1771174800000,0.968,0.969,0.947,0.956,550472.81381
1771178400000,0.955,0.958,0.946,0.95,240736.157662
1771182000000,0.95,0.956,0.945,0.95,157255.868474
1771185600000,0.95,0.957,0.946,0.954,145149.291032
1771189200000,0.955,0.96,0.954,0.957,169083.072635
1771192800000,0.957,0.961,0.955,0.958,136608.597992
1771196400000,0.959,0.964,0.951,0.963,178749.185078
1771200000000,0.964,0.972,0.961,0.968,119642.419223
1771203600000,0.969,0.97,0.961,0.963,177824.777779
1771207200000,0.963,0.9661,0.9583,0.9606,117240.361969
1771210800000,0.9607,0.9641,0.9605,0.9638,258327.193842
1771214400000,0.9638,0.9745,0.9637,0.9745,225366.560447
1771218000000,0.9745,0.9765,0.9583,0.9605,194415.125441
1771221600000,0.9605,0.9714,0.9605,0.968,117925.335094
1771225200000,0.9679,0.9683,0.962,0.9683,141645.079515
1771228800000,0.9683,0.9739,0.9664,0.9671,106111.33047
1771232400000,0.9672,0.9733,0.9661,0.9726,90056.036117
1771236000000,0.9726,0.973,0.9678,0.9681,66339.433762
1771239600000,0.9682,0.9706,0.9532,0.968,160588.980991
1771243200000,0.9678,0.9915,0.9632,0.989,315575.399401
1771246800000,0.9889,0.9907,0.9583,0.9602,524753.098788
1771250400000,0.9601,0.9716,0.9563,0.9669,191664.581573
1771254000000,0.967,0.9739,0.9466,0.9552,357760.916734
1771257600000,0.9553,0.9665,0.9546,0.9603,190209.069326
1771261200000,0.9601,0.9635,0.9556,0.9609,138068.784324
1771264800000,0.961,0.9663,0.9594,0.9605,75743.239687
1771268400000,0.9607,0.9703,0.9592,0.9669,73369.981773
1771272000000,0.9668,0.9779,0.9643,0.9768,108818.030104
1771275600000,0.9769,0.9846,0.9738,0.9838,82022.682778
1771279200000,0.9842,0.9849,0.9746,0.9764,94098.440801
1771282800000,0.9767,0.9791,0.9747,0.9787,50970.299034
1771286400000,0.9788,0.9814,0.9748,0.9776,87273.992571
1771290000000,0.9777,0.9791,0.972,0.9735,185160.3465
1771293600000,0.9734,0.9801,0.9673,0.9774,101740.405147
1771297200000,0.9771,0.9771,0.9706,0.9713,98976.46213
1771300800000,0.9713,0.9737,0.9659,0.9698,87617.021914
1771304400000,0.9697,0.9704,0.9572,0.9654,191488.595977
1771308000000,0.9655,0.97,0.9644,0.9686,53608.032725
1771311600000,0.9684,0.9709,0.9648,0.9684,132566.482978
1771315200000,0.9685,0.9711,0.964,0.965,123678.073533
1771318800000,0.9653,0.9667,0.9616,0.9659,101509.910818
1771322400000,0.9654,0.9662,0.9588,0.9628,215322.225544
1771326000000,0.9628,0.969,0.9617,0.9683,146225.80947
1771329600000,0.9683,0.9731,0.9645,0.9659,90580.32631
1771333200000,0.9658,0.9784,0.9636,0.9747,104194.82126
1771336800000,0.9745,0.9756,0.9385,0.9442,729437.471414
1771340400000,0.944,0.9593,0.9435,0.9591,245074.358675
1771344000000,0.9593,0.9824,0.959,0.9694,442566.783174
1771347600000,0.9693,0.9709,0.9554,0.9608,189431.94478
1771351200000,0.9611,0.9788,0.9598,0.974,164696.054219
1771354800000,0.974,0.9766,0.9641,0.966,95119.812329
1771358400000,0.9661,0.9681,0.958,0.961,91232.910069
1771362000000,0.9611,0.9657,0.9593,0.9628,48371.225123
1771365600000,0.9627,0.9652,0.9596,0.9604,88281.890671
1771369200000,0.9603,0.9622,0.9568,0.9602,202630.556644
1771372800000,0.9604,0.9628,0.9547,0.955,107917.151769
1771376400000,0.955,0.9573,0.9504,0.9568,108326.07727
1771380000000,0.9567,0.9649,0.956,0.9621,84352.299893
1771383600000,0.962,0.9664,0.9618,0.9651,88395.257494
1771387200000,0.9651,0.9669,0.9619,0.9631,113116.075082
1771390800000,0.9631,0.9649,0.9606,0.9623,64505.022635
1771394400000,0.9623,0.9656,0.9612,0.9619,63759.577722
1771398000000,0.962,0.9692,0.9602,0.9656,83878.995359
1771401600000,0.9658,0.9704,0.9645,0.9657,74551.263279
1771405200000,0.9657,0.9708,0.9651,0.9682,80839.608654
1771408800000,0.9684,0.9704,0.9632,0.9645,45756.771464
1771412400000,0.9646,0.9651,0.9534,0.9596,152423.491183
1771416000000,0.9596,0.9631,0.9564,0.9572,106981.664228
1771419600000,0.9575,0.959,0.9455,0.9498,230488.142063
1771423200000,0.9496,0.9547,0.9433,0.9528,198409.141307
1771426800000,0.9527,0.9714,0.9523,0.9622,236140.080866
1771430400000,0.9628,0.9631,0.9519,0.9542,175245.320242
1771434000000,0.9544,0.9639,0.9527,0.9527,99290.927496
1771437600000,0.9528,0.954,0.9317,0.9356,405234.112864
1771441200000,0.9355,0.9393,0.9182,0.9259,257544.926596
1771444800000,0.9259,0.9314,0.9211,0.9236,158613.838607
1771448400000,0.9237,0.928,0.9207,0.9238,274447.18752
1771452000000,0.9238,0.9257,0.9171,0.923,105763.521738
1771455600000,0.923,0.9289,0.9216,0.928,71540.351315
1771459200000,0.928,0.9285,0.9221,0.9234,84733.831365
1771462800000,0.9238,0.936,0.9237,0.9345,167026.707006
1771466400000,0.9346,0.9357,0.9305,0.9339,158383.398758
1771470000000,0.9338,0.9348,0.9307,0.9343,47762.38651
1771473600000,0.9342,0.9394,0.9332,0.9367,77036.659751
1771477200000,0.9368,0.9368,0.9285,0.9327,225093.760006
1771480800000,0.9324,0.9399,0.9318,0.9372,62894.16896
1771484400000,0.9376,0.941,0.9344,0.9366,117753.975828
1771488000000,0.9366,0.9367,0.9202,0.923,250365.266587
1771491600000,0.9232,0.9299,0.9219,0.9226,141584.750435
1771495200000,0.9225,0.927,0.9177,0.9237,126933.622506
1771498800000,0.9239,0.9274,0.922,0.9246,89766.405054
1771502400000,0.9246,0.9268,0.9222,0.9222,80438.025606
1771506000000,0.9225,0.9226,0.8994,0.9064,490043.644884
1771509600000,0.9064,0.9172,0.903,0.9129,304831.767666
1771513200000,0.9127,0.9171,0.9024,0.9058,238141.550337
1771516800000,0.9059,0.9099,0.8948,0.9032,434872.436952
1771520400000,0.9036,0.9161,0.8981,0.9037,356689.979656
1771524000000,0.9034,0.9165,0.9008,0.9148,146080.145581
1771527600000,0.9149,0.9161,0.9054,0.9128,87792.332794
1771531200000,0.9126,0.915,0.9059,0.9118,253620.952421
1771534800000,0.912,0.9129,0.9096,0.9103,53503.878527
1771538400000,0.9104,0.9143,0.9057,0.9136,95313.439763
1771542000000,0.9136,0.9156,0.9097,0.9154,83353.729136
1771545600000,0.9154,0.9229,0.9142,0.9196,102624.76895
1771549200000,0.9197,0.9225,0.9172,0.9206,97246.804161
1771552800000,0.9206,0.924,0.917,0.9172,62799.785828
1771556400000,0.9174,0.9241,0.9168,0.9188,101344.199162
1771560000000,0.9188,0.9189,0.9091,0.9134,159592.394498
1771563600000,0.9135,0.9269,0.9101,0.9224,228660.732755
1771567200000,0.9226,0.9258,0.9195,0.9242,141551.727851
1771570800000,0.9243,0.9252,0.9187,0.9205,93919.684048
1771574400000,0.9206,0.9231,0.9181,0.9206,260433.634168
1771578000000,0.9206,0.9292,0.9203,0.9263,390693.577765
1771581600000,0.9261,0.9304,0.9217,0.9225,350379.246744
1771585200000,0.9227,0.9233,0.9107,0.9119,355467.318333
1771588800000,0.912,0.9182,0.9091,0.9157,215149.031867
1771592400000,0.9154,0.916,0.8987,0.9074,400973.046771
1771596000000,0.9073,0.9234,0.9063,0.9196,402117.276411
1771599600000,0.92,0.9523,0.9199,0.952,905524.786449
1771603200000,0.9524,0.9573,0.9385,0.9532,677951.323798
1771606800000,0.9531,0.9639,0.934,0.9632,488535.568947
1771610400000,0.9631,0.9637,0.9503,0.9552,352351.952327
1771614000000,0.9553,0.9593,0.9492,0.9526,129824.718878
1771617600000,0.9525,0.9541,0.9445,0.9504,101855.142734
1771621200000,0.9505,0.9553,0.9499,0.9524,99287.033251
1771624800000,0.9524,0.9591,0.9499,0.9583,121215.746603
1771628400000,0.9582,0.9609,0.9559,0.9571,102540.791345
1771632000000,0.9572,0.9583,0.9494,0.95,106553.453728
1771635600000,0.9501,0.9546,0.9484,0.9536,99205.655338
1771639200000,0.9537,0.9606,0.9521,0.9558,106876.321981
1771642800000,0.9558,0.9566,0.9503,0.9562,85792.558914
1771646400000,0.9562,0.9607,0.9541,0.9604,90583.684152
1771650000000,0.9603,0.9754,0.9602,0.969,510477.376698
1771653600000,0.969,0.9799,0.966,0.9684,349137.209312
1771657200000,0.968,0.9706,0.9624,0.9677,334195.652425
1771660800000,0.9677,0.9871,0.9656,0.9866,306551.407165
1771664400000,0.9865,1.0069,0.9827,0.9972,611019.591511
1771668000000,0.9972,1.0172,0.9971,1.0069,504602.547864
1771671600000,1.007,1.0205,1.0001,1.0015,294594.379871
1771675200000,1.0015,1.0046,0.9958,0.9984,251486.555632
1771678800000,0.9982,1,0.993,0.9993,162175.819675
1771682400000,0.9992,1.0109,0.9947,0.995,660723.713005
1771686000000,0.9951,0.9961,0.9878,0.9889,210997.554465
1771689600000,0.9887,0.9889,0.9733,0.9746,377859.07122
1771693200000,0.9747,0.9756,0.969,0.9714,357900.732229
1771696800000,0.9714,0.9782,0.9714,0.9776,206171.87618
1771700400000,0.9777,0.979,0.9741,0.9778,74587.865767
1771704000000,0.9777,0.9793,0.9692,0.9695,93485.474577
1771707600000,0.9696,0.9738,0.9696,0.9723,62994.178882
1771711200000,0.9723,0.9733,0.967,0.9717,129771.990053
1771714800000,0.9716,0.9727,0.9693,0.9699,79677.754429
1771718400000,0.9698,0.9698,0.9565,0.963,391247.140292
1771722000000,0.963,0.9657,0.9613,0.9618,89510.454002
1771725600000,0.962,0.9635,0.9489,0.9502,235350.877933
1771729200000,0.95,0.9533,0.9413,0.9483,247777.722781
1771732800000,0.9481,0.9537,0.9476,0.95,137391.911244
1771736400000,0.95,0.9509,0.942,0.9432,156007.301204
1771740000000,0.9427,0.9508,0.9389,0.9486,186656.635831
1771743600000,0.9488,0.953,0.9483,0.9506,129716.433452
1771747200000,0.9505,0.951,0.9423,0.9427,152241.206271
1771750800000,0.9427,0.9459,0.9424,0.9452,69823.275865
1771754400000,0.9452,0.9477,0.9437,0.9463,52199.600218
1771758000000,0.9464,0.9506,0.944,0.9451,163788.789171
1771761600000,0.9448,0.9449,0.9289,0.9343,352906.557511
1771765200000,0.9342,0.9346,0.9276,0.9314,480262.904149
1771768800000,0.9314,0.9321,0.922,0.9262,293855.599719
1771772400000,0.9261,0.9332,0.9237,0.9304,376922.388599
1771776000000,0.9304,0.9331,0.9271,0.9317,305349.658144
1771779600000,0.9316,0.9334,0.9252,0.9281,146487.165116
1771783200000,0.9283,0.9283,0.9245,0.9252,117969.389668
1771786800000,0.9253,0.9257,0.9199,0.9233,254995.533851
1771790400000,0.9234,0.925,0.9175,0.9197,72446.292189
1771794000000,0.9196,0.9265,0.918,0.9243,190983.975709
1771797600000,0.9244,0.9333,0.9209,0.9329,163312.232725
1771801200000,0.9331,0.9373,0.9254,0.929,350246.064349
1771804800000,0.9293,0.9306,0.917,0.918,113767.36709
1771808400000,0.9179,0.918,0.8734,0.8778,3208451.021844
1771812000000,0.878,0.8867,0.8756,0.8827,505930.951708
1771815600000,0.8827,0.8911,0.8823,0.8854,277137.964915
1771819200000,0.8857,0.8863,0.8797,0.8833,219354.385275
1771822800000,0.8834,0.8937,0.8832,0.8911,219673.49949
1771826400000,0.8917,0.9072,0.8911,0.9041,590773.98574
1771830000000,0.9041,0.9083,0.9031,0.9031,202583.147412
1771833600000,0.9031,0.9033,0.8988,0.8999,218518.078676
1771837200000,0.9,0.9166,0.9,0.9151,401755.225769
1771840800000,0.9155,0.9168,0.9076,0.9077,201335.815789
1771844400000,0.9078,0.9103,0.9039,0.9054,374445.338945
1771848000000,0.9055,0.9138,0.9017,0.9071,414657.630307
1771851600000,0.9072,0.9082,0.899,0.9,213185.8668
1771855200000,0.9002,0.9041,0.8908,0.8996,1573586.171367
1771858800000,0.8996,0.9016,0.8908,0.8934,406349.697296
1771862400000,0.8933,0.9007,0.8905,0.8935,594797.115069
1771866000000,0.8937,0.8963,0.8752,0.8875,496189.382091
1771869600000,0.8875,0.8958,0.8843,0.8855,316513.838632
1771873200000,0.8856,0.8872,0.8815,0.8841,159537.853688
1771876800000,0.8842,0.8894,0.8801,0.8884,302742.628455
1771880400000,0.8884,0.8921,0.8847,0.89,148841.849116
1771884000000,0.8903,0.8954,0.8896,0.8899,143640.568832
1771887600000,0.8899,0.8943,0.8878,0.8905,138269.06929
1771891200000,0.8906,0.9016,0.8906,0.9005,180755.455064
1771894800000,0.9007,0.9012,0.8799,0.8911,535916.545886
1771898400000,0.8913,0.896,0.8866,0.8886,314314.420503
1771902000000,0.8884,0.8884,0.8791,0.8826,308113.089963
1771905600000,0.8826,0.8832,0.872,0.8796,480858.820709
1771909200000,0.8795,0.8795,0.8671,0.8732,431651.197565
1771912800000,0.8731,0.8767,0.8705,0.8725,247250.318663
1771916400000,0.8726,0.8773,0.8705,0.8724,279708.388799
1771920000000,0.8724,0.8777,0.8689,0.8762,116992.950638
1771923600000,0.8764,0.8776,0.8708,0.8763,141366.15038
1771927200000,0.8763,0.8772,0.8732,0.8761,91906.92146
1771930800000,0.8766,0.8769,0.8711,0.8755,120528.008552
1771934400000,0.8757,0.8787,0.8714,0.8728,128873.640669
1771938000000,0.8728,0.8754,0.8632,0.8719,347189.042365
1771941600000,0.8717,0.8848,0.8635,0.8807,502268.868937
1771945200000,0.8813,0.8855,0.874,0.8749,217563.479353
1771948800000,0.8748,0.8862,0.8725,0.8828,296622.540975
1771952400000,0.883,0.8875,0.8785,0.8841,226045.547122
1771956000000,0.8841,0.8879,0.8801,0.8844,103100.873193
1771959600000,0.8844,0.8881,0.8796,0.8854,148031.425411
1771963200000,0.8855,0.8881,0.8825,0.8846,102800.178384
1771966800000,0.8846,0.8846,0.8787,0.8822,87083.790185
1771970400000,0.8822,0.8879,0.8801,0.8824,85236.681863
1771974000000,0.8823,0.8836,0.8773,0.8795,111919.670215
1771977600000,0.8797,0.8854,0.8778,0.8833,104362.923364
1771981200000,0.8835,0.9177,0.883,0.9073,1236735.924637
1771984800000,0.9071,0.9146,0.9025,0.9036,395247.45106
1771988400000,0.9036,0.9042,0.8936,0.8946,368985.135769
1771992000000,0.8945,0.9008,0.8892,0.8999,407285.840157
1771995600000,0.9,0.9004,0.887,0.8945,175840.522955
1771999200000,0.8946,0.9015,0.8945,0.8986,112195.325589
1772002800000,0.8986,0.9048,0.8981,0.9045,417156.600555
1772006400000,0.9045,0.9109,0.8979,0.91,1033574.324312
1772010000000,0.9098,0.9183,0.9087,0.9173,398751.346625
1772013600000,0.9174,0.9258,0.9149,0.9159,527043.873202
1772017200000,0.916,0.9245,0.912,0.9224,210626.336038
1772020800000,0.9226,0.9471,0.9197,0.9437,643774.065438
1772024400000,0.9438,0.9857,0.9426,0.9775,1316517.725031
1772028000000,0.9777,1.0182,0.9766,1.0113,1816149.267387
1772031600000,1.0115,1.0759,1.0115,1.0685,2346058.171028
1772035200000,1.0683,1.1047,1.0643,1.0923,2442015.185502
1772038800000,1.0923,1.0937,1.0596,1.0741,1236516.033272
1772042400000,1.0741,1.085,1.066,1.0799,658230.235884
1772046000000,1.0805,1.1076,1.0761,1.1025,640053.648904
1772049600000,1.1022,1.103,1.0772,1.0998,560036.705164
1772053200000,1.1002,1.1071,1.0867,1.0925,862941.025501
1772056800000,1.0925,1.0958,1.0715,1.0896,499026.747064
1772060400000,1.0895,1.1078,1.0532,1.0629,1141045.979886
1772064000000,1.0628,1.065,1.0247,1.0324,1099877.038998
1772067600000,1.032,1.0479,1.0233,1.0241,425273.456068
1772071200000,1.0246,1.0306,1.018,1.0266,333468.207968
1772074800000,1.0265,1.0296,1.0178,1.0203,287895.841907
1772078400000,1.0202,1.0257,1.0147,1.0163,359731.317106
1772082000000,1.0161,1.0161,0.9982,1.0046,421483.944092
1772085600000,1.0046,1.0105,1.0001,1.0088,198057.005919
1772089200000,1.0088,1.016,0.9989,1.0077,398646.940531
1772092800000,1.0078,1.0119,1.0046,1.0061,322564.252659
1772096400000,1.006,1.0268,1.0051,1.0172,605182.323588
1772100000000,1.0171,1.0177,1.0015,1.0026,384340.37259
1772103600000,1.0027,1.0095,0.995,1.0091,265977.656913
1772107200000,1.0091,1.0185,1.0057,1.0091,333911.617175
1772110800000,1.0087,1.0087,1,1.0039,199789.537787
1772114400000,1.0041,1.0095,0.992,1.0037,656446.962511
1772118000000,1.0035,1.0254,0.9985,1.0157,994575.970452
1772121600000,1.0154,1.0167,0.9773,0.9805,2120481.27873
1772125200000,0.9805,0.9974,0.9797,0.9851,382007.223458
1772128800000,0.9842,0.9979,0.9825,0.9977,196303.572491
1772132400000,0.9976,1.0134,0.9967,1.012,343879.116221
1772136000000,1.0115,1.0228,1.006,1.0109,183724.178516
1772139600000,1.0108,1.0178,1.0099,1.016,123520.457229
1772143200000,1.016,1.025,1.0143,1.025,153473.207432
1772146800000,1.025,1.0382,1.0222,1.0258,270494.705374
1772150400000,1.0258,1.037,1.0187,1.0231,352565.388502
1772154000000,1.0231,1.0256,1.0165,1.0216,153612.919025
1772157600000,1.0209,1.0228,1.0143,1.016,133217.685435
1772161200000,1.016,1.0227,1.0124,1.0222,122128.856822
1772164800000,1.0224,1.0401,1.0224,1.0306,398604.365051
1772168400000,1.0307,1.0355,1.0248,1.0267,448315.157467
1772172000000,1.0265,1.0445,1.0265,1.0332,481450.175216
1772175600000,1.0331,1.0364,1.025,1.0361,321606.372639
1772179200000,1.0362,1.0439,1.0314,1.0372,381197.200303
1772182800000,1.0372,1.0385,1.0253,1.0316,229755.551903
1772186400000,1.031,1.0325,1.0075,1.011,495818.660595
1772190000000,1.0112,1.0153,0.9935,0.9955,386214.328652
1772193600000,0.9953,1.0069,0.9946,1.0067,330976.897144
1772197200000,1.0065,1.0116,0.9877,1.0071,658497.082267
1772200800000,1.007,1.0105,0.9998,1.0003,267322.011551
1772204400000,1,1.0067,0.9966,1.0029,166421.568829
1772208000000,1.0024,1.0039,0.988,0.9887,318569.455223
1772211600000,0.989,0.9955,0.9793,0.9936,233597.285351
1772215200000,0.9937,0.9983,0.9893,0.9899,132057.667446
1772218800000,0.9902,0.9907,0.9789,0.9839,229472.208306
1772222400000,0.9839,0.9937,0.9829,0.9917,67162.351939
1772226000000,0.9923,0.9958,0.9847,0.9888,43893.773138
1772229600000,0.9893,0.9925,0.9679,0.9895,276372.790578
1772233200000,0.9896,0.9959,0.9887,0.9941,93355.145821
1772236800000,0.9939,0.9939,0.9835,0.9917,203115.669318
1772240400000,0.9917,0.9925,0.9829,0.9849,83121.893816
1772244000000,0.9835,0.9916,0.9828,0.989,72690.526487
1772247600000,0.989,0.9895,0.9829,0.9837,49431.017675
1772251200000,0.984,0.9844,0.9761,0.981,116304.553811
1772254800000,0.981,0.9836,0.9726,0.9754,106125.555324
1772258400000,0.9753,0.9758,0.9253,0.9275,1386216.163812
1772262000000,0.928,0.9632,0.9214,0.9499,630085.05625
1772265600000,0.9498,0.9498,0.9327,0.9347,422600.982627
1772269200000,0.9346,0.9403,0.9281,0.9311,267247.679684
1772272800000,0.931,0.9389,0.9262,0.9309,260024.359614
1772276400000,0.931,0.9342,0.925,0.9259,403589.33408
1772280000000,0.9258,0.9327,0.9252,0.9301,190387.100396
1772283600000,0.9302,0.954,0.925,0.9524,351914.808246
1772287200000,0.9523,0.9577,0.9419,0.9432,499392.568253
1772290800000,0.9436,0.9502,0.9353,0.9477,157096.122813
1772294400000,0.9476,0.9512,0.9417,0.9498,185665.979951
1772298000000,0.95,0.9553,0.9404,0.9539,138902.013937
1772301600000,0.9538,0.9753,0.9496,0.9695,390718.76582
1772305200000,0.9694,0.992,0.9625,0.9804,524255.872826
1772308800000,0.9806,0.9983,0.9783,0.9938,255202.068904
1772312400000,0.9939,0.9962,0.9803,0.993,205417.165312
1772316000000,0.9931,1.0134,0.9931,1.003,236899.955304
1772319600000,1.0029,1.0052,0.9968,1.0048,96932.308881
1772323200000,1.0047,1.0085,0.9934,0.9961,330710.767825
1772326800000,0.996,1.0245,0.9857,1.0161,498137.339186
1772330400000,1.0161,1.0327,1.0131,1.0134,345465.128309
1772334000000,1.013,1.0133,0.9964,0.9995,338174.538295
1772337600000,1.0005,1.0028,0.99,0.9967,159348.847386
1772341200000,0.9969,0.9987,0.9938,0.9953,103927.23305
1772344800000,0.9953,0.9954,0.9851,0.9893,175781.126154
1772348400000,0.9894,0.9935,0.9858,0.9922,80323.880488
1772352000000,0.9924,0.9937,0.9725,0.9746,279976.794054
1772355600000,0.9745,0.9849,0.9708,0.9779,137944.292968
1772359200000,0.9776,0.9826,0.9715,0.9779,97054.418816
1772362800000,0.9776,0.9801,0.9751,0.9776,159709.349619
1772366400000,0.9775,0.9821,0.9728,0.9735,97370.621038
1772370000000,0.9738,0.9958,0.9683,0.9883,408555.549575
1772373600000,0.9885,0.9937,0.9764,0.9805,231273.988032
1772377200000,0.9805,0.9865,0.9761,0.9774,261786.865168
1772380800000,0.9775,0.9878,0.9654,0.9757,411103.815739
1772384400000,0.9755,0.9764,0.9592,0.9628,407724.075747
1772388000000,0.963,0.9778,0.963,0.9688,194650.066954
1772391600000,0.9689,0.9692,0.9561,0.9589,175236.552583
1772395200000,0.959,0.9597,0.9412,0.944,246691.050791
1772398800000,0.9441,0.9578,0.9437,0.9561,71345.446691
1772402400000,0.9557,0.9737,0.9545,0.9572,290025.469513
1772406000000,0.9571,0.9724,0.956,0.9647,112474.556018
1772409600000,0.9647,0.9822,0.9639,0.9783,144234.430651
1772413200000,0.9782,0.9906,0.976,0.9821,155721.969473
1772416800000,0.9824,0.9845,0.9711,0.979,153302.361858
1772420400000,0.9791,0.988,0.9741,0.9852,156047.950262
1772424000000,0.9855,0.9923,0.9832,0.9861,165992.385213
1772427600000,0.986,0.9866,0.9752,0.976,140142.781474
1772431200000,0.9761,0.9787,0.9656,0.9742,188587.217202
1772434800000,0.9741,0.9758,0.9624,0.9754,159572.585733
1772438400000,0.9756,0.9806,0.964,0.9793,163332.071283
1772442000000,0.9793,0.9845,0.975,0.975,156190.187282
1772445600000,0.9751,0.9771,0.9704,0.9754,98108.892873
1772449200000,0.9753,0.9767,0.9699,0.974,746470.761792
1772452800000,0.9741,0.98,0.974,0.9758,150226.020872
1772456400000,0.9757,0.9837,0.972,0.974,168487.844823
1772460000000,0.9741,1.0066,0.9734,1.0011,505577.979466
1772463600000,1.001,1.0287,0.9977,1.0205,1011008.272816
1772467200000,1.0206,1.0262,1.0038,1.0093,702173.064137
1772470800000,1.0093,1.0098,0.99,0.9996,332067.830927
1772474400000,0.9997,1.0024,0.9928,0.9951,122367.358515
1772478000000,0.9955,0.9971,0.9869,0.9947,138961.847718
1772481600000,0.9948,1.0008,0.988,0.9927,109450.50085
1772485200000,0.9928,0.9995,0.9869,0.9977,148876.949317
1772488800000,0.998,1.0031,0.9948,0.9955,220827.341176
1772492400000,0.996,0.9976,0.9817,0.9876,129110.636736
1772496000000,0.9875,0.9896,0.9788,0.9882,189983.276285
1772499600000,0.9881,0.9947,0.9849,0.9926,131529.325476
1772503200000,0.9927,0.9995,0.9825,0.9986,457009.05551
1772506800000,0.9986,1.0044,0.988,0.9972,611660.15322
1772510400000,0.9971,0.9984,0.9889,0.9909,92687.29348
1772514000000,0.991,0.9974,0.9847,0.9899,169724.830741
1772517600000,0.9901,0.9918,0.984,0.9895,66649.319642
1772521200000,0.9893,0.9951,0.9813,0.9859,126915.481692
1772524800000,0.9857,0.9891,0.975,0.9773,158200.913423
1772528400000,0.9767,0.9848,0.9726,0.9752,292771.536122
1772532000000,0.975,0.9932,0.9706,0.9834,554627.125758
1772535600000,0.9834,0.9909,0.9799,0.9838,73744.162798
1772539200000,0.9826,1,0.9822,0.993,89407.184214
1772542800000,0.9932,0.9937,0.9819,0.9847,82485.042591
1772546400000,0.9847,0.997,0.9725,0.9814,325494.469206
1772550000000,0.9811,1.002,0.9744,0.9963,469888.319442
1772553600000,0.9966,1.0125,0.9877,0.9998,477716.037807
1772557200000,1.0002,1.003,0.9885,1,176075.67415
1772560800000,1.0005,1.0106,0.9963,1.0032,125045.185771
1772564400000,1.0036,1.007,0.9983,1.0029,104715.590668
1772568000000,1.0028,1.0048,0.9962,0.9994,74137.376652
1772571600000,1,1.0003,0.9902,0.9955,45375.229306
1772575200000,0.9954,1.0044,0.9951,1.0007,42129.639248
1772578800000,1.0008,1.0076,0.9995,1.0007,45045.62105
1772582400000,1.0008,1.006,0.9949,1.0008,78239.679634
1772586000000,1.0001,1.0095,0.9971,1.0033,164944.004063
1772589600000,1.0034,1.011,0.9978,1.0095,127231.39947
1772593200000,1.0092,1.0143,0.9969,1.0077,147394.966028
1772596800000,1.0073,1.0085,0.9924,1.0004,137623.933786
1772600400000,1,1.0045,0.9958,1.0024,110511.292976
1772604000000,1.0024,1.0064,0.9964,1.001,76510.65806
1772607600000,1.001,1.0098,0.9988,1.0073,163562.706486
1772611200000,1.007,1.0295,1.0055,1.0275,566712.221616
1772614800000,1.0279,1.0334,1.0216,1.0242,413836.66923
1772618400000,1.0243,1.0285,1.0162,1.0191,186294.280704
1772622000000,1.0191,1.0223,1.0096,1.0171,399915.87317
1772625600000,1.0171,1.0179,1.0034,1.0105,275492.584713
1772629200000,1.0104,1.0183,1.0099,1.0153,354624.179172
1772632800000,1.0149,1.0356,1.01,1.0157,509623.569109
1772636400000,1.0156,1.0333,1.0138,1.033,630477.143249
1772640000000,1.0331,1.0347,1.0156,1.0222,738258.707029
1772643600000,1.0222,1.0243,1.0117,1.0215,363203.522832
1772647200000,1.0215,1.0251,1.0149,1.0245,142223.804634
1772650800000,1.0248,1.0366,1.023,1.0321,242774.929338
1772654400000,1.0323,1.033,1.0247,1.0254,167170.247577
1772658000000,1.026,1.031,1.0226,1.0308,208891.050216
1772661600000,1.0305,1.035,1.0229,1.025,348501.264544
1772665200000,1.025,1.0269,1.0094,1.0247,401092.72127
1772668800000,1.0247,1.0248,1.0177,1.0202,196714.616305
1772672400000,1.0204,1.0265,1.0113,1.0132,140489.94458
1772676000000,1.0131,1.0223,1.013,1.02,160856.696585
1772679600000,1.0199,1.0269,1.0192,1.0245,99562.320176
1772683200000,1.0245,1.0288,1.0229,1.0251,149239.581134
1772686800000,1.0249,1.029,1.0171,1.0196,94983.489961
1772690400000,1.0192,1.0251,1.0131,1.0228,128146.710591
1772694000000,1.0228,1.0284,1.0186,1.0284,348853.229237
1772697600000,1.0284,1.0428,1.0231,1.0409,304069.329202
1772701200000,1.041,1.0436,1.0271,1.0295,249181.452917
1772704800000,1.0295,1.0401,1.0254,1.0359,343397.261446
1772708400000,1.0359,1.0381,1.0253,1.029,196903.854109
1772712000000,1.0283,1.0351,1.0252,1.0319,130216.811868
1772715600000,1.0321,1.0348,1.0257,1.0317,169810.34402
1772719200000,1.0317,1.0424,1.0288,1.0394,285091.012575
1772722800000,1.0393,1.041,1.0119,1.0139,479123.414815
1772726400000,1.0142,1.0149,0.9932,1.0099,641576.078468
1772730000000,1.0098,1.0149,0.9966,0.999,155658.748367
1772733600000,0.9994,1.0114,0.9976,1.0104,149545.68111
1772737200000,1.0105,1.0273,1.0105,1.0135,133331.505458
1772740800000,1.0136,1.0253,1.0117,1.0204,88378.218097
1772744400000,1.0205,1.0221,1.0107,1.0146,117813.137651
1772748000000,1.0148,1.0152,1.0086,1.011,119998.794427
1772751600000,1.0108,1.0163,1.0097,1.0121,163534.693822
1772755200000,1.0118,1.0141,1.0077,1.0095,47571.085264
1772758800000,1.0096,1.019,1.0031,1.0169,148435.260895
1772762400000,1.017,1.0198,1.013,1.0189,138163.718482
1772766000000,1.019,1.0226,1.0161,1.0218,101355.513561
1772769600000,1.022,1.0239,1.0074,1.0148,177749.410331
1772773200000,1.0148,1.0175,1.0073,1.0141,146647.67149
1772776800000,1.014,1.0188,1.0128,1.0166,170747.07452
1772780400000,1.0167,1.0223,1.0134,1.0207,177179.516308
1772784000000,1.021,1.0213,1.012,1.0141,158620.638679
1772787600000,1.0142,1.0155,1,1.0061,350915.643972
1772791200000,1.0057,1.0188,1.0051,1.0142,351280.77834
1772794800000,1.0143,1.0149,1.0036,1.0084,277309.819629
1772798400000,1.0084,1.0121,0.9995,1.0038,234637.959022
1772802000000,1.0031,1.0144,0.9925,0.9925,447642.634961
1772805600000,0.9927,0.994,0.9697,0.9765,732074.139055
1772809200000,0.9763,0.987,0.9719,0.9778,183615.44182
1772812800000,0.9777,0.9817,0.9728,0.9772,124646.020184
1772816400000,0.9771,0.9799,0.9644,0.9695,193364.426972
1772820000000,0.9694,0.9786,0.969,0.9754,45310.611741
1772823600000,0.9756,0.9824,0.9728,0.9748,151450.610887
1772827200000,0.9747,0.9788,0.9703,0.9775,101849.745046
1772830800000,0.9778,0.9784,0.9739,0.9774,83126.448058
1772834400000,0.9776,0.9813,0.9768,0.9803,77309.289962
1772838000000,0.9806,0.9818,0.9767,0.9782,80612.435125
1772841600000,0.9781,0.9832,0.9778,0.9804,56883.441137
1772845200000,0.9803,0.9805,0.9759,0.9776,33893.206613
1772848800000,0.9775,0.9795,0.9746,0.9784,30249.812314
1772852400000,0.9788,0.9804,0.9712,0.9717,55801.952391
1772856000000,0.9716,0.9742,0.9655,0.9723,226112.518311
1772859600000,0.9721,0.9747,0.9721,0.9735,36651.476624
1772863200000,0.9736,0.9737,0.966,0.9661,59259.281584
1772866800000,0.966,0.9699,0.9641,0.9696,89424.249323
1772870400000,0.9695,0.9773,0.9695,0.972,110399.650872
1772874000000,0.9719,0.9765,0.97,0.9757,25746.479881
1772877600000,0.9756,0.9778,0.9744,0.9763,33463.699766
1772881200000,0.976,0.9838,0.9754,0.9778,95699.559456
1772884800000,0.9778,0.98,0.9719,0.9721,66309.24928
1772888400000,0.9722,0.9788,0.9715,0.977,78000.550516
1772892000000,0.9769,0.9769,0.963,0.9693,150826.738639
1772895600000,0.969,0.9696,0.9549,0.9577,178312.670845
1772899200000,0.9576,0.9643,0.9567,0.9634,101233.633163
1772902800000,0.9636,0.9687,0.9635,0.9665,20957.493363
1772906400000,0.9667,0.9667,0.9546,0.9578,287638.185425
1772910000000,0.9579,0.9581,0.9447,0.9486,119016.193412
1772913600000,0.9486,0.9538,0.9483,0.9514,56445.534113
1772917200000,0.9516,0.9545,0.9481,0.9523,32928.944826
1772920800000,0.9523,0.9534,0.9454,0.9483,78122.046634
1772924400000,0.9483,0.953,0.9475,0.953,60698.70079
1772928000000,0.953,0.953,0.9404,0.9427,71976.10771
1772931600000,0.9422,0.9486,0.9414,0.9462,78017.448951
1772935200000,0.9464,0.9464,0.9266,0.9282,278470.957233
1772938800000,0.9284,0.9336,0.928,0.9304,112119.010369
1772942400000,0.9304,0.9331,0.923,0.925,149857.116707
1772946000000,0.9254,0.9348,0.9254,0.9308,45859.242452
1772949600000,0.9309,0.9325,0.9259,0.9318,69221.795622
1772953200000,0.9313,0.936,0.9309,0.9338,115884.288699
1772956800000,0.9337,0.9349,0.9276,0.9342,158860.867988
1772960400000,0.9339,0.9393,0.9329,0.9387,58656.035281
1772964000000,0.9387,0.9516,0.9377,0.9499,152476.007945
1772967600000,0.9499,0.952,0.9397,0.9492,225039.690577
1772971200000,0.9489,0.9559,0.9379,0.9502,133871.47917
1772974800000,0.9502,0.9512,0.9362,0.9438,96527.508211
1772978400000,0.9434,0.9473,0.933,0.941,178341.313181
1772982000000,0.9405,0.9406,0.932,0.9356,81937.78369
1772985600000,0.9355,0.937,0.9299,0.9314,45443.027348
1772989200000,0.9313,0.9365,0.93,0.9349,63202.984312
1772992800000,0.9354,0.9358,0.9298,0.9327,48893.073357
1772996400000,0.9327,0.9529,0.9315,0.9497,167100.749973
1773000000000,0.95,0.9575,0.9432,0.9489,127204.07762
1773003600000,0.9492,0.9499,0.9421,0.9462,79906.827569
1773007200000,0.9461,0.9461,0.92,0.9416,438667.648382
1773010800000,0.9417,0.945,0.9311,0.9344,76686.596192
1773014400000,0.9344,0.9518,0.9337,0.9416,100400.435594
1773018000000,0.9414,0.9474,0.9366,0.9366,50413.655975
1773021600000,0.9364,0.9462,0.9302,0.9425,181214.644065
1773025200000,0.9424,0.9575,0.9393,0.9418,218523.132625
1773028800000,0.9416,0.9525,0.9413,0.9468,121482.482856
1773032400000,0.9472,0.9728,0.9456,0.9691,276169.094488
1773036000000,0.9695,0.9695,0.9544,0.9549,189582.601485
1773039600000,0.9545,0.9547,0.9412,0.9511,145308.689237
1773043200000,0.9513,0.9549,0.9472,0.948,103184.277605
1773046800000,0.9481,0.9583,0.9433,0.9485,139643.910224
1773050400000,0.9483,0.949,0.9387,0.9393,108923.827769
1773054000000,0.939,0.9415,0.9311,0.937,136303.968647
1773057600000,0.9372,0.9502,0.9343,0.9445,580472.215589
1773061200000,0.9445,0.958,0.9429,0.9466,493470.738116
1773064800000,0.9463,0.9483,0.9337,0.9359,419166.210202
1773068400000,0.9357,0.9435,0.9316,0.9405,317961.766062
1773072000000,0.9405,0.9478,0.9377,0.9439,200727.175569
1773075600000,0.9435,0.9487,0.9427,0.9457,122934.102759
1773079200000,0.9456,0.9542,0.9402,0.9483,99238.103849
1773082800000,0.9485,0.9807,0.9418,0.9538,386165.183712
1773086400000,0.9538,0.9559,0.9436,0.9514,133254.748474
1773090000000,0.9514,0.9577,0.9462,0.9508,60585.72763
1773093600000,0.951,0.9511,0.9328,0.936,163179.745486
1773097200000,0.936,0.9408,0.9355,0.9392,56829.819544
1773100800000,0.939,0.9484,0.9351,0.9424,98964.665561
1773104400000,0.9418,0.9454,0.9351,0.9423,76508.710141
1773108000000,0.9422,0.9559,0.9392,0.9487,265754.960472
1773111600000,0.9481,0.9493,0.9343,0.9361,173363.404101
1773115200000,0.9363,0.9441,0.9361,0.9421,213576.847124
1773118800000,0.9425,0.9455,0.9353,0.9378,159080.064075
1773122400000,0.9378,0.9379,0.9235,0.9333,477398.344178
1773126000000,0.9334,0.9428,0.9304,0.9385,147396.492653
1773129600000,0.9391,0.9426,0.9329,0.9336,308811.426349
1773133200000,0.9338,0.9452,0.9331,0.9429,243852.540571
1773136800000,0.943,0.9435,0.934,0.9373,204192.35304
1773140400000,0.9368,0.937,0.9289,0.9324,278113.123135
1773144000000,0.9323,0.9326,0.9258,0.9323,250693.129847
1773147600000,0.9324,0.9407,0.9269,0.9315,340963.117287
1773151200000,0.9313,0.9507,0.9191,0.9494,583586.479216
1773154800000,0.9495,0.9509,0.9291,0.9393,681334.098807
1773158400000,0.9396,0.9413,0.9319,0.9387,285399.193622
1773162000000,0.9384,0.9387,0.9222,0.9252,247754.178697
1773165600000,0.9255,0.9271,0.872,0.8796,2053147.752223
1773169200000,0.8797,0.8824,0.8649,0.8726,1188436.96647
1773172800000,0.8727,0.878,0.8699,0.8712,836894.446712
1773176400000,0.8713,0.8762,0.8536,0.8702,1296738.535725
1773180000000,0.8703,0.8712,0.8523,0.8595,1100140.2508
1773183600000,0.8595,0.8699,0.859,0.8657,890710.780965
1773187200000,0.8657,0.8698,0.8555,0.8655,696599.026074
1773190800000,0.8654,0.8661,0.857,0.858,388581.034995
1773194400000,0.8582,0.8669,0.8562,0.8653,312365.384197
1773198000000,0.865,0.8704,0.8641,0.8642,373452.384938
1773201600000,0.8642,0.8645,0.8461,0.8606,1215300.814665
1773205200000,0.8605,0.8609,0.8484,0.8532,550117.310371
1773208800000,0.8533,0.8692,0.8524,0.8683,496865.364964
1773212400000,0.8686,0.8833,0.8681,0.875,543298.950663
1773216000000,0.8751,0.8803,0.8686,0.8723,440522.421139
1773219600000,0.8717,0.8881,0.8717,0.8787,244311.677374
1773223200000,0.8788,0.892,0.8754,0.8912,229426.092811
1773226800000,0.8915,0.8927,0.8866,0.8908,372558.28242
1773230400000,0.8908,0.9139,0.8857,0.9043,1058811.359427
1773234000000,0.9043,0.9108,0.8922,0.8976,818006.369183
1773237600000,0.8977,0.907,0.8974,0.8977,260694.341124
1773241200000,0.8978,0.899,0.8722,0.8813,712295.117694
1773244800000,0.8813,0.8853,0.8763,0.8827,400997.429041
1773248400000,0.8829,0.8911,0.8754,0.8814,522389.452952
1773252000000,0.8815,0.8904,0.8812,0.8901,139434.222267
1773255600000,0.8901,0.8933,0.8857,0.8866,126153.270215
1773259200000,0.8868,0.8893,0.8811,0.882,43328.090166
1773262800000,0.882,0.8887,0.8763,0.8839,147945.261313
1773266400000,0.884,0.8879,0.8799,0.8826,128440.794908
1773270000000,0.8825,0.8839,0.8763,0.878,238691.880092
1773273600000,0.8782,0.88,0.8671,0.8721,360469.708852
1773277200000,0.8719,0.8737,0.8666,0.8725,169745.932112
1773280800000,0.8725,0.8749,0.8689,0.8718,194148.741164
1773284400000,0.8717,0.8782,0.868,0.869,229553.007638
1773288000000,0.8688,0.8712,0.8618,0.8651,296692.954051
1773291600000,0.8648,0.8697,0.8603,0.8652,681244.016999
1773295200000,0.8651,0.8665,0.8631,0.8643,175020.068098
1773298800000,0.8644,0.8678,0.8612,0.8673,238534.365292
1773302400000,0.8672,0.8711,0.862,0.8667,206360.894223
1773306000000,0.8666,0.873,0.8647,0.8705,113025.769306
1773309600000,0.8707,0.8726,0.8683,0.8687,150237.434125
1773313200000,0.8686,0.8687,0.8615,0.8651,204830.944402
1773316800000,0.865,0.87,0.8624,0.8675,139122.801238
1773320400000,0.8677,0.8709,0.8568,0.8634,321484.24855
1773324000000,0.8634,0.8671,0.85,0.8593,479714.946643
1773327600000,0.8592,0.865,0.8558,0.8599,285646.447954
1773331200000,0.8598,0.8648,0.8557,0.8631,225729.166301
1773334800000,0.8632,0.8739,0.8583,0.8702,438981.537478
1773338400000,0.8703,0.8738,0.8611,0.8658,156719.626215
1773342000000,0.8658,0.8722,0.8624,0.8708,51022.825719
1773345600000,0.8703,0.8705,0.8632,0.8645,34233.07737
1773349200000,0.8645,0.8694,0.8605,0.8688,57641.777427
1773352800000,0.8681,0.8724,0.8659,0.8716,165714.307681
1773356400000,0.8715,0.8806,0.8708,0.8779,269030.093792
1773360000000,0.8775,0.8989,0.8749,0.8855,736589.990091
1773363600000,0.8854,0.8906,0.8833,0.8891,245741.228361
1773367200000,0.8893,0.8921,0.886,0.8892,196156.137216
1773370800000,0.8893,0.8959,0.889,0.8942,242543.530152
1773374400000,0.8944,0.8955,0.8882,0.8897,315238.606643
1773378000000,0.8895,0.8957,0.8815,0.8923,332631.182968
1773381600000,0.8922,0.8927,0.8802,0.8865,468495.36522
1773385200000,0.8861,0.8907,0.8829,0.8829,133838.76489
1773388800000,0.883,0.8905,0.8801,0.8829,177403.701175
1773392400000,0.8826,0.8911,0.8826,0.8897,126951.090324
1773396000000,0.89,0.8968,0.8866,0.8901,232287.302756
1773399600000,0.8903,0.8916,0.8862,0.8874,139320.235405
1773403200000,0.8873,0.8975,0.8819,0.8937,339684.597264
1773406800000,0.8941,0.9059,0.8914,0.9002,612077.717619
1773410400000,0.9004,0.9063,0.8837,0.8865,560352.891486
1773414000000,0.8864,0.8957,0.8852,0.8888,302308.778983
1773417600000,0.889,0.8993,0.8865,0.8951,370390.039118
1773421200000,0.895,0.8988,0.8736,0.8782,339580.974792
1773424800000,0.8783,0.8834,0.8775,0.878,98456.803104
1773428400000,0.878,0.8785,0.8727,0.8736,159422.691022
1773432000000,0.8737,0.876,0.8716,0.875,89833.836867
1773435600000,0.8751,0.8828,0.868,0.8711,178074.83321
1773439200000,0.8715,0.872,0.8615,0.8663,225306.948151
1773442800000,0.8662,0.8706,0.8656,0.8691,78798.319735
1773446400000,0.869,0.8694,0.863,0.8651,118840.835029
1773450000000,0.8649,0.8715,0.8645,0.8713,119751.881765
1773453600000,0.8712,0.8733,0.8686,0.8717,79825.135217
1773457200000,0.8719,0.8793,0.8719,0.8765,59668.976375
1773460800000,0.8765,0.886,0.8747,0.8783,258762.143922
1773464400000,0.8785,0.8786,0.8685,0.8709,115010.676936
1773468000000,0.8709,0.8709,0.8615,0.8675,162597.231507
1773471600000,0.8672,0.8686,0.8646,0.8659,79778.484014
1773475200000,0.8658,0.8705,0.8655,0.8678,162598.126139
1773478800000,0.8677,0.8709,0.8661,0.8677,53747.341154
1773482400000,0.8674,0.8684,0.8636,0.8649,86025.438122
1773486000000,0.8648,0.8723,0.8642,0.8694,224039.111626
1773489600000,0.869,0.8696,0.8627,0.8653,105340.224136
1773493200000,0.8651,0.8692,0.8631,0.8678,105802.122896
1773496800000,0.8676,0.8727,0.8649,0.8673,214507.068002
1773500400000,0.8674,0.8693,0.8654,0.8684,49616.166894
1773504000000,0.8681,0.8772,0.8674,0.8769,79703.138585
1773507600000,0.8772,0.8779,0.873,0.8757,78914.336747
1773511200000,0.8755,0.9137,0.8739,0.8925,1296157.697523
1773514800000,0.8924,0.8962,0.879,0.882,260310.230544
1773518400000,0.882,0.8853,0.8752,0.8805,201200.530997
1773522000000,0.8806,0.8821,0.8765,0.879,83641.511799
1773525600000,0.879,0.888,0.8773,0.8792,93033.610275
1773529200000,0.8793,0.8836,0.8776,0.8821,84210.838989
1773532800000,0.8821,0.8829,0.8732,0.8746,141375.938016
1773536400000,0.8743,0.8795,0.868,0.8783,212966.296433
1773540000000,0.8782,0.887,0.8782,0.8841,199866.657714
1773543600000,0.884,0.8862,0.8766,0.8804,83525.945661
1773547200000,0.8806,0.884,0.8784,0.8813,77457.834414
1773550800000,0.8815,0.886,0.8797,0.8814,92742.982722
1773554400000,0.8814,0.8838,0.8782,0.8814,105948.884509
1773558000000,0.8814,0.8872,0.8807,0.8869,62533.745552
1773561600000,0.8872,0.8892,0.8846,0.8866,134453.779785
1773565200000,0.8869,0.8898,0.8831,0.8844,129400.906631
1773568800000,0.8844,0.8923,0.8825,0.8888,174495.340013
1773572400000,0.8887,0.8936,0.8874,0.891,130155.605978
1773576000000,0.8911,0.895,0.8874,0.8926,116473.517417
1773579600000,0.8925,0.8925,0.88,0.888,182575.324414
1773583200000,0.8881,0.8922,0.8863,0.8897,189162.336309
1773586800000,0.8897,0.8897,0.8835,0.885,73649.254395
1773590400000,0.8848,0.8865,0.8816,0.8823,107482.504466
1773594000000,0.8823,0.8922,0.8823,0.8888,90806.750098
1773597600000,0.8898,0.8906,0.8825,0.883,68480.561413
1773601200000,0.8841,0.8912,0.8838,0.8898,56042.074944
1773604800000,0.8892,0.8965,0.8866,0.8912,59372.643872
1773608400000,0.8913,0.8964,0.8889,0.8943,51251.128178
1773612000000,0.8947,0.9026,0.8902,0.9004,189198.292846
1773615600000,0.9005,0.903,0.8904,0.895,412845.101118
1773619200000,0.8953,0.9011,0.8882,0.8945,302622.814239
1773622800000,0.8947,0.899,0.8908,0.8979,122393.024724
1773626400000,0.898,0.9001,0.8916,0.8969,236725.261736
1773630000000,0.8969,0.9254,0.8957,0.9124,724495.747203
1773633600000,0.9125,0.9266,0.9125,0.9227,596123.974674
1773637200000,0.9228,0.941,0.9181,0.9358,666870.092924
1773640800000,0.9368,0.9593,0.931,0.9445,1092345.110836
1773644400000,0.9446,0.9547,0.943,0.9452,538674.499792
1773648000000,0.9452,0.9624,0.9376,0.9399,827367.055909
1773651600000,0.94,0.9488,0.9362,0.9378,359407.650913
1773655200000,0.9378,0.9467,0.9304,0.9375,621750.381868
1773658800000,0.9374,0.9414,0.9338,0.9352,178700.681754
1773662400000,0.9353,0.941,0.9336,0.9371,366133.371481
1773666000000,0.937,0.9443,0.9326,0.9372,329731.544702
1773669600000,0.9377,0.941,0.9215,0.9336,511829.707848
1773673200000,0.9337,0.936,0.924,0.9281,346928.466845
1773676800000,0.9282,0.9599,0.9277,0.9514,891155.55673
1773680400000,0.9523,0.9616,0.9517,0.9577,234143.778979
1773684000000,0.9578,0.9771,0.9561,0.968,956262.305572
1773687600000,0.9681,0.9931,0.9678,0.9717,603687.030283
1773691200000,0.9717,1.0073,0.9643,1.0047,640814.392152
1773694800000,1.0047,1.015,0.9946,0.9974,599827.470398
1773698400000,0.9975,1.0073,0.9974,0.9983,365835.338594
1773702000000,0.9984,0.9984,0.9844,0.9906,467646.936996
1773705600000,0.9906,0.9931,0.9778,0.9832,453493.185484
1773709200000,0.9833,0.9884,0.9744,0.979,432759.180851
1773712800000,0.979,0.9805,0.9721,0.9749,241982.99032
1773716400000,0.9748,0.9773,0.9643,0.9704,294890.944651
1773720000000,0.9705,0.9727,0.9536,0.9628,551824.198041
1773723600000,0.9629,0.9634,0.951,0.9591,273744.212367
1773727200000,0.9593,0.9663,0.9564,0.9616,326529.525349
1773730800000,0.9618,0.9757,0.9615,0.9691,286219.747373
1773734400000,0.9691,0.9752,0.9653,0.9666,243316.246286
1773738000000,0.9666,0.9746,0.9644,0.9701,218179.010753
1773741600000,0.9698,0.9731,0.9661,0.9729,169245.031869
1773745200000,0.9731,0.9907,0.9731,0.9776,625612.700672
1773748800000,0.9775,0.9775,0.9578,0.9612,318782.746522
1773752400000,0.9611,0.9679,0.954,0.9586,274961.460166
1773756000000,0.9587,0.9647,0.9548,0.9628,185185.537574
1773759600000,0.9628,0.9685,0.9558,0.9646,157244.441519
1773763200000,0.9645,0.9705,0.962,0.9632,178353.652694
1773766800000,0.9633,0.9708,0.9621,0.9708,65599.443539
1773770400000,0.9708,0.9722,0.9643,0.9667,122980.577472
1773774000000,0.9667,0.9673,0.963,0.9632,41424.280032
1773777600000,0.9634,0.9703,0.9619,0.9702,34878.775171
1773781200000,0.9701,0.9788,0.9701,0.9744,67479.191618
1773784800000,0.9744,0.977,0.9686,0.9742,137413.66954
1773788400000,0.9742,0.9759,0.9686,0.9686,112507.004986
1773792000000,0.9689,0.9715,0.9605,0.9637,241629.593932
1773795600000,0.9638,0.9659,0.9594,0.9637,136138.755002
1773799200000,0.9631,0.9718,0.9622,0.9681,78280.538404
1773802800000,0.9681,0.9759,0.968,0.9688,96347.753314
1773806400000,0.9689,0.9695,0.9634,0.9695,68623.732273
1773810000000,0.9696,0.9767,0.9696,0.9739,197729.453844
1773813600000,0.9737,0.9788,0.971,0.9721,190651.070158
1773817200000,0.9716,0.9773,0.9697,0.9766,198881.790895
1773820800000,0.977,0.9847,0.9746,0.984,215397.983332
1773824400000,0.9841,0.9876,0.9748,0.9784,260162.791919
1773828000000,0.9786,0.9801,0.9703,0.9745,277586.98121
1773831600000,0.9743,0.9759,0.941,0.947,768214.951245
1773835200000,0.9468,0.9468,0.9228,0.9314,673351.170752
1773838800000,0.9318,0.9366,0.926,0.931,394540.245495
1773842400000,0.9312,0.9326,0.9121,0.9144,678126.675432
1773846000000,0.9147,0.9197,0.902,0.9164,604589.918271
1773849600000,0.916,0.9161,0.9082,0.91,343344.675
1773853200000,0.9104,0.9182,0.9033,0.9166,358876.302767
1773856800000,0.9165,0.9256,0.915,0.9176,220535.254409
1773860400000,0.9179,0.9238,0.9142,0.9157,121745.055817
1773864000000,0.9159,0.9245,0.9095,0.9225,117253.080526
1773867600000,0.9223,0.929,0.9212,0.9262,107495.525846
1773871200000,0.9261,0.9263,0.9222,0.9237,62905.413403
1773874800000,0.9238,0.9251,0.9192,0.9247,133709.163248
1773878400000,0.9248,0.9273,0.9224,0.9229,81161.611254
1773882000000,0.9234,0.9249,0.9199,0.9215,94399.332571
1773885600000,0.9209,0.9249,0.917,0.9217,119241.055138
1773889200000,0.922,0.9379,0.9202,0.9293,149476.954956
1773892800000,0.9294,0.931,0.9265,0.9276,103961.835305
1773896400000,0.9275,0.93,0.9188,0.9191,90444.415903
1773900000000,0.9193,0.9215,0.9151,0.9198,138713.607412
1773903600000,0.9196,0.9199,0.9042,0.9124,184414.591013
1773907200000,0.9122,0.9144,0.907,0.9092,243907.025659
1773910800000,0.9092,0.9167,0.9088,0.9157,97356.323382
1773914400000,0.9155,0.9164,0.909,0.9093,66941.008642
1773918000000,0.9092,0.9117,0.9088,0.9099,61395.702526
1773921600000,0.9093,0.9093,0.895,0.8952,394092.178992
1773925200000,0.8955,0.8993,0.884,0.8972,589906.971945
1773928800000,0.8971,0.9002,0.8892,0.8946,160839.108774
1773932400000,0.8941,0.8968,0.8821,0.8895,311741.088538
1773936000000,0.8892,0.8892,0.8826,0.8848,154467.110914
1773939600000,0.8846,0.8904,0.8765,0.8898,222950.637442
1773943200000,0.8894,0.8894,0.8828,0.8861,49556.596775
1773946800000,0.8858,0.895,0.8855,0.8885,137642.410753
1773950400000,0.8883,0.8928,0.8875,0.8892,63949.274352
1773954000000,0.8891,0.8916,0.8889,0.8914,97755.435446
1773957600000,0.8912,0.8925,0.8853,0.8903,125940.086501
1773961200000,0.8904,0.8949,0.8904,0.8948,136832.995734
1773964800000,0.8949,0.8984,0.891,0.898,80601.040032
1773968400000,0.8983,0.9059,0.8983,0.9047,110412.746562
1773972000000,0.9049,0.9063,0.8989,0.9045,126141.757341
1773975600000,0.9048,0.9072,0.9029,0.9034,63064.794168
1773979200000,0.9036,0.9075,0.9,0.9061,147778.410676
1773982800000,0.9062,0.9125,0.9061,0.9096,140352.557232
1773986400000,0.9096,0.9096,0.9035,0.9038,69029.760119
1773990000000,0.904,0.904,0.8963,0.8994,99686.233251
1773993600000,0.8994,0.905,0.8976,0.8991,183927.920911
1773997200000,0.8991,0.9005,0.8915,0.8992,143461.730758
1774000800000,0.899,0.9044,0.8971,0.9034,90695.892497
1774004400000,0.9033,0.9088,0.8969,0.8998,87727.66157
1774008000000,0.8997,0.9047,0.8964,0.8973,84213.107192
1774011600000,0.8974,0.904,0.8953,0.8964,139664.834936
1774015200000,0.8966,0.9058,0.8935,0.8952,212937.775882
1774018800000,0.8958,0.9042,0.8921,0.904,175650.002259
1774022400000,0.9039,0.9069,0.9007,0.9056,101470.89949
1774026000000,0.9053,0.9114,0.9025,0.9114,143356.290716
1774029600000,0.9115,0.9155,0.8969,0.8987,130983.010919
1774033200000,0.8987,0.9012,0.8889,0.8997,190709.453564
1774036800000,0.8999,0.9006,0.8918,0.8974,129651.203686
1774040400000,0.8977,0.906,0.8926,0.902,134195.637154
1774044000000,0.9024,0.9097,0.9024,0.9042,86319.235052
1774047600000,0.9042,0.9043,0.8983,0.9008,98265.013452
1774051200000,0.901,0.9049,0.9006,0.903,94898.588631
1774054800000,0.903,0.9059,0.8988,0.8994,223714.622936
1774058400000,0.8992,0.905,0.8976,0.9039,80012.244537
1774062000000,0.9041,0.9041,0.9009,0.9021,64721.378798
1774065600000,0.902,0.905,0.901,0.9015,94662.999266
1774069200000,0.9015,0.9075,0.9015,0.9049,94397.84447
1774072800000,0.9047,0.9119,0.9037,0.9091,119783.681022
1774076400000,0.9092,0.9101,0.904,0.9042,77073.948685
1774080000000,0.9046,0.9077,0.9035,0.9075,46862.387107
1774083600000,0.9075,0.9101,0.9023,0.9031,76008.133344
1774087200000,0.9029,0.9035,0.8987,0.9016,95852.126039
1774090800000,0.9016,0.9137,0.9007,0.9082,229289.687422
1774094400000,0.9078,0.9116,0.9078,0.9089,138237.078729
1774098000000,0.9093,0.9193,0.909,0.9136,266215.458414
1774101600000,0.9138,0.9338,0.9131,0.9228,1043700.927279
1774105200000,0.9229,0.9753,0.9229,0.971,1506839.850216
1774108800000,0.9714,0.9747,0.9537,0.9586,1022426.487438
1774112400000,0.959,0.961,0.9451,0.9582,551176.351648
1774116000000,0.9578,0.9593,0.9495,0.9496,134564.235287
1774119600000,0.9496,0.9498,0.927,0.9322,619483.910813
1774123200000,0.9321,0.9374,0.9299,0.9355,269247.988372
1774126800000,0.9356,0.9362,0.9295,0.9316,166059.69646
1774130400000,0.9315,0.9317,0.9183,0.9219,400354.205295
1774134000000,0.9218,0.9237,0.8701,0.8818,2310771.574431
1774137600000,0.8814,0.89,0.8604,0.8826,959032.327068
1774141200000,0.8825,0.889,0.8819,0.8874,560594.310844
1774144800000,0.8875,0.8927,0.8846,0.8869,209616.817773
1774148400000,0.8867,0.8915,0.8834,0.8855,196476.566533
1774152000000,0.8849,0.89,0.8837,0.8869,242238.772901
1774155600000,0.8869,0.8877,0.8808,0.8828,233084.329065
1774159200000,0.8828,0.8843,0.879,0.8835,241353.487478
1774162800000,0.8835,0.886,0.8804,0.8804,92814.662901
1774166400000,0.8805,0.8827,0.8708,0.879,439608.64747
1774170000000,0.8789,0.8813,0.8752,0.8801,187805.190591
1774173600000,0.8801,0.8808,0.874,0.8741,153565.595296
1774177200000,0.8741,0.8762,0.871,0.871,179180.175059
1774180800000,0.8712,0.8823,0.8712,0.8766,193289.394734
1774184400000,0.8768,0.8801,0.8741,0.8778,208109.568254
1774188000000,0.8778,0.88,0.8723,0.8731,107519.997342
1774191600000,0.8733,0.8762,0.8722,0.8755,166922.217265
1774195200000,0.8755,0.8804,0.8746,0.8765,98196.05466
1774198800000,0.8762,0.8775,0.8737,0.8743,91773.627855
1774202400000,0.8741,0.8747,0.8643,0.8696,290442.26484
1774206000000,0.8696,0.8699,0.863,0.8656,122569.631607
1774209600000,0.866,0.8702,0.8636,0.8655,161828.23994
1774213200000,0.8658,0.8673,0.8375,0.8512,1235388.994393
1774216800000,0.8512,0.8523,0.8443,0.8487,534691.815806
1774220400000,0.8491,0.8525,0.8451,0.8482,290873.999523
1774224000000,0.8486,0.8544,0.8428,0.8524,406621.317269
1774227600000,0.8524,0.8576,0.8501,0.8541,221184.184241
1774231200000,0.8542,0.8653,0.8517,0.8613,296987.86908
1774234800000,0.8612,0.8665,0.8586,0.8588,141679.080266
1774238400000,0.8587,0.8671,0.8587,0.8662,107782.806457
1774242000000,0.8661,0.8668,0.8596,0.8615,138532.831664
1774245600000,0.8614,0.8614,0.845,0.8471,431369.092188
1774249200000,0.8472,0.8519,0.838,0.8484,325312.838878
1774252800000,0.8486,0.8537,0.8485,0.8497,127871.631388
1774256400000,0.8495,0.857,0.8469,0.8568,120702.683792
1774260000000,0.857,0.8642,0.8536,0.8566,175869.050931
1774263600000,0.8566,0.9013,0.8565,0.885,1956041.294508
1774267200000,0.8851,0.895,0.8815,0.8931,498666.087415
1774270800000,0.8935,0.9075,0.8874,0.9034,554730.439397
1774274400000,0.9033,0.9065,0.8955,0.9026,370286.998586
1774278000000,0.9026,0.9132,0.8937,0.8962,610973.617084
1774281600000,0.8965,0.9109,0.8932,0.9087,427747.906787
1774285200000,0.9092,0.9115,0.9011,0.909,240960.5478
1774288800000,0.909,0.9331,0.909,0.9304,668044.027516
1774292400000,0.9303,0.9305,0.92,0.9211,345808.032407
1774296000000,0.9211,0.9423,0.9181,0.9342,732331.864296
1774299600000,0.9343,0.9382,0.9311,0.9344,290672.386837
1774303200000,0.9346,0.9352,0.9221,0.9237,299192.360566
1774306800000,0.9232,0.9262,0.9148,0.9227,358999.495556
1774310400000,0.9228,0.9262,0.9101,0.9206,379725.752856
1774314000000,0.9208,0.9253,0.9122,0.9203,221835.326963
1774317600000,0.9205,0.9322,0.9155,0.9187,487631.540749
1774321200000,0.9185,0.9285,0.9167,0.9274,170287.375557
1774324800000,0.9271,0.928,0.9208,0.9242,161993.521855
1774328400000,0.924,0.9326,0.9217,0.9311,369376.411384
1774332000000,0.9312,0.9482,0.922,0.9251,1164977.375622
1774335600000,0.9253,0.9318,0.918,0.925,227887.770946
1774339200000,0.9249,0.9296,0.921,0.9234,388402.271915
1774342800000,0.9232,0.9264,0.915,0.9191,162092.740394
1774346400000,0.919,0.9193,0.914,0.9154,119334.250295
1774350000000,0.9153,0.9155,0.9039,0.914,380965.789099
1774353600000,0.9139,0.9167,0.9088,0.9138,164153.25611
1774357200000,0.9137,0.922,0.9105,0.9177,259879.024107
1774360800000,0.9179,0.9268,0.9114,0.9236,411669.584287
1774364400000,0.9234,0.9266,0.9117,0.9131,265540.765121
1774368000000,0.9135,0.9187,0.9061,0.91,434004.233089
1774371600000,0.9101,0.9111,0.9027,0.9071,256764.6133
1774375200000,0.9072,0.9145,0.9042,0.9105,136698.686671
1774378800000,0.9112,0.9239,0.9112,0.9178,260674.416798
1774382400000,0.9181,0.9387,0.9172,0.9321,351172.974021
1774386000000,0.9329,0.9364,0.9267,0.9343,183898.505995
1774389600000,0.9342,0.9348,0.9218,0.9258,191030.302213
1774393200000,0.9257,0.9294,0.9236,0.9239,120366.597181
1774396800000,0.9239,0.9279,0.9176,0.9215,271036.977894
1774400400000,0.9213,0.9281,0.9199,0.9237,130812.529746
1774404000000,0.9235,0.9278,0.9211,0.9216,134680.602105
1774407600000,0.9219,0.9225,0.9156,0.9186,118083.984381
1774411200000,0.918,0.9186,0.913,0.916,135697.941672
1774414800000,0.9155,0.9195,0.9132,0.9178,155611.218019
1774418400000,0.918,0.9183,0.9116,0.9132,200380.216599
1774422000000,0.9135,0.9199,0.9128,0.9153,71149.318697
1774425600000,0.916,0.9264,0.9147,0.9176,289175.045343
1774429200000,0.9173,0.922,0.9147,0.9202,69301.022015
1774432800000,0.9204,0.9347,0.9193,0.9311,450576.052234
1774436400000,0.931,0.9361,0.9273,0.9355,411955.558396
1774440000000,0.9355,0.9383,0.926,0.9335,456368.695063
1774443600000,0.9338,0.9364,0.9301,0.9316,164077.378404
1774447200000,0.9316,0.938,0.9302,0.9358,324437.943655
1774450800000,0.9357,0.9375,0.925,0.9303,444846.081136
1774454400000,0.9305,0.9384,0.9276,0.9319,260673.814595
1774458000000,0.9319,0.9382,0.9313,0.9343,113608.15445
1774461600000,0.9343,0.9362,0.9284,0.93,82708.313068
1774465200000,0.9301,0.934,0.9269,0.9307,146173.533887
1774468800000,0.9312,0.9337,0.9238,0.9289,134558.408071
1774472400000,0.9288,0.934,0.9275,0.932,89447.472379
1774476000000,0.932,0.9368,0.9297,0.9325,110043.393264
1774479600000,0.9322,0.9327,0.9258,0.928,77605.956485
1774483200000,0.9285,0.9322,0.9249,0.9257,80095.397436
1774486800000,0.9257,0.929,0.9152,0.9181,292131.108237
1774490400000,0.9182,0.9184,0.91,0.9159,262120.256049
1774494000000,0.9159,0.9159,0.9075,0.9103,115143.164748
1774497600000,0.9105,0.9132,0.907,0.9126,134479.005369
1774501200000,0.9127,0.9133,0.9033,0.9057,272146.547367
1774504800000,0.9057,0.9089,0.9,0.9026,160363.816367
1774508400000,0.9026,0.9057,0.9002,0.9017,170293.52202
1774512000000,0.9017,0.9017,0.8964,0.9005,211845.95255
1774515600000,0.9006,0.9051,0.8915,0.894,342663.830175
1774519200000,0.8938,0.8938,0.8878,0.8896,236475.158294
1774522800000,0.8899,0.8906,0.8843,0.8862,213099.411965
1774526400000,0.8862,0.899,0.8847,0.8955,338625.828573
1774530000000,0.895,0.9019,0.892,0.8979,268993.76465
1774533600000,0.898,0.8984,0.8858,0.8896,314729.458024
1774537200000,0.8895,0.8895,0.8799,0.884,278633.470357
1774540800000,0.8839,0.8867,0.8818,0.882,69273.149472
1774544400000,0.8819,0.8851,0.8787,0.8807,174138.714331
1774548000000,0.8805,0.8829,0.8671,0.87,446902.138447
1774551600000,0.87,0.8702,0.8638,0.865,131173.244392
1774555200000,0.8641,0.881,0.8615,0.8703,521722.118413
1774558800000,0.8703,0.8749,0.8682,0.8696,148939.972499
1774562400000,0.8694,0.8719,0.8656,0.8693,162200.401814
1774566000000,0.8694,0.8699,0.865,0.8699,196279.267156
1774569600000,0.8697,0.8729,0.8677,0.8722,149876.020457
1774573200000,0.8721,0.8779,0.872,0.8772,124917.013046
1774576800000,0.8771,0.8778,0.8726,0.8729,128073.844718
1774580400000,0.8729,0.8735,0.8678,0.8706,133601.167004
1774584000000,0.8706,0.8772,0.8642,0.8717,175372.230518
1774587600000,0.8717,0.872,0.8675,0.8687,140243.598682
1774591200000,0.8686,0.8738,0.8665,0.8738,252022.542239
1774594800000,0.8729,0.8779,0.8725,0.8776,312940.529402
1774598400000,0.8775,0.8803,0.8625,0.8679,441171.60248
1774602000000,0.8681,0.8681,0.8555,0.8614,422143.723956
1774605600000,0.8614,0.8628,0.8331,0.8378,1365250.419942
1774609200000,0.838,0.8442,0.8321,0.8417,411559.49339
1774612800000,0.8418,0.8427,0.8377,0.8422,470660.682796
1774616400000,0.8422,0.843,0.8323,0.8371,514097.649267
1774620000000,0.837,0.8406,0.8314,0.8368,237075.613375
1774623600000,0.8368,0.8401,0.8323,0.8334,320646.301228
1774627200000,0.8333,0.8413,0.8312,0.8384,168213.301178
1774630800000,0.8389,0.8436,0.8328,0.8376,161523.597534
1774634400000,0.8375,0.8399,0.8338,0.835,94116.502206
1774638000000,0.8356,0.8396,0.8317,0.8389,95707.485047
1774641600000,0.8389,0.84,0.8329,0.8358,213896.05868
1774645200000,0.8358,0.8381,0.8332,0.8339,151669.406476
1774648800000,0.834,0.8367,0.8329,0.8354,84543.309049
1774652400000,0.8353,0.8417,0.8331,0.8391,119028.771425
1774656000000,0.8393,0.8415,0.8382,0.8385,84378.901469
1774659600000,0.8383,0.8385,0.8201,0.8286,645751.177908
1774663200000,0.8287,0.832,0.823,0.8254,183942.753938
1774666800000,0.8255,0.8279,0.8244,0.8259,131172.872791
1774670400000,0.8258,0.8263,0.8157,0.8217,309856.110625
1774674000000,0.8218,0.825,0.8198,0.8214,122535.266852
1774677600000,0.8213,0.8249,0.817,0.8232,219374.126641
1774681200000,0.8231,0.83,0.8228,0.83,179562.133398
1774684800000,0.83,0.8308,0.8263,0.8277,208070.084825
1774688400000,0.8279,0.828,0.818,0.8211,205367.331922
1774692000000,0.8208,0.8245,0.8184,0.822,202362.764268
1774695600000,0.822,0.8257,0.8203,0.8237,191251.895573
1774699200000,0.8238,0.8254,0.8203,0.8231,113823.427235
1774702800000,0.8229,0.842,0.8219,0.8338,526554.909459
1774706400000,0.8338,0.8339,0.825,0.8266,231405.425207
1774710000000,0.8268,0.8318,0.8194,0.8208,336375.755642
1774713600000,0.8209,0.8295,0.8186,0.8295,225825.408638
1774717200000,0.8286,0.8287,0.8204,0.8242,145284.740248
1774720800000,0.8243,0.8285,0.8224,0.8263,126620.294345
1774724400000,0.8262,0.8266,0.8212,0.8239,32346.546796
1774728000000,0.8238,0.8272,0.8236,0.8259,35625.429725
1774731600000,0.826,0.826,0.7927,0.8036,984595.267019
1774735200000,0.8034,0.8133,0.8032,0.8082,624368.798086
1774738800000,0.8083,0.8089,0.7935,0.8008,447876.099095
1774742400000,0.8011,0.805,0.7979,0.8006,131879.973601
1774746000000,0.8005,0.8094,0.8005,0.8061,115412.74903
1774749600000,0.8063,0.8116,0.8054,0.8093,114017.759119
1774753200000,0.8099,0.8182,0.8098,0.8135,155132.40715
1774756800000,0.8139,0.814,0.809,0.8105,62497.522367
1774760400000,0.8105,0.814,0.8076,0.8115,139538.332467
1774764000000,0.8115,0.8136,0.8095,0.8115,95530.099657
1774767600000,0.8111,0.8111,0.8082,0.8099,89927.619607
1774771200000,0.8091,0.8133,0.8091,0.8127,60281.834681
1774774800000,0.8127,0.8159,0.812,0.8122,108128.772065
1774778400000,0.8121,0.8121,0.805,0.809,127523.503612
1774782000000,0.8089,0.8138,0.8087,0.8112,66797.118269
1774785600000,0.8112,0.8115,0.8015,0.805,108311.002858
1774789200000,0.805,0.8056,0.7994,0.8013,133192.428199
1774792800000,0.8012,0.807,0.7995,0.8043,148994.559388
1774796400000,0.8046,0.8067,0.8007,0.8039,163928.407386
1774800000000,0.8037,0.8074,0.8014,0.8034,158168.148327
1774803600000,0.8036,0.805,0.7976,0.8028,122651.20052
1774807200000,0.8029,0.8058,0.8005,0.8047,86784.867509
1774810800000,0.8048,0.8071,0.8038,0.8061,30221.26206
1774814400000,0.8061,0.8124,0.806,0.8123,95285.595632
1774818000000,0.8125,0.814,0.8113,0.8134,88187.799751
1774821600000,0.8133,0.8133,0.7732,0.7981,945993.818564
1774825200000,0.7982,0.8033,0.7949,0.8014,191309.985652
1774828800000,0.8015,0.819,0.8004,0.8069,256870.983883
1774832400000,0.8067,0.8135,0.8067,0.8133,151007.72234
1774836000000,0.8134,0.8252,0.8132,0.8189,212943.854107
1774839600000,0.819,0.8248,0.8163,0.8233,149591.541119
1774843200000,0.8233,0.8365,0.8233,0.8321,455153.558891
1774846800000,0.8319,0.8437,0.8317,0.8396,394090.474759
1774850400000,0.8398,0.8493,0.8351,0.8429,472365.514423
1774854000000,0.8429,0.8594,0.8419,0.8558,586883.408594
1774857600000,0.8563,0.8636,0.8515,0.8573,536815.857484
1774861200000,0.8572,0.8578,0.8444,0.8457,362483.879728
1774864800000,0.8457,0.8478,0.8386,0.846,671522.323513
1774868400000,0.8458,0.8547,0.8427,0.8454,283317.505317
1774872000000,0.8455,0.8485,0.8412,0.8429,132686.525088
1774875600000,0.843,0.8462,0.8376,0.8385,265596.006175
1774879200000,0.8386,0.8412,0.825,0.8353,713423.002959
1774882800000,0.8352,0.8362,0.8267,0.8303,277022.188122
1774886400000,0.8308,0.8318,0.827,0.8301,313540.258728
1774890000000,0.8305,0.8318,0.82,0.8231,247111.536926
1774893600000,0.8233,0.8235,0.8156,0.817,166069.051995
1774897200000,0.8168,0.8168,0.8105,0.8158,142070.5121
1774900800000,0.8157,0.8158,0.8123,0.8149,134551.849417
1774904400000,0.8144,0.8237,0.8144,0.821,279874.74461
1774908000000,0.821,0.8218,0.8176,0.8182,93752.343551
1774911600000,0.8181,0.8181,0.8109,0.8162,117363.377388
1774915200000,0.8163,0.8197,0.8127,0.8185,216119.494594
1774918800000,0.8186,0.8354,0.8176,0.8298,317739.982856
1774922400000,0.8296,0.8323,0.8277,0.831,119014.690315
1774926000000,0.8309,0.8309,0.8249,0.828,174849.96835
1774929600000,0.8282,0.832,0.8267,0.8279,173720.748476
1774933200000,0.8274,0.8319,0.826,0.8309,128221.266889
1774936800000,0.8311,0.8399,0.8282,0.8384,260945.160734
1774940400000,0.8388,0.8432,0.8336,0.8422,430162.026317
1774944000000,0.8423,0.8436,0.8259,0.8279,513497.730581
1774947600000,0.8276,0.8303,0.8181,0.8208,361594.262349
1774951200000,0.8213,0.8248,0.8175,0.8185,286928.356017
1774954800000,0.8183,0.8305,0.8153,0.8289,237721.895728
1774958400000,0.829,0.8323,0.8222,0.8241,281457.444258
1774962000000,0.8243,0.835,0.8239,0.8306,252524.380759
1774965600000,0.8302,0.8367,0.8193,0.8239,268257.239137
1774969200000,0.8241,0.8332,0.819,0.8193,315513.561839
1774972800000,0.8193,0.8355,0.819,0.8336,314028.20261
1774976400000,0.834,0.8414,0.8278,0.8297,202483.524152
1774980000000,0.8303,0.8361,0.8296,0.8326,91491.312707
1774983600000,0.833,0.835,0.8313,0.8338,86857.237685
1774987200000,0.8343,0.8377,0.8324,0.8352,128156.154427
1774990800000,0.8354,0.8354,0.8303,0.8322,128357.722865
1774994400000,0.8323,0.8327,0.826,0.8297,89889.897728
1774998000000,0.8289,0.8327,0.826,0.8324,144972.643933
1775001600000,0.8323,0.834,0.8282,0.8327,63336.202319
1775005200000,0.8326,0.8333,0.8222,0.8248,131862.385546
1775008800000,0.8248,0.8274,0.8228,0.8258,74953.64287
1775012400000,0.8259,0.8355,0.8259,0.8332,149320.98909
1775016000000,0.8331,0.8353,0.8302,0.8335,117691.093391
1775019600000,0.8335,0.8407,0.8314,0.8382,204414.124781
1775023200000,0.8387,0.848,0.8382,0.8465,323478.858222
1775026800000,0.8468,0.851,0.844,0.8465,219242.416924
1775030400000,0.847,0.8513,0.8455,0.8461,335933.547422
1775034000000,0.846,0.8473,0.84,0.8418,157850.78328
1775037600000,0.8419,0.8431,0.8358,0.84,184258.049183
1775041200000,0.8403,0.8437,0.8369,0.8427,118851.963853
1775044800000,0.8427,0.8568,0.8416,0.846,358003.222659
1775048400000,0.8464,0.8486,0.8375,0.8437,156361.222951
1775052000000,0.8433,0.8513,0.8433,0.8496,112039.597646
1775055600000,0.85,0.8505,0.8447,0.8488,165399.928212
1775059200000,0.8488,0.8515,0.8452,0.8486,95432.901486
1775062800000,0.8485,0.8536,0.8442,0.8453,121541.20611
1775066400000,0.8455,0.8483,0.8413,0.8418,67579.546787
1775070000000,0.842,0.8434,0.8388,0.8413,45258.736504
1775073600000,0.8416,0.8426,0.8377,0.841,202765.062264
1775077200000,0.8407,0.847,0.8404,0.8465,82551.559269
1775080800000,0.8466,0.8467,0.8374,0.8376,91019.728879
1775084400000,0.8375,0.8376,0.8347,0.8374,102451.528974
1775088000000,0.8374,0.8447,0.8369,0.8419,89880.908772
1775091600000,0.8426,0.8426,0.815,0.8226,649899.064959
1775095200000,0.8223,0.8228,0.8082,0.8159,318704.199917
1775098800000,0.8158,0.82,0.8056,0.8126,303051.198714
1775102400000,0.8127,0.8151,0.8089,0.8098,133682.302098
1775106000000,0.81,0.8119,0.8042,0.81,273975.206504
1775109600000,0.81,0.8166,0.8092,0.8154,89253.076133
1775113200000,0.8155,0.8208,0.814,0.8207,127909.307091
1775116800000,0.8208,0.8216,0.8101,0.8101,151791.288666
1775120400000,0.8103,0.8155,0.8083,0.8117,141042.372693
1775124000000,0.8117,0.8123,0.8074,0.8123,104410.767621
1775127600000,0.8125,0.8135,0.8067,0.8128,98619.06042
1775131200000,0.8124,0.8124,0.8055,0.8079,115542.537652
1775134800000,0.8076,0.8086,0.7983,0.8065,400802.345239
1775138400000,0.8063,0.8222,0.805,0.8202,331072.395376
1775142000000,0.8204,0.8204,0.8101,0.8123,133189.713837
1775145600000,0.8119,0.8179,0.8084,0.8132,148779.940991
1775149200000,0.8132,0.8211,0.8096,0.8101,139208.396685
1775152800000,0.8104,0.8244,0.8101,0.8214,129834.214136
1775156400000,0.8217,0.8218,0.8136,0.8187,115242.184095
1775160000000,0.8187,0.8261,0.8168,0.822,66944.101166
1775163600000,0.822,0.8226,0.8155,0.8184,83581.614435
1775167200000,0.8183,0.8194,0.8138,0.8147,55544.569807
1775170800000,0.8142,0.8171,0.8129,0.8167,126372.745507
1775174400000,0.8168,0.8198,0.8168,0.8198,105602.240468
1775178000000,0.8197,0.8235,0.8171,0.8204,160790.236055
1775181600000,0.8203,0.8251,0.8176,0.8243,150878.72095
1775185200000,0.8247,0.8376,0.8233,0.8319,303885.166671
1775188800000,0.8321,0.8374,0.8292,0.8357,178165.47503
1775192400000,0.8359,0.845,0.8332,0.8398,217016.470481
1775196000000,0.8397,0.848,0.838,0.8429,303945.156263
1775199600000,0.8426,0.8437,0.8372,0.8406,152184.928962
1775203200000,0.8408,0.8451,0.8397,0.8427,152086.282302
1775206800000,0.8428,0.8469,0.842,0.8438,239557.308168
1775210400000,0.8438,0.8462,0.8391,0.843,121701.87161
1775214000000,0.8431,0.8541,0.8427,0.8503,314308.334594
1775217600000,0.8505,0.8542,0.8413,0.845,353031.936066
1775221200000,0.845,0.8458,0.8371,0.8394,144280.435464
1775224800000,0.8397,0.8446,0.837,0.8439,259911.986661
1775228400000,0.8436,0.8457,0.8382,0.8394,95614.79548
1775232000000,0.8389,0.8416,0.8376,0.8399,103408.170167
1775235600000,0.8397,0.8401,0.8353,0.8374,93938.498735
1775239200000,0.8373,0.8422,0.8367,0.8392,68832.703526
1775242800000,0.8389,0.8389,0.8354,0.8377,49187.047801
1775246400000,0.8376,0.84,0.8375,0.8384,29530.706338
1775250000000,0.8387,0.8429,0.8387,0.8401,56853.431643
1775253600000,0.8405,0.8406,0.8374,0.8383,62749.831376
1775257200000,0.8383,0.8388,0.832,0.8353,149223.495471
1775260800000,0.8354,0.836,0.8331,0.8354,61630.646495
1775264400000,0.8354,0.8393,0.8344,0.839,73005.156277
1775268000000,0.8389,0.8406,0.8345,0.8351,42070.616796
1775271600000,0.8352,0.8405,0.8352,0.8395,27260.244231
1775275200000,0.8394,0.8412,0.8386,0.84,50628.104256
1775278800000,0.8399,0.8437,0.8384,0.8389,136324.100123
1775282400000,0.8384,0.8459,0.8381,0.8446,86313.12369
1775286000000,0.8445,0.8461,0.8418,0.8436,130371.257004
1775289600000,0.8436,0.8442,0.8399,0.8403,163363.44529
1775293200000,0.8404,0.8404,0.8354,0.8354,66542.121115
1775296800000,0.8353,0.8375,0.8325,0.8367,60862.186215
1775300400000,0.8366,0.8425,0.8357,0.8405,127122.044685
1775304000000,0.8403,0.8458,0.839,0.8428,186327.651108
1775307600000,0.8425,0.8454,0.8393,0.8393,73446.308211
1775311200000,0.839,0.8424,0.8379,0.8417,65779.210532
1775314800000,0.8418,0.8447,0.839,0.8397,94422.71389
1775318400000,0.8397,0.8427,0.8387,0.8389,49399.764796
1775322000000,0.8387,0.8513,0.8383,0.8481,139887.311825
1775325600000,0.848,0.8501,0.845,0.8474,41130.054697
1775329200000,0.8473,0.8549,0.8421,0.8451,108468.846889
1775332800000,0.8453,0.8455,0.8422,0.8422,14094.628715
1775336400000,0.842,0.8429,0.8397,0.8418,66825.801673
1775340000000,0.8414,0.8428,0.8378,0.8388,105448.638105
1775343600000,0.8387,0.8387,0.8336,0.8386,92075.621032
1775347200000,0.8388,0.8394,0.8351,0.8365,58284.898085
1775350800000,0.8364,0.8367,0.8302,0.8337,136296.476468
1775354400000,0.8335,0.8335,0.8302,0.8319,75085.709167
1775358000000,0.8314,0.8331,0.8306,0.8329,62630.410572
1775361600000,0.8329,0.8341,0.8308,0.8312,64145.947165
1775365200000,0.8312,0.8334,0.8225,0.824,324296.337591
1775368800000,0.8239,0.8239,0.8166,0.821,286982.234478
1775372400000,0.821,0.8226,0.8172,0.8188,115213.681469
1775376000000,0.8187,0.821,0.8179,0.8209,51699.513654
1775379600000,0.8209,0.8214,0.8181,0.819,71516.277287
1775383200000,0.819,0.8223,0.8166,0.8168,112324.07684
1775386800000,0.8166,0.8227,0.8139,0.8226,88769.39037
1775390400000,0.8225,0.8243,0.816,0.8188,130973.005438
1775394000000,0.8184,0.8216,0.8125,0.8216,107782.937438
1775397600000,0.8215,0.8246,0.8196,0.8225,54781.726498
1775401200000,0.8221,0.8312,0.8195,0.8247,142674.627193
1775404800000,0.8244,0.8265,0.8193,0.8193,45911.605448
1775408400000,0.8195,0.8227,0.8183,0.8216,81965.219068
1775412000000,0.8215,0.8239,0.8201,0.8221,85144.306552
1775415600000,0.8222,0.8257,0.8192,0.8224,62965.087525
1775419200000,0.8225,0.8261,0.8225,0.8241,67545.025675
1775422800000,0.8244,0.8272,0.8199,0.8241,104574.189323
1775426400000,0.8244,0.8388,0.8212,0.8379,194769.855924
1775430000000,0.8385,0.855,0.8375,0.8441,861586.477043
1775433600000,0.844,0.8527,0.841,0.8455,231091.189723
1775437200000,0.8448,0.8461,0.8403,0.8411,211690.157552
1775440800000,0.8413,0.8579,0.8413,0.8571,376365.581364
1775444400000,0.8573,0.8593,0.8489,0.8506,287622.536246
1775448000000,0.8508,0.855,0.8474,0.8532,86143.413955
1775451600000,0.8531,0.8554,0.8523,0.8532,73375.418194
1775455200000,0.8532,0.856,0.8468,0.8534,268076.768255
1775458800000,0.8531,0.8549,0.8493,0.8528,145100.99432
1775462400000,0.8533,0.8636,0.8533,0.8618,267975.577152
1775466000000,0.8617,0.8782,0.8612,0.8746,728802.565429
1775469600000,0.8746,0.8895,0.8746,0.8817,1083419.664148
1775473200000,0.8816,0.8989,0.8816,0.8949,513706.90847
1775476800000,0.8946,0.9078,0.8936,0.9031,970770.486575
1775480400000,0.903,0.9033,0.8867,0.8895,561866.013572
1775484000000,0.8894,0.8921,0.8754,0.8837,615813.489625
1775487600000,0.8836,0.8877,0.8798,0.8875,214848.775786
1775491200000,0.8876,0.8876,0.8781,0.8797,223398.899085
1775494800000,0.8796,0.8827,0.872,0.879,297983.374335
1775498400000,0.8789,0.8812,0.8752,0.8771,80686.822966
1775502000000,0.877,0.8794,0.8737,0.8771,121715.502352
1775505600000,0.8771,0.8832,0.8755,0.8805,64842.38592
1775509200000,0.8803,0.8803,0.8711,0.8731,139295.966544
1775512800000,0.8731,0.8731,0.856,0.856,324042.55594
1775516400000,0.856,0.8587,0.8501,0.8587,399722.985728
1775520000000,0.8584,0.8619,0.8541,0.8559,211696.513008
1775523600000,0.8558,0.8573,0.8523,0.8527,151743.014817
1775527200000,0.8532,0.8568,0.8516,0.8546,196153.940373
1775530800000,0.855,0.8593,0.8549,0.8574,153649.845856
1775534400000,0.8571,0.8639,0.8555,0.8624,97352.382038
1775538000000,0.8622,0.8636,0.8579,0.8618,101415.517294
1775541600000,0.8616,0.8622,0.8526,0.8556,175403.522952
1775545200000,0.8555,0.8618,0.8527,0.8604,99443.780682
1775548800000,0.8604,0.8645,0.8589,0.86,194587.107522
1775552400000,0.8599,0.8746,0.8599,0.8721,324102.329804
1775556000000,0.8723,0.8756,0.8604,0.862,370600.411452
1775559600000,0.8623,0.8689,0.86,0.8643,174010.961443
1775563200000,0.8638,0.8661,0.852,0.8613,430115.458538
1775566800000,0.8613,0.8675,0.855,0.8586,295493.837707
1775570400000,0.8584,0.8611,0.8526,0.8532,185844.859182
1775574000000,0.8532,0.8533,0.8422,0.8504,645134.292639
1775577600000,0.8506,0.8545,0.8493,0.8527,149428.897635
1775581200000,0.8528,0.8621,0.8477,0.8596,221545.607885
1775584800000,0.8596,0.8627,0.8571,0.8603,161699.098463
1775588400000,0.8602,0.8714,0.8578,0.8699,187816.455816
1775592000000,0.8699,0.8765,0.8691,0.8729,201859.902348
1775595600000,0.8732,0.8993,0.8719,0.8957,395492.619271
1775599200000,0.8957,0.9228,0.8938,0.9225,806471.938659
1775602800000,0.9229,0.929,0.9151,0.916,771768.275964
1775606400000,0.9159,0.9224,0.9055,0.9074,630891.165406
1775610000000,0.9073,0.909,0.9013,0.909,256507.14172
1775613600000,0.909,0.9106,0.8963,0.8987,288068.206865
1775617200000,0.8985,0.9033,0.8976,0.9003,312270.164326
1775620800000,0.9004,0.9089,0.9004,0.906,310466.532871
1775624400000,0.9057,0.9119,0.9051,0.9074,208355.103293
1775628000000,0.9076,0.9136,0.9058,0.9101,216191.520235
1775631600000,0.9099,0.9161,0.9093,0.9155,125863.127074
1775635200000,0.9155,0.9161,0.9062,0.9073,253541.072726
1775638800000,0.9073,0.9077,0.9028,0.9048,340574.939055
1775642400000,0.9048,0.9107,0.9048,0.907,132348.406297
1775646000000,0.9061,0.9109,0.9014,0.9072,218016.609987
1775649600000,0.9076,0.9114,0.9059,0.9101,272138.969949
1775653200000,0.9101,0.9164,0.9094,0.91,302374.411038
1775656800000,0.9108,0.9114,0.891,0.8947,537372.227091
1775660400000,0.8948,0.9037,0.892,0.9031,211267.797662
1775664000000,0.9031,0.9082,0.8998,0.9073,133891.335667
1775667600000,0.9066,0.9129,0.9005,0.9026,106369.167058
1775671200000,0.9032,0.9046,0.8919,0.893,139345.082413
1775674800000,0.8924,0.8946,0.8893,0.8946,114389.843514
1775678400000,0.8954,0.8975,0.8907,0.8923,55256.266645
1775682000000,0.8925,0.9,0.8873,0.8994,117387.836515
1775685600000,0.8995,0.9,0.8896,0.8896,45394.908874
1775689200000,0.8895,0.8905,0.882,0.8837,133440.647474
1775692800000,0.8835,0.8837,0.8766,0.8812,204132.718644
1775696400000,0.8808,0.8814,0.8744,0.8796,156733.585462
1775700000000,0.8797,0.8829,0.8782,0.8811,97903.898279
1775703600000,0.8811,0.8811,0.8761,0.8773,105324.411499
1775707200000,0.877,0.8805,0.8752,0.8768,61344.332875
1775710800000,0.8769,0.8838,0.8759,0.881,146912.80306
1775714400000,0.8817,0.8821,0.8771,0.8818,37265.894732
1775718000000,0.882,0.884,0.8788,0.8796,43976.860179
1775721600000,0.8792,0.8829,0.8761,0.8786,218881.803149
1775725200000,0.879,0.8862,0.8764,0.8827,101436.65864
1775728800000,0.8825,0.8836,0.8794,0.8813,113337.441993
1775732400000,0.8813,0.8813,0.8766,0.8773,157501.164346
1775736000000,0.8766,0.8833,0.8766,0.8808,86039.436205
1775739600000,0.8808,0.8812,0.8761,0.8789,108507.260634
1775743200000,0.8796,0.8842,0.8718,0.8824,163192.125849
1775746800000,0.8827,0.9037,0.8786,0.8982,459887.546078
1775750400000,0.8984,0.9045,0.8943,0.8988,238517.752535
1775754000000,0.8991,0.9039,0.8967,0.9001,251623.213418
1775757600000,0.9003,0.9015,0.8923,0.9014,152862.29092
1775761200000,0.901,0.9116,0.9007,0.9083,205161.133409
1775764800000,0.9087,0.9139,0.9078,0.9111,65779.00811
1775768400000,0.9109,0.9135,0.906,0.9089,145535.441106
1775772000000,0.909,0.9263,0.9088,0.9126,255051.505963
1775775600000,0.9125,0.9133,0.9023,0.9048,224907.11435
1775779200000,0.9052,0.9072,0.8985,0.9035,116967.553401
1775782800000,0.9036,0.9062,0.8943,0.8993,115883.812457
1775786400000,0.8994,0.9077,0.8994,0.9023,131574.240269
1775790000000,0.9023,0.9039,0.8984,0.8997,113069.529449
1775793600000,0.8998,0.916,0.8998,0.9123,127033.407058
1775797200000,0.9127,0.9127,0.9053,0.9109,106011.867099
1775800800000,0.911,0.914,0.8978,0.8998,210097.799652
1775804400000,0.9,0.9023,0.8967,0.8973,204972.972481
1775808000000,0.8977,0.9045,0.8954,0.9018,106812.370482
1775811600000,0.9017,0.9116,0.9017,0.9049,135747.551265
1775815200000,0.9051,0.9067,0.9032,0.9038,170797.128688
1775818800000,0.9038,0.9075,0.9001,0.9003,230528.02103
1775822400000,0.9004,0.9084,0.8991,0.9023,157022.832633
1775826000000,0.9018,0.9054,0.8969,0.9021,141442.522728
1775829600000,0.902,0.9133,0.8998,0.9112,189880.946261
1775833200000,0.9122,0.9153,0.907,0.9111,159911.817335
1775836800000,0.9114,0.9177,0.9102,0.9102,154964.922492
1775840400000,0.9104,0.9118,0.9054,0.9104,177249.122213
1775844000000,0.9103,0.9158,0.9093,0.9138,135545.756233
1775847600000,0.9138,0.9174,0.9132,0.9165,122370.538718
1775851200000,0.9165,0.9187,0.912,0.9161,108220.959018
1775854800000,0.9162,0.917,0.9125,0.917,128209.178175
1775858400000,0.9171,0.9183,0.9132,0.9147,155596.077671
1775862000000,0.9148,0.9155,0.912,0.9152,81875.362384
1775865600000,0.9153,0.916,0.9054,0.9058,160005.617792
1775869200000,0.9057,0.9068,0.8976,0.9026,254720.47762
1775872800000,0.9028,0.9054,0.9013,0.9022,118760.508275
1775876400000,0.9024,0.9071,0.9012,0.9016,89480.040414
1775880000000,0.9013,0.903,0.8981,0.8992,79789.049746
1775883600000,0.8995,0.9025,0.8933,0.8976,165697.41122
1775887200000,0.8978,0.8998,0.8935,0.8991,77962.519008
1775890800000,0.8992,0.9005,0.8982,0.8998,47120.354734
1775894400000,0.8997,0.902,0.8956,0.897,95444.808579
1775898000000,0.8968,0.9008,0.8949,0.8985,116447.99637
1775901600000,0.8984,0.8991,0.8934,0.8949,85289.785891
1775905200000,0.8946,0.8973,0.8939,0.8962,151121.986756
1775908800000,0.8962,0.8972,0.8935,0.8951,60167.471001
1775912400000,0.895,0.895,0.8863,0.8907,277894.197855
1775916000000,0.8907,0.8948,0.889,0.89,111426.785792
1775919600000,0.8902,0.8978,0.8902,0.8972,112192.83074
1775923200000,0.8976,0.9104,0.8976,0.9075,329883.449697
1775926800000,0.9075,0.9121,0.9041,0.9051,175886.779593
1775930400000,0.9052,0.9211,0.9004,0.9165,331493.265022
1775934000000,0.9166,0.9236,0.9142,0.9206,173992.852898
1775937600000,0.9207,0.9217,0.9119,0.9162,214963.425829
1775941200000,0.9159,0.918,0.9121,0.9137,157503.478762
1775944800000,0.9136,0.9183,0.903,0.9052,269618.618643
1775948400000,0.9052,0.9068,0.899,0.9005,274226.339803
1775952000000,0.9006,0.9007,0.8946,0.896,207651.283355
1775955600000,0.896,0.8999,0.8601,0.8672,1861160.527857
1775959200000,0.8671,0.8718,0.863,0.8681,329548.057104
1775962800000,0.8682,0.8714,0.8642,0.8656,207700.920129
1775966400000,0.8654,0.8675,0.8621,0.8633,142900.11016
1775970000000,0.8634,0.8668,0.8601,0.8662,210330.511273
1775973600000,0.866,0.8684,0.8652,0.866,175594.165649
1775977200000,0.8659,0.8678,0.8636,0.8654,103481.745255
1775980800000,0.8652,0.8679,0.863,0.8651,113427.906111
1775984400000,0.8656,0.866,0.8617,0.8622,121178.141139
1775988000000,0.8622,0.8641,0.8573,0.8603,195084.236332
1775991600000,0.86,0.8656,0.8571,0.8649,162186.211336
1775995200000,0.8647,0.8736,0.8633,0.8641,238959.015956
1775998800000,0.8645,0.8686,0.8611,0.8619,152893.464602
1776002400000,0.8621,0.8658,0.861,0.8622,159228.213162
1776006000000,0.8625,0.863,0.8573,0.8607,134225.304519
1776009600000,0.8607,0.866,0.859,0.8658,232520.557123
1776013200000,0.8661,0.8792,0.8661,0.8785,270988.662743
1776016800000,0.8792,0.8795,0.8724,0.8731,144003.751871
1776020400000,0.8731,0.8776,0.8723,0.8735,87354.884991
1776024000000,0.8735,0.8781,0.8664,0.8755,221488.122559
1776027600000,0.8755,0.8767,0.8666,0.8687,122600.652433
1776031200000,0.8678,0.8687,0.8575,0.8612,174146.401535
1776034800000,0.8612,0.8612,0.8536,0.8578,256954.945031
1776038400000,0.8576,0.8637,0.8573,0.862,210772.444631
1776042000000,0.8622,0.8664,0.862,0.8656,97630.588241
1776045600000,0.8655,0.8663,0.8598,0.8635,86961.00906
1776049200000,0.8636,0.865,0.8612,0.8641,112070.298823
1776052800000,0.8644,0.8661,0.8592,0.8611,129073.102367
1776056400000,0.861,0.8622,0.8561,0.8622,156968.704143
1776060000000,0.8622,0.8701,0.8618,0.8641,187801.960265
1776063600000,0.8645,0.8649,0.8577,0.8586,158302.642567
1776067200000,0.8584,0.8589,0.8561,0.858,114708.414737
1776070800000,0.858,0.864,0.858,0.8621,116344.353619
1776074400000,0.862,0.8648,0.8595,0.8603,72007.927189
1776078000000,0.8608,0.8628,0.86,0.8623,90059.772606
1776081600000,0.8621,0.8675,0.8567,0.864,227782.322605
1776085200000,0.864,0.8723,0.8608,0.871,334862.05834
1776088800000,0.8709,0.8769,0.8651,0.8769,257377.48904
1776092400000,0.8769,0.8772,0.8645,0.8696,215890.108572
1776096000000,0.8696,0.8769,0.865,0.8751,139426.949481
1776099600000,0.875,0.8832,0.8716,0.8753,173962.46871
1776103200000,0.8758,0.8776,0.87,0.8776,75918.732146
1776106800000,0.8776,0.9069,0.8766,0.9031,638154.254727
1776110400000,0.9031,0.904,0.8929,0.8931,273200.82443
1776114000000,0.8932,0.9099,0.8911,0.9083,297814.586309
1776117600000,0.9084,0.9283,0.9059,0.9219,979942.245207
1776121200000,0.922,0.9281,0.9163,0.9188,589920.230176
1776124800000,0.9187,0.9199,0.9064,0.907,304970.669873
1776128400000,0.9063,0.9104,0.9041,0.9085,130564.309195
1776132000000,0.9083,0.9094,0.9028,0.9033,162920.20707
1776135600000,0.9032,0.9055,0.9008,0.9027,102572.296387
1776139200000,0.9029,0.9055,0.9008,0.9032,99075.052664
1776142800000,0.9034,0.9039,0.8949,0.896,129349.239533
1776146400000,0.8961,0.9021,0.8959,0.9004,133108.263846
1776150000000,0.9003,0.9032,0.8969,0.8975,87476.166752
1776153600000,0.8975,0.905,0.8975,0.903,228744.116649
1776157200000,0.903,0.9056,0.9008,0.9052,121999.322223
1776160800000,0.9051,0.9051,0.9007,0.9018,75725.968189
1776164400000,0.9011,0.9036,0.8976,0.9006,157279.65584
1776168000000,0.9007,0.9048,0.9003,0.9047,88757.116477
1776171600000,0.9047,0.9084,0.9012,0.9078,226171.306734
1776175200000,0.908,0.9143,0.9032,0.9069,293779.130458
1776178800000,0.9069,0.9087,0.8975,0.9021,246346.125288
1776182400000,0.902,0.9089,0.8989,0.9013,161701.665174
1776186000000,0.9015,0.9022,0.8902,0.8956,184383.415921
1776189600000,0.8957,0.8979,0.8772,0.8808,312769.361294
1776193200000,0.8807,0.8878,0.8795,0.8864,105219.474748
1776196800000,0.8871,0.8892,0.8832,0.8838,53621.874356
1776200400000,0.8843,0.8918,0.8843,0.89,149902.210665
1776204000000,0.8892,0.8909,0.8837,0.8855,180442.113054
1776207600000,0.8854,0.8856,0.8792,0.8838,191482.550853
1776211200000,0.8838,0.8928,0.8838,0.8874,248396.080763
1776214800000,0.8873,0.8981,0.8858,0.8964,193727.696624
1776218400000,0.8966,0.8989,0.8905,0.8919,129121.394117
1776222000000,0.892,0.8968,0.8912,0.8948,85775.721122
1776225600000,0.8949,0.9045,0.8949,0.9039,230976.196125
1776229200000,0.9043,0.9075,0.8944,0.8966,134781.590204
1776232800000,0.8967,0.9007,0.8935,0.8971,105312.973606
1776236400000,0.8972,0.898,0.8909,0.8924,111153.829446
1776240000000,0.8925,0.8997,0.8922,0.8956,106180.71343
1776243600000,0.8958,0.8988,0.8911,0.893,128189.909251
1776247200000,0.8924,0.9038,0.8923,0.8974,487096.424613
1776250800000,0.8975,0.9124,0.8975,0.9084,226359.8945
1776254400000,0.908,0.908,0.904,0.9073,108227.910317
1776258000000,0.9074,0.912,0.9034,0.9054,290961.22782
1776261600000,0.9051,0.9168,0.9035,0.9135,200422.052226
1776265200000,0.9139,0.9146,0.9003,0.9032,212337.382205
1776268800000,0.9031,0.9152,0.9028,0.9127,283979.164662
1776272400000,0.9135,0.9186,0.9099,0.9129,184176.955962
1776276000000,0.9125,0.9154,0.909,0.9137,69970.968629
1776279600000,0.9129,0.923,0.9115,0.9187,124169.906944
1776283200000,0.9188,0.9197,0.9137,0.9168,60856.968004
1776286800000,0.9165,0.9189,0.91,0.9184,55269.273289
1776290400000,0.9186,0.9224,0.9128,0.913,151338.922947
1776294000000,0.913,0.917,0.9076,0.917,219584.509867
1776297600000,0.9171,0.918,0.9108,0.9141,136561.096056
1776301200000,0.9147,0.916,0.9085,0.9159,122142.803518
1776304800000,0.916,0.9344,0.916,0.93,436847.351791
1776308400000,0.9303,0.9498,0.9303,0.9436,752919.351102
1776312000000,0.944,0.974,0.9432,0.9658,986631.17842
1776315600000,0.9658,0.986,0.9579,0.9777,776359.004386
1776319200000,0.9778,0.9786,0.9611,0.9731,384325.471309
1776322800000,0.9732,0.9927,0.9688,0.983,1229729.963406
1776326400000,0.9827,0.9868,0.9709,0.9722,439508.003377
1776330000000,0.9715,0.9741,0.9642,0.9645,303629.376983
1776333600000,0.964,0.9751,0.9609,0.9657,189397.35334
1776337200000,0.9659,0.9894,0.9646,0.9888,293108.72878
1776340800000,0.9887,0.998,0.9814,0.984,693235.449401
1776344400000,0.9838,1.0055,0.9766,0.9895,1507260.470181
1776348000000,0.9894,0.9894,0.9683,0.98,730824.777377
1776351600000,0.98,1.0147,0.9776,1.0145,778283.259734
1776355200000,1.0146,1.0216,0.9914,0.9977,804014.042147
1776358800000,0.9976,1.0038,0.9914,0.9994,190419.737043
1776362400000,0.9998,1.0011,0.9881,0.9977,274272.045737
1776366000000,0.998,1.0104,0.995,1.0063,384399.045586
1776369600000,1.006,1.0076,0.9937,0.995,128885.020823
1776373200000,0.9952,0.9983,0.9828,0.9969,315255.29556
1776376800000,0.997,1.0028,0.9935,0.9975,258548.389053
1776380400000,0.9973,1.0062,0.9958,0.9987,533983.457341
1776384000000,0.9984,0.9999,0.9898,0.9988,389281.698263
1776387600000,0.9985,1.0026,0.9807,0.9883,533384.678162
1776391200000,0.9877,0.9913,0.9782,0.9821,477532.339534
1776394800000,0.9821,0.9834,0.9785,0.9808,217249.668248
1776398400000,0.981,0.9843,0.9748,0.9789,177688.409677
1776402000000,0.9786,0.9786,0.9707,0.9745,145979.129889
1776405600000,0.9746,0.9874,0.9718,0.9844,176295.252061
1776409200000,0.9846,1.01,0.9821,1.007,1698202.809445
1776412800000,1.0075,1.0097,0.9894,0.9907,321636.385971
1776416400000,0.9905,0.9959,0.9839,0.9925,367419.707686
1776420000000,0.9926,0.9949,0.9818,0.9904,183801.912327
1776423600000,0.9904,1.0021,0.9892,0.9987,224423.791672
1776427200000,0.9987,1.0019,0.9877,0.9994,254772.11445
1776430800000,0.9995,1.017,0.994,1.0135,809349.717743
1776434400000,1.0135,1.0143,1.0007,1.0042,480679.792705
1776438000000,1.0045,1.0045,0.9923,0.9995,421055.116311
1776441600000,0.9996,1.012,0.9983,1.0063,455551.989518
1776445200000,1.0065,1.0065,0.995,0.9977,407393.300544
1776448800000,0.9978,1.0011,0.9876,0.9989,278214.825883
1776452400000,0.999,1.0097,0.9981,1.003,263045.125612
1776456000000,1.0027,1.0063,0.9964,1.0011,305361.796249
1776459600000,1.0011,1.0057,0.9956,0.9961,264799.984342
1776463200000,0.9963,1.0014,0.9934,0.9977,133419.07598
1776466800000,0.9966,0.9967,0.9806,0.9833,322379.632274
1776470400000,0.9832,0.9867,0.9746,0.9806,819533.438612
1776474000000,0.9807,0.9856,0.9763,0.978,277718.792209
1776477600000,0.9782,0.9821,0.9755,0.9807,187634.429077
1776481200000,0.9801,0.9824,0.9753,0.9792,308004.55167
1776484800000,0.9792,0.9819,0.9757,0.9792,393526.821824
1776488400000,0.9792,0.9877,0.979,0.9876,154268.988929
1776492000000,0.9874,0.993,0.9825,0.9909,128624.093059
1776495600000,0.9905,0.9943,0.9877,0.9893,168947.764256
1776499200000,0.9894,0.9909,0.968,0.975,387139.331531
1776502800000,0.9749,0.9767,0.9647,0.9708,343041.158324
1776506400000,0.9706,0.9709,0.9573,0.9593,468500.991281
1776510000000,0.9599,0.9599,0.945,0.9519,455923.827995
1776513600000,0.9515,0.9589,0.9514,0.9587,210854.963782
1776517200000,0.9586,0.9599,0.95,0.958,235766.418634
1776520800000,0.958,0.9607,0.9536,0.9577,252784.634632
1776524400000,0.9578,0.9608,0.9555,0.9571,123115.797014
1776528000000,0.9571,0.9605,0.9501,0.9538,238213.684843
1776531600000,0.9538,0.9575,0.9487,0.9537,160949.617986
1776535200000,0.9538,0.955,0.9418,0.9434,188102.464643
1776538800000,0.9433,0.9489,0.9431,0.9458,49769.793236
1776542400000,0.9457,0.9505,0.9414,0.9488,83705.054616
1776546000000,0.949,0.9512,0.9473,0.9506,57236.334332
1776549600000,0.9505,0.9509,0.9464,0.9482,52276.132489
1776553200000,0.9483,0.9508,0.9388,0.9422,160539.339968
1776556800000,0.9427,0.9432,0.9283,0.9359,399646.819468
1776560400000,0.936,0.94,0.9304,0.933,160106.572135
1776564000000,0.9332,0.9339,0.9255,0.9301,168098.503642
1776567600000,0.9304,0.9353,0.9272,0.9298,104994.89832
1776571200000,0.9299,0.9357,0.922,0.9271,1254077.356575
1776574800000,0.9268,0.9308,0.9242,0.9242,169139.780633
1776578400000,0.9242,0.9286,0.92,0.9273,242625.578017
1776582000000,0.9273,0.9273,0.913,0.9202,422017.433879
1776585600000,0.9201,0.9281,0.9191,0.9226,188622.019225
1776589200000,0.9224,0.9246,0.918,0.9207,276603.457562
1776592800000,0.9206,0.9218,0.9167,0.9192,121186.860576
1776596400000,0.9191,0.9283,0.9191,0.9263,138628.080934
1776600000000,0.9262,0.9328,0.9255,0.9298,184401.836601
1776603600000,0.9294,0.9404,0.929,0.9326,268811.830911
1776607200000,0.9328,0.9414,0.9282,0.9383,225570.838643
1776610800000,0.9383,0.9388,0.9223,0.9324,116780.867302
1776614400000,0.9327,0.9333,0.9247,0.9277,198213.561505
1776618000000,0.9277,0.928,0.9162,0.9164,269821.007794
1776621600000,0.9165,0.9179,0.911,0.9154,189894.74506
1776625200000,0.9156,0.9249,0.9156,0.9224,82508.933148
1776628800000,0.9223,0.9226,0.917,0.9191,57373.610653
1776632400000,0.9187,0.9244,0.9175,0.9196,46272.499525
1776636000000,0.9193,0.9194,0.8998,0.9058,591631.707652
1776639600000,0.9053,0.9074,0.9009,0.9072,158109.696323
1776643200000,0.9077,0.9171,0.9067,0.9158,183355.704478
1776646800000,0.9157,0.9189,0.9133,0.9161,108740.584984
1776650400000,0.916,0.9209,0.9123,0.9196,112888.75708
1776654000000,0.9195,0.9252,0.917,0.9238,98730.717103
1776657600000,0.9239,0.9243,0.9186,0.9204,86351.143738
1776661200000,0.9202,0.9202,0.9072,0.9114,193287.27216
1776664800000,0.9112,0.9223,0.9111,0.9188,78910.702969
1776668400000,0.9189,0.933,0.9184,0.9222,294843.015025
1776672000000,0.9221,0.9225,0.9163,0.918,128328.964534
1776675600000,0.9176,0.9269,0.916,0.9219,144350.519068
1776679200000,0.922,0.93,0.9219,0.9239,114031.351676
1776682800000,0.9242,0.9259,0.9215,0.9222,117202.346242
1776686400000,0.9222,0.9291,0.9205,0.927,137241.083667
1776690000000,0.9271,0.931,0.921,0.9284,148710.090586
1776693600000,0.9287,0.9322,0.9184,0.9212,272724.83338
1776697200000,0.9216,0.927,0.9154,0.9228,235338.082039
1776700800000,0.923,0.9232,0.9181,0.9194,186278.941889
1776704400000,0.9196,0.9285,0.9193,0.9266,293577.486036
1776708000000,0.9265,0.9355,0.9265,0.9333,264949.597603
1776711600000,0.9333,0.934,0.9261,0.9275,66865.976111
1776715200000,0.9272,0.9309,0.9244,0.9284,98012.873285
1776718800000,0.9284,0.9315,0.9244,0.9287,148635.36163
1776722400000,0.9288,0.9304,0.9247,0.9256,103444.258871
1776726000000,0.9256,0.9256,0.9201,0.9222,98278.95599
1776729600000,0.9221,0.9284,0.9221,0.9276,85114.06984
1776733200000,0.9277,0.9306,0.9246,0.9252,159111.666837
1776736800000,0.9247,0.9249,0.9207,0.9207,137960.739002
1776740400000,0.9206,0.9225,0.9165,0.9218,91023.251603
1776744000000,0.9213,0.9259,0.9195,0.9254,69441.788721
1776747600000,0.9251,0.9283,0.9241,0.926,87218.449271
1776751200000,0.9263,0.9293,0.9226,0.9237,83474.491421
1776754800000,0.9232,0.9267,0.921,0.9245,39050.443299
1776758400000,0.9242,0.9297,0.9217,0.9256,196717.895586
1776762000000,0.9252,0.9316,0.9235,0.9302,60933.621747
1776765600000,0.9304,0.9341,0.9287,0.9321,68240.057802
1776769200000,0.932,0.9373,0.927,0.933,97411.342808
1776772800000,0.9327,0.933,0.9223,0.9265,119188.646857
1776776400000,0.9265,0.9266,0.9218,0.9257,111081.822923
1776780000000,0.9258,0.937,0.9234,0.928,148696.469629
1776783600000,0.9279,0.9337,0.9255,0.9287,80768.255767
1776787200000,0.9288,0.9327,0.9232,0.9243,68920.261259
1776790800000,0.9243,0.9251,0.9113,0.9181,356836.896117
1776794400000,0.918,0.919,0.9127,0.9182,138511.682351
1776798000000,0.9185,0.9243,0.9068,0.9099,246285.091475
1776801600000,0.9099,0.9254,0.9097,0.9194,273452.388776
1776805200000,0.919,0.9208,0.9159,0.9188,105173.413472
1776808800000,0.9187,0.9199,0.9151,0.9184,82109.010916
1776812400000,0.9184,0.9283,0.9184,0.9266,121562.075357
1776816000000,0.9273,0.9323,0.9258,0.9304,202594.69728
1776819600000,0.93,0.9306,0.9247,0.9252,69562.653581
1776823200000,0.9252,0.9431,0.9237,0.9425,289939.389367
1776826800000,0.9425,0.9455,0.939,0.942,191936.68655
1776830400000,0.9421,0.9523,0.9415,0.9502,216603.628854
1776834000000,0.9508,0.9635,0.9479,0.9541,426565.244673
1776837600000,0.9542,0.9546,0.9475,0.9512,195305.74397
1776841200000,0.9501,0.9507,0.9471,0.9487,92371.262247
1776844800000,0.9489,0.9558,0.9478,0.9536,97563.972658
1776848400000,0.9535,0.957,0.9512,0.9526,63285.540413
1776852000000,0.9525,0.9558,0.9487,0.9558,60621.007858
1776855600000,0.9558,0.9583,0.9512,0.9541,113142.540181
1776859200000,0.9544,0.9557,0.9475,0.95,117231.379015
1776862800000,0.9496,0.954,0.9462,0.9492,158092.920266
1776866400000,0.9493,0.9569,0.9477,0.9551,267171.975028
1776870000000,0.9552,0.9599,0.9516,0.9537,111505.581146
1776873600000,0.9538,0.955,0.9505,0.9507,154205.782901
1776877200000,0.9507,0.9547,0.9471,0.9518,115204.379275
1776880800000,0.9518,0.9548,0.9484,0.9484,46243.474083
1776884400000,0.9482,0.9482,0.9381,0.9443,165111.998941
1776888000000,0.9443,0.9448,0.9359,0.9371,63467.740135
1776891600000,0.9375,0.9444,0.9375,0.9427,73492.223527
1776895200000,0.9427,0.9438,0.9352,0.9361,69714.057679
1776898800000,0.9361,0.9371,0.9262,0.9276,184508.298068
1776902400000,0.9277,0.932,0.915,0.9294,754810.489884
1776906000000,0.9295,0.9306,0.9227,0.9268,332761.927006
1776909600000,0.9272,0.9272,0.9165,0.919,172604.827906
1776913200000,0.919,0.922,0.9127,0.9172,153522.638558
1776916800000,0.9166,0.9198,0.9153,0.9193,129968.130873
1776920400000,0.9194,0.9267,0.9193,0.9238,329023.289235
1776924000000,0.9239,0.9274,0.9228,0.9246,152800.608195
1776927600000,0.9246,0.9251,0.9194,0.9208,106076.589622
1776931200000,0.9212,0.923,0.9172,0.9209,101199.796311
1776934800000,0.9209,0.9209,0.915,0.9184,107001.399842
1776938400000,0.9179,0.9189,0.9123,0.9156,124691.471795
1776942000000,0.9158,0.9247,0.9156,0.9232,185023.308832
1776945600000,0.923,0.9257,0.9209,0.923,107912.451376
1776949200000,0.923,0.9249,0.9208,0.9224,129682.476702
1776952800000,0.9225,0.9292,0.9208,0.9286,142514.599489
1776956400000,0.9288,0.9356,0.9271,0.9339,180427.898699
1776960000000,0.9344,0.9357,0.9266,0.9275,121771.18919
1776963600000,0.9286,0.9292,0.9044,0.9135,399677.023796
1776967200000,0.9135,0.919,0.9133,0.9137,59602.079576
1776970800000,0.9137,0.9207,0.9122,0.9186,76253.419668
1776974400000,0.9187,0.9284,0.9184,0.9234,82452.229532
1776978000000,0.9232,0.9315,0.9232,0.9287,68110.138704
1776981600000,0.9282,0.9335,0.9282,0.9296,85179.384312
1776985200000,0.9295,0.9314,0.9277,0.9297,169295.334571
1776988800000,0.9299,0.9343,0.9297,0.9331,99742.036734
1776992400000,0.9332,0.9364,0.9294,0.9359,129640.849638
1776996000000,0.9357,0.9363,0.9275,0.93,235738.591806
1776999600000,0.9298,0.93,0.9209,0.9254,110549.429485
1777003200000,0.9255,0.9258,0.9225,0.9239,81363.000326
1777006800000,0.9239,0.9325,0.9225,0.9305,80336.994891
1777010400000,0.9306,0.9343,0.929,0.9304,148392.967868
1777014000000,0.9302,0.9337,0.9297,0.9333,88265.865979
1777017600000,0.9334,0.9379,0.9322,0.9346,100084.908338
1777021200000,0.9347,0.9355,0.929,0.9305,103719.610002
1777024800000,0.9309,0.9398,0.9287,0.9373,173994.88331
1777028400000,0.9371,0.9438,0.9368,0.9412,119301.903983
1777032000000,0.9411,0.9436,0.9373,0.9383,122026.92175
1777035600000,0.9384,0.9426,0.9358,0.9385,91483.050145
1777039200000,0.938,0.943,0.9358,0.94,111832.140787
1777042800000,0.9402,0.9477,0.9329,0.9462,261137.830273
1777046400000,0.9463,0.9487,0.9401,0.9442,150853.509699
1777050000000,0.9443,0.9472,0.9419,0.9439,78262.679795
1777053600000,0.944,0.9461,0.9408,0.9436,51481.907157
1777057200000,0.9442,0.9478,0.9411,0.9456,56487.78539
1777060800000,0.9463,0.9487,0.9413,0.9475,128363.776267
1777064400000,0.9474,0.9536,0.9429,0.9453,101465.505741
1777068000000,0.9454,0.9454,0.9368,0.9395,98158.312939
1777071600000,0.9393,0.9432,0.938,0.9405,106663.081573
1777075200000,0.9406,0.9427,0.9387,0.942,90217.127847
1777078800000,0.9421,0.9506,0.9418,0.9471,236218.267215
1777082400000,0.9474,0.9506,0.9435,0.9492,79432.84971
1777086000000,0.9494,0.9577,0.9492,0.9528,128845.55063
1777089600000,0.9529,0.9566,0.9504,0.9512,112726.876258
1777093200000,0.9506,0.9574,0.9469,0.9523,102766.460467
1777096800000,0.9523,0.9574,0.9479,0.9479,72011.874826
1777100400000,0.9477,0.9505,0.9455,0.9488,94357.460958
1777104000000,0.9481,0.9529,0.9476,0.9519,107357.401084
1777107600000,0.9514,0.9555,0.9511,0.9538,100513.279959
1777111200000,0.9538,0.9554,0.948,0.9485,112210.08043
1777114800000,0.9484,0.9484,0.941,0.9441,183785.114087
1777118400000,0.9441,0.9445,0.9376,0.9411,198973.448064
1777122000000,0.9411,0.947,0.941,0.9445,115067.94091
1777125600000,0.9445,0.9455,0.9417,0.9434,59098.564867
1777129200000,0.9433,0.9468,0.9387,0.9417,91921.550977
1777132800000,0.9416,0.9441,0.933,0.9374,158826.102281
1777136400000,0.9374,0.9381,0.9301,0.9331,136265.860778
1777140000000,0.9328,0.9361,0.9326,0.9327,22775.603419
1777143600000,0.9326,0.9333,0.9298,0.9312,48651.02214
1777147200000,0.9312,0.9343,0.9299,0.9343,18651.208256
1777150800000,0.9345,0.9366,0.9344,0.9346,64016.350155
1777154400000,0.9347,0.9392,0.9344,0.9372,37010.334591
1777158000000,0.9371,0.9388,0.9369,0.9374,27055.880286
1777161600000,0.9378,0.9378,0.9323,0.9335,37334.963627
1777165200000,0.9337,0.9356,0.932,0.9324,39012.532439
1777168800000,0.9325,0.9377,0.9325,0.9358,35772.606147
1777172400000,0.936,0.9383,0.9337,0.9376,31508.986544
1777176000000,0.9375,0.947,0.9366,0.9443,140563.340412
1777179600000,0.9441,0.9525,0.9423,0.947,186349.726597
1777183200000,0.9471,0.9567,0.9471,0.9529,153401.697966
1777186800000,0.9533,0.9568,0.9498,0.9535,209148.103247
1777190400000,0.9531,0.9532,0.9489,0.9502,97465.522519
1777194000000,0.9501,0.9516,0.9483,0.9512,50540.575023
1777197600000,0.9509,0.952,0.9491,0.9501,41883.42369
1777201200000,0.95,0.9564,0.9481,0.9554,81842.993037
1777204800000,0.9553,0.9556,0.9448,0.947,116795.967235
1777208400000,0.947,0.948,0.9374,0.9393,125221.706574
1777212000000,0.9392,0.9465,0.9382,0.9434,87723.374676
1777215600000,0.9433,0.9481,0.9425,0.9474,102407.041631
1777219200000,0.9472,0.9474,0.9415,0.9423,55303.158877
1777222800000,0.9422,0.9451,0.9388,0.9435,38512.699607
1777226400000,0.9435,0.9473,0.9419,0.9456,75873.220998
1777230000000,0.9454,0.9501,0.9448,0.946,34403.426754
1777233600000,0.9461,0.9483,0.9434,0.9438,38911.240727
1777237200000,0.9439,0.9468,0.9376,0.9453,73095.567201
1777240800000,0.945,0.9502,0.94,0.9429,51285.356508
1777244400000,0.9426,0.9471,0.9407,0.9429,89420.462362
1777248000000,0.943,0.952,0.9407,0.9513,89938.588655
1777251600000,0.9518,0.9579,0.948,0.957,136802.44936
1777255200000,0.9576,0.9579,0.9501,0.9542,59176.315333
1777258800000,0.954,0.957,0.9529,0.9529,90394.33465
1777262400000,0.9531,0.954,0.9502,0.9517,136254.764355
1777266000000,0.9519,0.9523,0.9252,0.9305,702919.043488
1777269600000,0.9304,0.9326,0.9202,0.9248,262641.070503
1777273200000,0.9247,0.9264,0.9213,0.9217,131112.14638
1777276800000,0.9215,0.9246,0.9192,0.9225,172462.451541
1777280400000,0.9226,0.927,0.9226,0.9253,108982.038172
1777284000000,0.9253,0.9275,0.9249,0.9252,65459.805479
1777287600000,0.9252,0.9268,0.9227,0.9247,141318.058239
1777291200000,0.9249,0.9254,0.9228,0.9245,52901.773309
1777294800000,0.9246,0.926,0.9164,0.9194,85454.618345
1777298400000,0.9191,0.9295,0.9187,0.924,156329.324175
1777302000000,0.9244,0.9245,0.8994,0.9063,642332.230112
1777305600000,0.9061,0.911,0.9037,0.9094,204580.363107
1777309200000,0.9095,0.9121,0.907,0.9085,110293.028346
1777312800000,0.9082,0.9122,0.9077,0.9113,48532.642413
1777316400000,0.9112,0.9124,0.906,0.9101,36747.618992
1777320000000,0.9102,0.9136,0.9102,0.9122,52021.752706
1777323600000,0.9121,0.9123,0.9096,0.9104,48529.497358
1777327200000,0.9103,0.9164,0.91,0.9163,91096.58909
1777330800000,0.916,0.9233,0.9151,0.9224,85904.311614
1777334400000,0.9223,0.9227,0.919,0.9209,104914.430088
1777338000000,0.9208,0.922,0.9193,0.9202,42377.78848
1777341600000,0.9207,0.9225,0.9146,0.918,95700.16096
1777345200000,0.9177,0.9205,0.9157,0.92,74111.41202
1777348800000,0.9199,0.9274,0.9197,0.9257,133230.938487
1777352400000,0.9257,0.9318,0.9248,0.9251,213485.056521
1777356000000,0.9253,0.9279,0.9195,0.9213,100071.891434
1777359600000,0.9212,0.9213,0.9156,0.9207,89593.497016
1777363200000,0.9205,0.924,0.9183,0.9193,71637.615446
1777366800000,0.9196,0.9222,0.9162,0.9182,62468.472541
1777370400000,0.9182,0.9238,0.9178,0.922,37111.402695
1777374000000,0.9223,0.9226,0.9096,0.9124,122180.943083
1777377600000,0.9125,0.9156,0.9103,0.9149,291747.6104
1777381200000,0.9147,0.9179,0.9068,0.9145,156363.275365
1777384800000,0.9142,0.9151,0.9076,0.915,102031.757609
1777388400000,0.9151,0.9192,0.9146,0.9189,72417.663266
1777392000000,0.9188,0.9215,0.916,0.9167,57666.877182
1777395600000,0.9165,0.9189,0.9126,0.9156,76091.356468
1777399200000,0.9152,0.9198,0.9147,0.9197,68433.725168
1777402800000,0.9194,0.9233,0.9176,0.9223,59609.139905
1777406400000,0.9225,0.9243,0.9213,0.9216,26971.615247
1777410000000,0.9213,0.9232,0.9196,0.9205,62792.061899
1777413600000,0.9207,0.9234,0.9172,0.9179,27001.54467
1777417200000,0.9178,0.9195,0.916,0.9186,31227.301596
1777420800000,0.9185,0.9216,0.9178,0.9203,40508.502763
1777424400000,0.9202,0.9235,0.918,0.9215,78051.570145
1777428000000,0.9215,0.9274,0.9194,0.9259,75554.236548
1777431600000,0.9259,0.9386,0.9252,0.9376,275781.349721
1777435200000,0.9378,0.9495,0.9363,0.9469,501274.556013
1777438800000,0.947,0.9479,0.9407,0.9449,196866.441871
1777442400000,0.9447,0.945,0.9364,0.9385,189580.145031
1777446000000,0.9386,0.9422,0.9375,0.9395,92382.138341
1777449600000,0.9397,0.9431,0.9383,0.9407,81106.981653
1777453200000,0.9406,0.9567,0.9384,0.9543,294798.762307
1777456800000,0.9545,0.9687,0.9545,0.9668,777609.775319
1777460400000,0.9667,0.9911,0.9634,0.975,1441195.370442
1777464000000,0.9756,0.9758,0.9477,0.9576,652418.788916
1777467600000,0.9574,0.9607,0.9416,0.9513,279753.71363
1777471200000,0.9509,0.9512,0.9402,0.9414,181263.216228
1777474800000,0.941,0.9438,0.9031,0.9083,1324857.216518
1777478400000,0.9083,0.9094,0.8875,0.8962,1267997.456951
1777482000000,0.8964,0.9092,0.8964,0.909,746597.549014
1777485600000,0.9088,0.9096,0.8724,0.8922,873250.785403
1777489200000,0.8923,0.8961,0.8881,0.8938,201080.527709
1777492800000,0.8938,0.9087,0.8926,0.9059,184528.573061
1777496400000,0.9056,0.9136,0.9034,0.9109,131839.689815
1777500000000,0.9109,0.9178,0.9098,0.9158,166230.61484
1777503600000,0.9155,0.9183,0.9115,0.9155,156462.843844
1777507200000,0.9156,0.9288,0.9141,0.9272,213018.735639
1777510800000,0.9269,0.9366,0.9206,0.9327,420892.612496
1777514400000,0.9329,0.9384,0.92,0.9227,493182.413848
1777518000000,0.9228,0.9308,0.9206,0.9247,196883.266338
1777521600000,0.9246,0.9249,0.911,0.9127,300699.119947
1777525200000,0.9127,0.9181,0.9088,0.9148,127241.682899
1777528800000,0.9154,0.9204,0.9123,0.9184,83531.640489
1777532400000,0.9185,0.9262,0.9177,0.9247,59364.403657
1777536000000,0.925,0.9267,0.9234,0.9238,114565.536742
1777539600000,0.9237,0.9324,0.923,0.9291,178323.19891
1777543200000,0.9294,0.9309,0.9231,0.9248,101408.650438
1777546800000,0.9249,0.9304,0.9213,0.9271,198112.215685
1777550400000,0.9271,0.9343,0.9238,0.9241,118617.742524
1777554000000,0.9241,0.9267,0.9207,0.9226,73536.03202
1777557600000,0.922,0.9282,0.9144,0.9156,179550.809454
1777561200000,0.9159,0.9221,0.9135,0.9213,89560.168888
1777564800000,0.9213,0.9234,0.919,0.9216,69796.9817
1777568400000,0.9215,0.9257,0.9198,0.923,174302.754791
1777572000000,0.9231,0.9277,0.9218,0.9228,29807.830524
1777575600000,0.9226,0.9278,0.9219,0.9229,68641.103597
1777579200000,0.9231,0.9264,0.9213,0.9233,90371.250695
1777582800000,0.9235,0.9256,0.9205,0.9211,68774.693821
1777586400000,0.9212,0.9218,0.9171,0.9181,42793.860913
1777590000000,0.918,0.9241,0.917,0.9222,34055.585088
1777593600000,0.9221,0.9257,0.9216,0.9225,69428.044811
1777597200000,0.9224,0.9299,0.9219,0.929,230217.81768
1777600800000,0.9292,0.9299,0.9231,0.9264,59845.650446
1777604400000,0.9262,0.939,0.924,0.9318,202413.103966
1777608000000,0.9317,0.9362,0.9287,0.93,64798.274618
1777611600000,0.9301,0.9324,0.9282,0.9282,26027.51351
1777615200000,0.9284,0.9289,0.9232,0.9245,67931.205328
1777618800000,0.9246,0.927,0.9224,0.9266,47621.443403
1777622400000,0.9266,0.9278,0.9229,0.9246,104261.096506
1777626000000,0.9247,0.9248,0.9162,0.9183,198773.043856
1777629600000,0.9185,0.921,0.9125,0.921,144274.342559
1777633200000,0.9208,0.9232,0.9185,0.9196,67570.794391
1777636800000,0.9198,0.9278,0.9191,0.9241,207749.473526
1777640400000,0.9243,0.9371,0.9243,0.9342,194259.510534
1777644000000,0.9348,0.9361,0.9262,0.9303,131910.133767
1777647600000,0.9303,0.9338,0.9219,0.9309,190478.356928
1777651200000,0.9309,0.9352,0.9276,0.9329,221434.054882
1777654800000,0.9327,0.936,0.9264,0.9297,189646.161984
1777658400000,0.9297,0.9309,0.9257,0.9294,46931.076118
1777662000000,0.9295,0.9316,0.925,0.9259,89345.555024
1777665600000,0.926,0.9274,0.9163,0.9184,142722.641768
1777669200000,0.9186,0.9235,0.9174,0.922,81281.663308
1777672800000,0.922,0.9251,0.9193,0.9195,33079.729209
1777676400000,0.9195,0.9201,0.9154,0.9193,118297.635634
1777680000000,0.9192,0.9228,0.9178,0.9214,46275.318501
1777683600000,0.9211,0.924,0.9197,0.9229,70554.692689
1777687200000,0.9229,0.9232,0.919,0.919,41998.089626
1777690800000,0.919,0.9211,0.916,0.9197,108473.935853
1777694400000,0.9196,0.9196,0.9138,0.9159,92380.102256
1777698000000,0.916,0.9199,0.9133,0.916,161251.361177
1777701600000,0.9156,0.9182,0.914,0.918,79289.77873
1777705200000,0.9177,0.9189,0.9156,0.9165,68939.463282
1777708800000,0.9162,0.9166,0.9142,0.9155,28644.91179
1777712400000,0.9155,0.9209,0.9155,0.9188,53951.624978
1777716000000,0.9186,0.9204,0.9178,0.9197,60668.703293
1777719600000,0.9196,0.9196,0.9146,0.9169,75371.225212
1777723200000,0.917,0.9191,0.9156,0.9167,65248.864998
1777726800000,0.9166,0.9224,0.9166,0.9219,65632.713653
1777730400000,0.9218,0.9254,0.9203,0.9244,206814.720911
1777734000000,0.9248,0.9303,0.923,0.9294,137520.636769
1777737600000,0.9295,0.9315,0.9254,0.9306,184421.118033
1777741200000,0.9309,0.9315,0.9276,0.9285,100570.181418
1777744800000,0.9288,0.934,0.9254,0.9313,92150.840055
1777748400000,0.9314,0.9349,0.9305,0.9344,101749.864039
1777752000000,0.9348,0.9357,0.9332,0.9347,93190.411728
1777755600000,0.9348,0.9408,0.9315,0.9349,130155.622859
1777759200000,0.935,0.9368,0.9316,0.9344,74302.9467
1777762800000,0.9338,0.935,0.9298,0.9321,68839.572241
1777766400000,0.9322,0.9327,0.9259,0.9281,59835.326547
1777770000000,0.928,0.928,0.9159,0.9177,318290.023537
1777773600000,0.9177,0.9194,0.9147,0.9182,122597.776254
1777777200000,0.9181,0.9198,0.9152,0.918,68176.412075
1777780800000,0.918,0.9202,0.9166,0.9176,64651.153221
1777784400000,0.9175,0.92,0.917,0.9187,159410.404002
1777788000000,0.9186,0.9215,0.916,0.9183,127032.878322
1777791600000,0.9184,0.9227,0.9184,0.9197,93955.177021
1777795200000,0.9195,0.9222,0.9184,0.9185,78661.851259
1777798800000,0.9181,0.9215,0.9169,0.9201,83130.893536
1777802400000,0.9199,0.9221,0.9174,0.9174,39436.49109
1777806000000,0.9171,0.9279,0.9161,0.9241,173119.323103
1777809600000,0.9245,0.9305,0.9245,0.926,98122.651674
1777813200000,0.9269,0.927,0.9237,0.9237,58563.986018
1777816800000,0.9242,0.9253,0.9219,0.924,46143.624016
1777820400000,0.9241,0.9278,0.9235,0.9245,49226.138703
1777824000000,0.925,0.9266,0.9239,0.9245,62808.787503
1777827600000,0.9244,0.9286,0.92,0.9265,58357.611012
1777831200000,0.9267,0.9279,0.9244,0.9265,25339.090194
1777834800000,0.9264,0.9292,0.9254,0.9276,12111.550363
1777838400000,0.9273,0.9341,0.9273,0.9299,51433.362318
1777842000000,0.9299,0.932,0.9216,0.926,100367.219236
1777845600000,0.926,0.9366,0.926,0.9337,194603.209293
1777849200000,0.9339,0.9349,0.9232,0.9234,166650.003783
1777852800000,0.9234,0.9278,0.9145,0.9266,208961.532058
1777856400000,0.9267,0.9491,0.9245,0.947,412352.197118
1777860000000,0.9471,0.975,0.9466,0.9684,990041.181156
1777863600000,0.9685,0.974,0.9632,0.9703,559127.775158
1777867200000,0.9704,0.9734,0.9629,0.9636,261225.55655
1777870800000,0.9637,0.9638,0.9536,0.9602,351177.716101
1777874400000,0.9604,0.9612,0.9474,0.9567,258899.21838
1777878000000,0.957,0.9582,0.951,0.9519,126840.58291
1777881600000,0.9519,0.9529,0.9481,0.9494,79131.942495
1777885200000,0.9496,0.9572,0.9478,0.9553,102287.441586
1777888800000,0.9556,0.9556,0.9235,0.9336,917738.735695
1777892400000,0.9337,0.9384,0.9272,0.9345,730384.525402
1777896000000,0.9346,0.9379,0.9333,0.9334,75852.820155
1777899600000,0.933,0.9372,0.9281,0.9339,154615.729401
1777903200000,0.9338,0.9504,0.9282,0.9472,436422.127342
1777906800000,0.947,0.9478,0.9268,0.9335,585753.968011
1777910400000,0.9336,0.94,0.9265,0.9336,295395.708622
1777914000000,0.9333,0.948,0.9329,0.9436,260573.93865
1777917600000,0.9439,0.9472,0.9387,0.9453,78684.951209
1777921200000,0.9455,0.9455,0.9364,0.9394,59079.696357
1777924800000,0.9395,0.9396,0.9326,0.9346,73774.25919
1777928400000,0.9345,0.9496,0.9345,0.9462,202973.368132
1777932000000,0.946,0.9485,0.9367,0.9378,63283.422549
1777935600000,0.9371,0.9371,0.9326,0.9347,153855.700121
1777939200000,0.9347,0.9379,0.9323,0.9354,79379.556676
1777942800000,0.9351,0.9425,0.9333,0.9395,95414.054357
1777946400000,0.9394,0.9458,0.9378,0.941,119050.48167
1777950000000,0.9412,0.9479,0.9394,0.9442,67187.449927
1777953600000,0.9441,0.9471,0.9419,0.9442,136975.722358
1777957200000,0.9439,0.9487,0.9431,0.9467,57370.930758
1777960800000,0.947,0.951,0.9448,0.9505,133339.852319
1777964400000,0.9505,0.9576,0.949,0.9538,156985.950815
1777968000000,0.9544,0.9594,0.953,0.9566,194376.110931
1777971600000,0.9567,0.9568,0.9502,0.9523,246561.985389
1777975200000,0.9523,0.9589,0.9508,0.9555,165910.680143
1777978800000,0.9554,0.9565,0.948,0.9557,186304.601708
1777982400000,0.956,0.9576,0.9533,0.9551,121158.793526
1777986000000,0.955,0.9621,0.953,0.958,158040.294501
1777989600000,0.958,0.9638,0.9495,0.9551,275907.691464
1777993200000,0.955,0.9597,0.9525,0.9559,252836.916211
1777996800000,0.9562,0.9616,0.94,0.9475,428041.989442
1778000400000,0.9475,0.9502,0.9437,0.95,124847.394684
1778004000000,0.9504,0.9538,0.949,0.9512,23125.286125
1778007600000,0.9516,0.9586,0.951,0.9578,45416.362877
1778011200000,0.9579,0.9937,0.9579,0.9886,1008262.724148
1778014800000,0.9887,0.9994,0.9841,0.9841,499272.574424
1778018400000,0.9842,0.9865,0.9715,0.9748,328448.943043
1778022000000,0.9748,0.9777,0.9677,0.9739,134801.633814
1778025600000,0.9738,0.9842,0.9713,0.9818,214600.947134
1778029200000,0.9818,1.0375,0.9803,1.0341,1549305.496145
1778032800000,1.0347,1.045,1.0054,1.0353,2672317.760699
1778036400000,1.0354,1.123,1.0346,1.1176,3744440.424967
1778040000000,1.1178,1.1617,1.1033,1.1462,3242486.378218
1778043600000,1.1459,1.1465,1.0874,1.1155,3090284.814808
1778047200000,1.1142,1.1181,1.0752,1.0856,1754504.84641
1778050800000,1.0849,1.099,1.0667,1.0707,981743.845323
1778054400000,1.071,1.1134,1.0657,1.1042,2660330.149609
1778058000000,1.1045,1.1318,1.0847,1.1175,1549363.476526
1778061600000,1.1176,1.1374,1.1118,1.1227,1117556.754012
1778065200000,1.1225,1.1302,1.0991,1.1039,947234.050244
1778068800000,1.1036,1.1066,1.0846,1.0902,890606.353408
1778072400000,1.0901,1.0932,1.0576,1.0639,1348532.08508
1778076000000,1.0635,1.0676,1.0435,1.056,1115451.776076
1778079600000,1.0558,1.0731,1.0525,1.07,435591.062387
1778083200000,1.0699,1.0889,1.0605,1.0783,703936.701075
1778086800000,1.0783,1.0809,1.0585,1.0636,339478.798616
1778090400000,1.0642,1.0677,1.0581,1.0618,188226.176842
1778094000000,1.0619,1.0693,1.0573,1.067,127532.995677
1778097600000,1.0671,1.0805,1.0671,1.0764,320289.281723
1778101200000,1.0765,1.0967,1.0749,1.0914,418197.517758
1778104800000,1.0914,1.094,1.0732,1.0901,424221.337746
1778108400000,1.0902,1.1159,1.0774,1.1156,660716.951918
1778112000000,1.1148,1.1261,1.0797,1.0867,1439288.551885
1778115600000,1.0867,1.0877,1.0565,1.0582,1343012.754451
1778119200000,1.0582,1.0672,1.047,1.0618,681230.291738
1778122800000,1.0618,1.0989,1.0615,1.0718,961203.328788
1778126400000,1.0719,1.112,1.0689,1.0878,925949.065296
1778130000000,1.0874,1.0959,1.0822,1.0825,385896.860548
1778133600000,1.0825,1.1094,1.0688,1.1075,747936.961547
1778137200000,1.1073,1.1109,1.0869,1.0934,472477.05362
1778140800000,1.0929,1.1127,1.0892,1.1005,638909.835388
1778144400000,1.1001,1.1116,1.0887,1.0993,551082.356476
1778148000000,1.0985,1.1101,1.0813,1.0952,678559.675836
1778151600000,1.0954,1.1048,1.088,1.0968,365822.165819
1778155200000,1.0971,1.124,1.0958,1.103,1099050.39193
1778158800000,1.1031,1.1073,1.0772,1.0818,687046.033294
1778162400000,1.0822,1.0857,1.06,1.0699,833440.058293
1778166000000,1.0702,1.0771,1.0593,1.0611,558935.992317
1778169600000,1.0626,1.0675,1.0509,1.0622,575523.353007
1778173200000,1.0625,1.0718,1.0573,1.0655,274720.638457
1778176800000,1.0661,1.0813,1.0638,1.0686,294589.883221
1778180400000,1.0686,1.0863,1.0662,1.0803,261773.75103
1778184000000,1.0803,1.0927,1.0766,1.0774,269994.147912
1778187600000,1.0772,1.089,1.073,1.0797,192193.995573
1778191200000,1.0786,1.0822,1.0693,1.076,170349.956688
1778194800000,1.0759,1.1074,1.0748,1.0993,606487.413306
1778198400000,1.099,1.1059,1.0845,1.0927,927450.10203
1778202000000,1.093,1.1133,1.0907,1.1042,468929.427074
1778205600000,1.1042,1.1134,1.0881,1.1021,586463.251021
1778209200000,1.1017,1.1091,1.0859,1.0942,633384.442409
1778212800000,1.0941,1.1107,1.09,1.0964,416194.824878
1778216400000,1.0962,1.1052,1.089,1.092,306897.283756
1778220000000,1.0907,1.1122,1.085,1.105,520310.121984
1778223600000,1.1051,1.1059,1.0893,1.1005,728408.677647
1778227200000,1.1006,1.1031,1.0883,1.0955,305987.817238
1778230800000,1.0955,1.1099,1.0919,1.0999,542035.052574
1778234400000,1.0997,1.1065,1.0933,1.0943,267835.387048
1778238000000,1.0942,1.1086,1.0901,1.1066,706949.213078
1778241600000,1.1066,1.1213,1.0824,1.0954,1590821.425352
1778245200000,1.0951,1.096,1.0727,1.0812,518029.716575
1778248800000,1.0809,1.118,1.0799,1.1082,1030606.718083
1778252400000,1.1081,1.2719,1.107,1.2466,4856508.176174
1778256000000,1.2466,1.2523,1.1822,1.2174,4794303.366598
1778259600000,1.2176,1.24,1.1938,1.2116,1479424.09519
1778263200000,1.2117,1.2159,1.1845,1.1883,645883.07664
1778266800000,1.1882,1.2087,1.1751,1.2064,625420.208576
1778270400000,1.2067,1.2369,1.204,1.2117,556275.635866
1778274000000,1.2119,1.2647,1.2116,1.2447,1008270.196268
1778277600000,1.2441,1.2966,1.2441,1.2811,1323214.116839
1778281200000,1.2806,1.3222,1.2764,1.2868,1739742.476817
1778284800000,1.2865,1.295,1.2573,1.2635,907598.895425
1778288400000,1.2635,1.2957,1.256,1.2754,1154597.63317
1778292000000,1.2755,1.313,1.2661,1.2929,1026191.326867
1778295600000,1.292,1.3197,1.2721,1.281,782835.668462
1778299200000,1.2809,1.2856,1.248,1.2535,908251.231328
1778302800000,1.2528,1.273,1.2512,1.2632,292889.26649
1778306400000,1.2642,1.2903,1.2622,1.2707,598342.172438
1778310000000,1.2708,1.2734,1.2576,1.266,345431.075563
1778313600000,1.2673,1.2757,1.2604,1.2695,228647.155733
1778317200000,1.2697,1.2757,1.2141,1.2316,1324435.804324
1778320800000,1.2315,1.2355,1.2248,1.2295,235890.543897
1778324400000,1.2295,1.2329,1.2218,1.2276,185048.242307
1778328000000,1.2276,1.2337,1.218,1.2247,285345.283985
1778331600000,1.2245,1.2333,1.2207,1.2256,224712.343059
1778335200000,1.2258,1.228,1.2055,1.2073,1528381.365471
1778338800000,1.2073,1.2109,1.1925,1.2043,737004.625293
1778342400000,1.2042,1.2126,1.2016,1.2088,499945.416695
1778346000000,1.2088,1.2233,1.2088,1.2206,332319.688171
1778349600000,1.2204,1.2244,1.2162,1.2208,145856.118788
1778353200000,1.2212,1.2222,1.2154,1.2202,94944.12783
1778356800000,1.2204,1.2213,1.216,1.2167,41717.617921
1778360400000,1.2168,1.2205,1.2131,1.217,99872.709336
1778364000000,1.2171,1.225,1.2156,1.2199,167251.022963
1778367600000,1.2198,1.2224,1.1968,1.1999,647432.177595
1778371200000,1.1997,1.2015,1.1827,1.1874,385893.759015
1778374800000,1.1874,1.1929,1.1826,1.1907,434228.994992
1778378400000,1.1911,1.208,1.1871,1.2032,320672.813448
1778382000000,1.2034,1.2055,1.1936,1.2006,152836.728326
1778385600000,1.2006,1.202,1.1884,1.1933,483515.235145
1778389200000,1.1932,1.1943,1.1845,1.1849,197725.604385
1778392800000,1.1847,1.1884,1.177,1.1833,227706.395528
1778396400000,1.1833,1.186,1.17,1.1771,249718.974271
1778400000000,1.1773,1.1855,1.1755,1.1845,79213.422041
1778403600000,1.1846,1.1867,1.1743,1.1745,105697.634615
1778407200000,1.1744,1.1815,1.16,1.1798,539358.672017
1778410800000,1.1802,1.1841,1.1737,1.1739,290717.778443
1778414400000,1.1737,1.1753,1.1683,1.1733,251263.846173
1778418000000,1.1735,1.1766,1.1692,1.173,109955.323841
1778421600000,1.173,1.1773,1.1636,1.1744,327041.174145
1778425200000,1.1744,1.1801,1.1701,1.1785,311435.172868
1778428800000,1.1791,1.1852,1.1759,1.1799,468457.282595
1778432400000,1.1796,1.1891,1.1749,1.1887,367634.125559
1778436000000,1.1888,1.1919,1.182,1.1883,128702.783924
1778439600000,1.1884,1.1939,1.1812,1.1877,186857.435061
1778443200000,1.1871,1.1906,1.106,1.1208,1524085.279366
1778446800000,1.1212,1.1295,1.111,1.121,662896.222066
1778450400000,1.121,1.1473,1.1182,1.1453,611555.388677
1778454000000,1.1451,1.1554,1.1421,1.1474,502908.882851
1778457600000,1.1474,1.1588,1.138,1.1423,488457.127365
1778461200000,1.1427,1.1467,1.1343,1.1418,382420.742071
1778464800000,1.1416,1.144,1.1247,1.1389,450999.163339
1778468400000,1.139,1.1399,1.1181,1.134,425023.644366
1778472000000,1.1339,1.1376,1.1277,1.1371,172491.402089
1778475600000,1.1371,1.152,1.1371,1.1486,200757.891216
1778479200000,1.1481,1.1489,1.1388,1.1393,137468.437842
1778482800000,1.1386,1.1388,1.1312,1.1367,117017.732612
1778486400000,1.1369,1.1377,1.121,1.1276,285723.138767
1778490000000,1.1281,1.1337,1.1265,1.1308,169041.752989
1778493600000,1.1307,1.1395,1.1263,1.129,262336.864359
1778497200000,1.1288,1.1343,1.1244,1.1335,184316.527171
1778500800000,1.1335,1.134,1.1231,1.1256,184445.45814
1778504400000,1.1256,1.137,1.1193,1.1307,272028.839553
1778508000000,1.1311,1.1366,1.119,1.1233,309421.932658
1778511600000,1.1236,1.1416,1.12,1.1377,246096.058639
1778515200000,1.1377,1.145,1.1323,1.1389,264516.593942
1778518800000,1.1389,1.1429,1.1307,1.1404,187287.233974
1778522400000,1.1403,1.1441,1.1283,1.1291,159676.839716
1778526000000,1.1292,1.137,1.1283,1.1358,80253.610017
1778529600000,1.1362,1.1416,1.1285,1.1316,76953.611194
1778533200000,1.1317,1.1355,1.128,1.129,87436.148492
1778536800000,1.1289,1.1331,1.1251,1.1289,65457.684989
1778540400000,1.1288,1.1317,1.123,1.1272,57728.635973
1778544000000,1.1269,1.1318,1.1212,1.1305,100151.453769
1778547600000,1.1304,1.1314,1.093,1.1068,837832.798168
1778551200000,1.1068,1.1122,1.1011,1.1082,239158.443423
1778554800000,1.1086,1.111,1.1033,1.106,188237.626079
1778558400000,1.1058,1.1112,1.1013,1.1087,148798.512581
1778562000000,1.1087,1.1165,1.1078,1.1132,118517.29111
1778565600000,1.1131,1.1184,1.1107,1.1108,141960.987068
1778569200000,1.1109,1.1175,1.1036,1.1092,168066.525312
1778572800000,1.1095,1.1126,1.1046,1.1068,138689.885935
1778576400000,1.1069,1.1138,1.1031,1.11,132019.807085
1778580000000,1.1099,1.1111,1.1003,1.1055,152565.394904
1778583600000,1.1055,1.1068,1.0965,1.1002,161433.234681
1778587200000,1.1008,1.1036,1.0852,1.0981,294708.050789
1778590800000,1.0981,1.1037,1.085,1.09,335541.363613
1778594400000,1.0901,1.0985,1.0779,1.0851,561978.708526
1778598000000,1.0852,1.089,1.0756,1.0796,407966.652257
1778601600000,1.0797,1.0853,1.0691,1.0728,544767.071486
1778605200000,1.073,1.0859,1.073,1.0835,162361.600917
1778608800000,1.0835,1.0981,1.0812,1.0929,193998.498067
1778612400000,1.093,1.1018,1.093,1.0969,88816.509011
1778616000000,1.0973,1.0996,1.0925,1.0946,154027.445253
1778619600000,1.0946,1.098,1.0925,1.0961,152894.643368
1778623200000,1.0962,1.1021,1.0962,1.0983,232107.544768
1778626800000,1.0982,1.0995,1.0914,1.0923,134960.757294
1778630400000,1.0927,1.099,1.0914,1.0976,111767.161714
1778634000000,1.0979,1.1141,1.0977,1.107,346327.383118
1778637600000,1.107,1.1141,1.1065,1.1113,125968.946947
1778641200000,1.1114,1.1114,1.1062,1.1077,134384.069404
1778644800000,1.1078,1.1098,1.104,1.1052,143278.982507
1778648400000,1.1052,1.1062,1.0847,1.0919,233330.708216
1778652000000,1.0917,1.0975,1.0897,1.0969,116185.062587
1778655600000,1.097,1.1008,1.0964,1.1,65990.182992
1778659200000,1.1,1.1076,1.0965,1.1041,176667.262285
1778662800000,1.1042,1.111,1.1034,1.1093,158406.315922
1778666400000,1.1095,1.1096,1.0952,1.0971,276758.046924
1778670000000,1.097,1.0987,1.0866,1.0909,168134.327782
1778673600000,1.0907,1.0935,1.0538,1.0676,941038.704543
1778677200000,1.068,1.0747,1.0545,1.0596,384014.161782
1778680800000,1.0595,1.0663,1.0524,1.0586,357901.845566
1778684400000,1.0584,1.0624,1.0301,1.0348,804576.233403
1778688000000,1.035,1.0554,1.0348,1.0498,376688.110186
1778691600000,1.05,1.0536,1.0465,1.0497,121883.773732
1778695200000,1.05,1.0573,1.05,1.0518,95663.269079
1778698800000,1.0519,1.0528,1.0418,1.0443,95865.27944
1778702400000,1.0443,1.0492,1.0443,1.0473,86008.552705
1778706000000,1.0473,1.0482,1.0394,1.0412,137531.612167
1778709600000,1.0412,1.0498,1.0388,1.0484,68324.152842
1778713200000,1.0487,1.0496,1.046,1.0471,76947.295705
1778716800000,1.0473,1.0531,1.0457,1.0507,139408.096278
1778720400000,1.0503,1.054,1.047,1.0473,85364.890723
1778724000000,1.0468,1.0515,1.0438,1.0447,86997.380124
1778727600000,1.0446,1.0461,1.0261,1.0314,274121.556995
1778731200000,1.0314,1.0415,1.0283,1.0402,176975.888592
1778734800000,1.0402,1.0456,1.0389,1.0423,138705.321875
1778738400000,1.0421,1.0472,1.0398,1.0439,190588.882767
1778742000000,1.0434,1.045,1.0386,1.0392,81725.996876
1778745600000,1.0392,1.046,1.0326,1.0419,223768.266599
1778749200000,1.042,1.0465,1.0379,1.04,128386.012698
1778752800000,1.0395,1.0449,1.0343,1.0435,246916.187301
1778756400000,1.0437,1.0444,1.0334,1.034,151150.261822
1778760000000,1.0338,1.0472,1.0335,1.0426,266019.075388
1778763600000,1.0426,1.0485,1.0406,1.0419,203491.088
1778767200000,1.0422,1.0608,1.0383,1.0599,348300.057311
1778770800000,1.0603,1.0628,1.0544,1.0613,314607.70762
1778774400000,1.0613,1.0649,1.0504,1.0635,291529.831169
1778778000000,1.0635,1.0675,1.0537,1.0562,427860.099102
1778781600000,1.056,1.0677,1.0505,1.0654,189407.803501
1778785200000,1.0656,1.068,1.0577,1.0595,229007.898133
1778788800000,1.0598,1.0614,1.0532,1.058,58250.051134
1778792400000,1.0584,1.0619,1.0542,1.0597,60189.431318
1778796000000,1.059,1.0644,1.0568,1.0596,90840.362686
1778799600000,1.0593,1.0593,1.0515,1.0537,114705.676102
1778803200000,1.0545,1.0665,1.0539,1.0632,178179.234456
1778806800000,1.0632,1.0649,1.0507,1.0519,175946.505335
1778810400000,1.0518,1.0546,1.0367,1.0527,332988.284191
1778814000000,1.0524,1.0562,1.049,1.0502,111857.64467
1778817600000,1.0501,1.0501,1.032,1.0352,202787.621567
1778821200000,1.0349,1.0396,1.0141,1.0221,531880.47403
1778824800000,1.022,1.0342,1.0212,1.0326,170170.907153
1778828400000,1.0331,1.0402,1.0308,1.0343,153960.031511
1778832000000,1.0344,1.0347,1.0251,1.0303,151440.229148
1778835600000,1.031,1.031,1.0246,1.0278,90014.680572
1778839200000,1.0277,1.0357,1.0251,1.0327,79843.299336
1778842800000,1.0337,1.035,1.0294,1.0333,62548.580024
1778846400000,1.0333,1.0357,1.026,1.0292,262108.965892
1778850000000,1.0292,1.0292,0.9829,0.988,1061822.387091
1778853600000,0.9882,1.0025,0.9786,0.9956,506567.279488
1778857200000,0.9956,0.9998,0.9885,0.996,245475.706578
1778860800000,0.9961,1.0082,0.995,1.0058,256070.217978
1778864400000,1.0061,1.0185,1.0055,1.0173,141820.900737
1778868000000,1.0174,1.0197,1.0116,1.0161,178909.239315
1778871600000,1.0157,1.0162,1.0089,1.0092,85444.170839
1778875200000,1.0096,1.0106,1.0043,1.0051,119794.312718
1778878800000,1.0054,1.008,1.0022,1.0036,89874.512122
1778882400000,1.0039,1.01,1.0039,1.0089,79727.629892
1778886000000,1.0088,1.0134,1.0085,1.0107,83727.67467
1778889600000,1.0106,1.0221,1.0092,1.0194,215107.024254
1778893200000,1.0198,1.0204,1.012,1.0161,98271.647923
1778896800000,1.0156,1.0171,1.0128,1.016,54681.704446
1778900400000,1.0164,1.018,1.01,1.014,65597.608179
1778904000000,1.0132,1.0132,0.9974,1.0036,168819.434107
1778907600000,1.0039,1.0082,0.9993,1.0009,205893.658562
1778911200000,1.0011,1.0015,0.9804,0.9882,321993.905943
1778914800000,0.9885,0.9886,0.954,0.9747,872971.796612
1778918400000,0.9746,0.9788,0.971,0.971,132424.241765
1778922000000,0.9711,0.9736,0.95,0.9608,547269.788168
1778925600000,0.9607,0.9656,0.9546,0.9647,181880.639622
1778929200000,0.9649,0.9706,0.9649,0.9697,108792.129337
1778932800000,0.969,0.9726,0.9666,0.9709,96717.743339
1778936400000,0.9712,0.9751,0.9695,0.9712,144575.36462
1778940000000,0.9712,0.9792,0.9695,0.9738,153518.617369
1778943600000,0.9739,0.9785,0.9724,0.9769,198379.748735
1778947200000,0.9767,0.9804,0.9735,0.9752,126942.097052
1778950800000,0.9754,0.9796,0.9754,0.977,30528.941801
1778954400000,0.9767,0.979,0.9743,0.9769,48359.50075
1778958000000,0.977,0.977,0.9748,0.9752,30614.981331
1778961600000,0.9755,0.9771,0.9737,0.975,24133.290341
1778965200000,0.9749,0.9777,0.9749,0.9752,70792.828848
1778968800000,0.975,0.9751,0.9711,0.9723,28510.06602
1778972400000,0.9719,0.9743,0.9711,0.9713,36484.087415
1778976000000,0.9712,0.9735,0.9646,0.9672,76007.107873
1778979600000,0.9674,0.9699,0.9603,0.9622,104046.326168
1778983200000,0.9621,0.9673,0.9619,0.9661,70834.863857
1778986800000,0.9664,0.974,0.9664,0.9723,118044.341781
1778990400000,0.9725,0.9784,0.9721,0.9754,149473.039994
1778994000000,0.9753,0.9813,0.9737,0.9755,84086.892605
1778997600000,0.9755,0.9771,0.9729,0.975,42974.48374
1779001200000,0.9751,0.9792,0.973,0.9773,65520.599595
1779004800000,0.9775,0.9779,0.973,0.9732,46029.497593
1779008400000,0.9733,0.9802,0.9727,0.9779,142300.614989
1779012000000,0.9778,0.9819,0.9774,0.9781,95989.98118
1779015600000,0.9783,0.9783,0.9735,0.9746,61573.479221
1779019200000,0.9744,0.9761,0.9697,0.971,103193.456491
1779022800000,0.9709,0.971,0.964,0.9674,229018.067658
1779026400000,0.9674,0.9675,0.9578,0.9652,201839.270399
1779030000000,0.9652,0.9667,0.9619,0.9646,74847.446094
1779033600000,0.9647,0.967,0.9592,0.9599,93424.908485
1779037200000,0.96,0.9606,0.9542,0.9599,125785.38258
1779040800000,0.9599,0.9632,0.9555,0.9632,37563.84682
1779044400000,0.9632,0.9693,0.9632,0.9678,47220.252355
1779048000000,0.9682,0.9688,0.9639,0.9664,29438.383893
1779051600000,0.9659,0.9719,0.9645,0.9697,76536.699565
1779055200000,0.9697,0.9704,0.9582,0.9612,87283.807585
1779058800000,0.961,0.961,0.9071,0.9429,1555453.112745
1779062400000,0.9426,0.9469,0.9339,0.9464,411602.147491
1779066000000,0.9465,0.951,0.9358,0.945,398116.713872
1779069600000,0.9449,0.9517,0.9445,0.949,105706.536471
1779073200000,0.9492,0.953,0.9442,0.9474,97011.226078
1779076800000,0.9474,0.9503,0.9438,0.9485,130720.015369
1779080400000,0.9486,0.9505,0.9426,0.9447,106522.550333
1779084000000,0.9448,0.946,0.9329,0.9408,252430.20877
1779087600000,0.9412,0.9438,0.9325,0.9375,153897.348588
1779091200000,0.9371,0.9408,0.9332,0.9377,132564.605603
1779094800000,0.9375,0.9384,0.9317,0.9345,79613.382708
1779098400000,0.9346,0.9352,0.9288,0.934,138780.253212
1779102000000,0.9348,0.9487,0.9326,0.9432,526360.34671
1779105600000,0.943,0.9523,0.9418,0.948,238808.509715
1779109200000,0.9475,0.9502,0.9363,0.9474,224525.62444
1779112800000,0.9473,0.9481,0.932,0.9345,254135.972366
1779116400000,0.9348,0.9398,0.9256,0.9361,211597.021894
1779120000000,0.9366,0.9422,0.9349,0.94,71155.466962
1779123600000,0.94,0.948,0.939,0.945,61134.351973
1779127200000,0.9455,0.9459,0.9353,0.9355,53966.448024
1779130800000,0.9356,0.9582,0.9354,0.9551,128426.259375
1779134400000,0.9555,0.9581,0.9508,0.9525,69900.041556
1779138000000,0.9533,0.9629,0.9513,0.9591,77108.815055
1779141600000,0.96,0.9616,0.954,0.959,70103.362242
1779145200000,0.9588,0.9624,0.9573,0.9603,133539.07172
1779148800000,0.9604,0.9688,0.959,0.9654,159141.260895
1779152400000,0.9653,0.9653,0.9565,0.9585,84810.996247
1779156000000,0.9584,0.9641,0.9548,0.9575,64807.519558
1779159600000,0.9576,0.9664,0.9565,0.9648,114418.358339
1779163200000,0.9643,0.9686,0.9637,0.9651,66819.57713
1779166800000,0.9652,0.9657,0.9575,0.9606,169677.089681
1779170400000,0.9605,0.9633,0.96,0.9611,39704.930903
1779174000000,0.9607,0.9637,0.9592,0.9628,96929.116815
1779177600000,0.9627,0.9629,0.9558,0.9597,54677.977006
1779181200000,0.9595,0.9611,0.9505,0.9571,114925.260193
1779184800000,0.957,0.9583,0.9507,0.954,162247.400583
1779188400000,0.9536,0.9542,0.9449,0.9482,118344.821529
1779192000000,0.948,0.9539,0.9468,0.953,52989.2957
1779195600000,0.9532,0.9576,0.9487,0.9531,128356.442793
1779199200000,0.9531,0.9555,0.9351,0.9419,234402.083999
1779202800000,0.9419,0.9466,0.9382,0.9413,111627.915024
1779206400000,0.9416,0.9484,0.9389,0.9481,142780.542256
1779210000000,0.948,0.9486,0.9399,0.9433,64436.474511
1779213600000,0.9434,0.9482,0.9403,0.9413,32698.230384
1779217200000,0.9415,0.9448,0.9395,0.9412,27498.384644
1779220800000,0.9413,0.9454,0.9399,0.9445,25877.647583
1779224400000,0.9445,0.947,0.9416,0.942,22667.11267
1779228000000,0.9416,0.9416,0.9322,0.9357,74897.681449
1779231600000,0.935,0.9405,0.9339,0.9379,55358.391892
1779235200000,0.9381,0.9408,0.9353,0.9394,59912.838596
1779238800000,0.9396,0.9442,0.9349,0.9439,70675.423153
1779242400000,0.9436,0.9454,0.9382,0.9391,53210.298381
1779246000000,0.9384,0.9481,0.9373,0.9437,56665.860536
1779249600000,0.9442,0.9476,0.9412,0.9475,73340.561775
1779253200000,0.9477,0.9595,0.9477,0.956,113710.47519
1779256800000,0.9561,0.9591,0.9539,0.958,93579.257201
1779260400000,0.9579,0.9597,0.9547,0.9578,111516.591834
1779264000000,0.9579,0.96,0.9546,0.9556,54612.587778
1779267600000,0.9557,0.9575,0.9527,0.9564,139507.265211
1779271200000,0.9563,0.96,0.9551,0.9551,50319.769014
1779274800000,0.9556,0.9561,0.948,0.9507,132545.670929
1779278400000,0.9505,0.9554,0.9486,0.9528,67489.161658
1779282000000,0.9528,0.9541,0.9436,0.9517,79371.28489
1779285600000,0.952,0.9682,0.9498,0.9655,249228.864459
1779289200000,0.9654,0.9736,0.9604,0.9697,179146.203499
1779292800000,0.9708,0.9733,0.9619,0.9692,235513.511474
1779296400000,0.9696,0.9745,0.9671,0.968,256334.616217
1779300000000,0.9673,0.9684,0.9604,0.9626,90169.832483
1779303600000,0.9625,0.9705,0.9602,0.968,110934.978738
1779307200000,0.9675,0.9709,0.964,0.9695,66101.657196
1779310800000,0.9694,0.9709,0.9669,0.9671,54427.526449
1779314400000,0.9667,0.9698,0.9617,0.9691,114705.997838
1779318000000,0.969,0.9712,0.965,0.9707,54101.693731
1779321600000,0.9708,0.9816,0.9696,0.9795,123305.201351
1779325200000,0.9796,0.985,0.9778,0.9837,195624.82325
1779328800000,0.9836,0.9859,0.9803,0.9828,116272.275807
1779332400000,0.983,0.9946,0.9825,0.9893,225914.625594
1779336000000,0.9891,0.9963,0.9879,0.9899,152480.349049
1779339600000,0.9899,0.9931,0.9815,0.9857,318882.199118
1779343200000,0.9856,0.9898,0.9836,0.9878,207788.004958
1779346800000,0.9879,0.9963,0.9871,0.9911,184978.299914
1779350400000,0.9908,0.9987,0.9903,0.9938,327569.287541
1779354000000,0.9936,0.9962,0.9843,0.9848,246874.053986
1779357600000,0.9847,0.9873,0.967,0.9754,501906.884628
1779361200000,0.9754,0.9796,0.9732,0.9762,104830.475003
1779364800000,0.976,0.9839,0.9738,0.9794,154930.379726
1779368400000,0.979,0.9887,0.9743,0.9879,235209.575291
1779372000000,0.9882,0.9895,0.9771,0.981,227504.42874
1779375600000,0.981,0.9935,0.9792,0.9899,235619.343013
1779379200000,0.99,0.9921,0.9816,0.9853,258383.430205
1779382800000,0.9854,1.005,0.9838,1.0019,323732.828981
1779386400000,1.0019,1.0079,0.9957,1.0016,142226.790377
1779390000000,1.0014,1.0092,0.9995,1.0079,135964.247481
1779393600000,1.0078,1.0157,1.0042,1.0114,150072.228032
1779397200000,1.012,1.0234,1.008,1.0087,322006.358348
1779400800000,1.0089,1.0115,1.0053,1.0083,127644.247883
1779404400000,1.0079,1.0099,1.0018,1.0082,103120.808625
1779408000000,1.0082,1.0082,0.9964,0.9973,122394.491836
1779411600000,0.9971,1.0024,0.9959,1.0024,107498.140372
1779415200000,1.0024,1.0135,1.002,1.0088,65605.290606
1779418800000,1.0092,1.0184,1.0077,1.0175,101369.237024
1779422400000,1.0179,1.0258,1.012,1.0166,322554.161271
1779426000000,1.0167,1.0226,1.0136,1.018,156592.919421
1779429600000,1.0181,1.0184,1.0112,1.0149,103573.393878
1779433200000,1.0149,1.0261,1.0084,1.0162,243541.467944
1779436800000,1.0161,1.0264,1.0136,1.0188,238600.70247
1779440400000,1.018,1.0255,1.0133,1.0138,121991.453878
1779444000000,1.0137,1.0195,1.0094,1.0179,102751.579787
1779447600000,1.0182,1.0299,1.016,1.0275,205789.556772
1779451200000,1.027,1.0376,1.0203,1.0376,240935.37219
1779454800000,1.0377,1.0385,1.0255,1.0385,292211.885575
1779458400000,1.038,1.038,1.0139,1.0178,373375.046028
1779462000000,1.0179,1.0315,1.0117,1.0261,240716.150269
1779465600000,1.0255,1.032,1.0159,1.0198,211543.527919
1779469200000,1.0198,1.0223,1.0124,1.0135,103765.944338
1779472800000,1.0134,1.0139,0.98,0.9911,521546.356362
1779476400000,0.9915,0.9946,0.9622,0.9782,878640.18234
1779480000000,0.9782,0.9868,0.9759,0.9862,288723.41751
1779483600000,0.9861,0.9932,0.9829,0.988,188839.734063
1779487200000,0.9879,0.9891,0.9794,0.983,113672.197393
1779490800000,0.9832,0.9869,0.9525,0.9621,453750.679674
1779494400000,0.962,0.9659,0.9525,0.9642,540315.917276
1779498000000,0.9643,0.9685,0.9609,0.9676,230514.312034
1779501600000,0.9679,0.9712,0.9659,0.97,167657.717736
1779505200000,0.9699,0.9737,0.967,0.9688,160152.246409
1779508800000,0.9691,0.9702,0.9645,0.9648,220542.131973
1779512400000,0.9646,0.9655,0.9581,0.9644,123163.639096
1779516000000,0.9644,0.9664,0.9601,0.9621,142096.838979
1779519600000,0.9627,0.963,0.9107,0.9268,1232075.686237
1779523200000,0.9267,0.9323,0.9206,0.9311,510705.539006
1779526800000,0.9309,0.9364,0.93,0.9315,325847.960247
1779530400000,0.9316,0.9452,0.9316,0.9355,359713.550923
1779534000000,0.9356,0.9373,0.933,0.9332,99184.581479
1779537600000,0.9333,0.9352,0.9279,0.934,183527.583612
1779541200000,0.9338,0.9445,0.9338,0.9407,252980.443435
1779544800000,0.9416,0.953,0.9409,0.9501,301000.226569
1779548400000,0.9502,0.9573,0.946,0.9544,384298.099559
1779552000000,0.9547,0.965,0.9518,0.964,385529.478951
1779555600000,0.9646,0.9742,0.9629,0.9645,257736.586468
1779559200000,0.9646,0.9883,0.9635,0.9788,375082.072069
1779562800000,0.9788,0.9843,0.9751,0.9792,98206.356875
1779566400000,0.9793,1.0097,0.974,1.0095,542689.716672
1779570000000,1.0094,1.0128,0.984,0.989,472577.043854
1779573600000,0.9891,0.9932,0.9756,0.9805,147537.566222
1779577200000,0.9806,0.9834,0.978,0.9825,149291.289665
1779580800000,0.9827,0.9835,0.9777,0.9811,178039.542247
1779584400000,0.981,0.9826,0.9769,0.9793,80035.184134
1779588000000,0.9795,0.9801,0.973,0.9785,163819.739804
1779591600000,0.9782,0.98,0.9699,0.9726,186831.775665
1779595200000,0.9729,0.9749,0.9689,0.9702,212169.257553
1779598800000,0.9703,0.9705,0.9634,0.9691,151298.997209
1779602400000,0.9689,0.9758,0.968,0.975,150133.394048
1779606000000,0.975,0.9766,0.9719,0.9746,168034.002094
1779609600000,0.9751,0.9789,0.9725,0.9758,139819.641835
1779613200000,0.9766,0.9773,0.9739,0.9754,105069.066099
1779616800000,0.9754,0.9772,0.9666,0.9716,162540.69656
1779620400000,0.9717,0.9731,0.9689,0.9713,84997.203711
1779624000000,0.9717,0.9719,0.9642,0.9697,93039.956858
1779627600000,0.9698,0.9711,0.956,0.9605,170524.321675
1779631200000,0.9604,0.9621,0.9385,0.9546,482894.611722
1779634800000,0.9548,0.9574,0.9536,0.9548,105484.572353
1779638400000,0.9547,0.9603,0.9537,0.9581,84109.15891
1779642000000,0.9583,0.9624,0.9581,0.9592,83748.148113
1779645600000,0.9593,0.9606,0.9526,0.954,33514.736549
1779649200000,0.9544,0.9559,0.9517,0.9532,28589.070771
1779652800000,0.9542,0.9542,0.9495,0.9506,46554.581556
1779656400000,0.9505,0.9538,0.9323,0.9377,403931.479217
1779660000000,0.9375,0.954,0.9375,0.9495,133715.427832
1779663600000,0.9497,0.9578,0.9497,0.9568,91260.839194
1779667200000,0.9569,0.9635,0.9569,0.9613,157446.024901
1779670800000,0.9613,0.9618,0.9505,0.951,151613.695596
1779674400000,0.9519,0.9603,0.9518,0.9534,113497.684125
1779678000000,0.9534,0.956,0.9514,0.955,69939.878353
1779681600000,0.9548,0.9643,0.9542,0.9631,236122.581409
1779685200000,0.9632,0.9714,0.9623,0.9678,182833.002136
1779688800000,0.9677,0.9711,0.964,0.9699,143966.10896
1779692400000,0.97,0.9784,0.966,0.9709,139648.785207
1779696000000,0.9711,0.9732,0.9683,0.9718,75002.871417
1779699600000,0.9715,0.972,0.9674,0.9715,130914.380694
1779703200000,0.9715,0.9816,0.9705,0.9769,219224.049135
1779706800000,0.9767,0.9769,0.97,0.9725,101070.815901
1779710400000,0.9728,0.9763,0.968,0.9734,91801.179978
1779714000000,0.973,0.98,0.9729,0.9789,111862.819666
1779717600000,0.979,0.9859,0.979,0.9851,295244.696678
1779721200000,0.9852,0.9945,0.9825,0.9935,263902.88986
1779724800000,0.9937,1.0065,0.9902,1.0031,343580.350522
1779728400000,1.0033,1.005,0.9965,1.0015,196906.819227
1779732000000,1.0023,1.0059,0.9971,0.9993,118178.083197
1779735600000,0.9994,0.9995,0.99,0.9961,195788.48869
1779739200000,0.9959,1.001,0.9861,0.9885,95429.102063
1779742800000,0.9885,0.9977,0.9885,0.9941,92603.411452
1779746400000,0.9944,0.9949,0.9787,0.9807,129592.512634
1779750000000,0.9805,0.9869,0.9792,0.9827,101690.433545
1779753600000,0.9827,0.9842,0.9702,0.9795,147255.635857
1779757200000,0.9795,0.9795,0.9671,0.974,236757.121983
1779760800000,0.974,0.9764,0.9704,0.9741,153634.074854
1779764400000,0.9739,0.9755,0.9685,0.9754,107633.293514
1779768000000,0.9753,0.9868,0.9722,0.9853,205281.727563
1779771600000,0.9855,1.0004,0.9827,0.9902,227809.901289
1779775200000,0.9913,1.0003,0.9846,0.9935,262682.380991
1779778800000,0.9937,0.995,0.9787,0.9869,144349.948635
1779782400000,0.9868,0.9966,0.986,0.9951,177964.494552
1779786000000,0.9952,1.0021,0.9915,0.9984,356875.684685
1779789600000,0.9984,1.016,0.9926,1.014,595076.609808
1779793200000,1.0135,1.0195,1.008,1.0123,443167.892773
1779796800000,1.0123,1.0186,1.0087,1.0144,282908.842592
1779800400000,1.0135,1.0429,1.0111,1.0357,662236.226912
1779804000000,1.0356,1.0513,1.0164,1.0299,1049770.208677
1779807600000,1.03,1.0396,1.009,1.0265,649757.815381
1779811200000,1.0264,1.0264,1.0081,1.0232,386040.55016
1779814800000,1.0232,1.0292,0.9888,1.0015,603113.595771
1779818400000,1.0015,1.0175,0.9992,1.0067,172449.662676
1779822000000,1.0072,1.0113,1.0015,1.0093,125624.468214
1779825600000,1.01,1.0113,0.9977,1.0029,53838.430179
1779829200000,1.003,1.0082,0.9954,0.998,118226.36868
1779832800000,0.9981,1.0091,0.9965,1.0032,114680.26109
1779836400000,1.0033,1.0146,1.0033,1.0094,136431.784164
1779840000000,1.0094,1.0304,1.008,1.0287,323158.036922
1779843600000,1.0288,1.0464,1.0155,1.0197,1308177.057256
1779847200000,1.0197,1.022,1.0043,1.0197,686591.589785
1779850800000,1.0196,1.0337,1.0091,1.0153,473814.647189
1779854400000,1.0152,1.0164,0.9756,1.0076,1130225.146456
1779858000000,1.0077,1.0329,1.0018,1.0313,528589.593282
1779861600000,1.0322,1.0613,1.0232,1.0564,1442722.023439
1779865200000,1.0561,1.0655,1.0272,1.0367,696533.905645
1779868800000,1.037,1.057,1.0294,1.0326,631993.063871
1779872400000,1.0323,1.0607,1.0279,1.043,626435.649126
1779876000000,1.0422,1.0606,1.035,1.0552,346756.458169
1779879600000,1.0554,1.069,1.043,1.045,494848.382575
1779883200000,1.0454,1.0889,1.0369,1.0773,1180127.527297
1779886800000,1.0773,1.0814,1.042,1.0729,1484394.028749
1779890400000,1.0729,1.0916,1.0436,1.0589,1112522.371956
1779894000000,1.0586,1.08,1.0531,1.0791,588690.270165
1779897600000,1.0792,1.0988,1.0615,1.07,1109610.877364
1779901200000,1.07,1.0708,1.0338,1.0409,715671.668836
1779904800000,1.0407,1.062,1.0335,1.0589,413441.695089
1779908400000,1.0604,1.0688,1.0563,1.0595,184423.278902
1779912000000,1.0597,1.0684,1.0523,1.0629,141793.200411
1779915600000,1.0623,1.0668,1.0295,1.0428,368720.939303
1779919200000,1.0429,1.0526,1.0376,1.0386,290387.325324
1779922800000,1.0377,1.0432,1.0216,1.0306,511684.696648
1779926400000,1.0305,1.0433,1.026,1.0429,251378.489817
1779930000000,1.0428,1.0515,1.0295,1.0496,398135.29788
1779933600000,1.0512,1.0595,1.0284,1.031,403052.004046
1779937200000,1.0292,1.0309,0.9801,0.9857,1329555.887897
1779940800000,0.9856,0.9952,0.9647,0.9792,1336287.587254
1779944400000,0.9798,0.9817,0.9578,0.9685,1182984.005608
1779948000000,0.9684,0.9725,0.9559,0.9667,705304.671947
1779951600000,0.9669,0.9758,0.9634,0.9753,315398.703421
1779955200000,0.975,0.9774,0.9646,0.9671,215359.661303
1779958800000,0.9678,0.9732,0.9626,0.9694,201068.249582
1779962400000,0.969,0.9739,0.9497,0.9513,661088.135695
1779966000000,0.9512,0.9548,0.944,0.9457,419379.407651
1779969600000,0.9457,0.9548,0.9401,0.9542,594741.132965
1779973200000,0.955,0.9567,0.9436,0.9481,391297.468461
1779976800000,0.9479,0.958,0.936,0.9429,1345752.669446
1779980400000,0.943,0.9446,0.9301,0.941,451548.895459
1779984000000,0.9407,0.975,0.9354,0.97,657171.098281
1779987600000,0.97,0.9765,0.9644,0.9719,201869.821824
1779991200000,0.9717,0.9824,0.969,0.9706,245512.078415
1779994800000,0.9707,0.972,0.9603,0.9608,111408.219082
1779998400000,0.9611,0.9666,0.9522,0.9582,218358.319203
1780002000000,0.9589,0.9694,0.9557,0.9617,120919.227443
1780005600000,0.9617,0.9643,0.9458,0.9496,313487.015908
1780009200000,0.9498,0.9619,0.9488,0.9598,180301.793287
1780012800000,0.9598,0.979,0.9598,0.9784,250225.329259
1780016400000,0.979,0.9916,0.9695,0.9817,518780.468066
1780020000000,0.9818,0.986,0.9624,0.9652,242754.554808
1780023600000,0.9651,0.9746,0.9637,0.9637,185884.886797
1780027200000,0.9645,0.9696,0.9553,0.9685,294958.355042
1780030800000,0.9688,0.9714,0.9589,0.9669,217238.82922
1780034400000,0.9663,0.9754,0.9607,0.9645,156512.786708
1780038000000,0.9638,0.9675,0.949,0.9581,357517.471594
1780041600000,0.9582,0.9676,0.9558,0.9571,270106.37581
1780045200000,0.9574,0.9686,0.9556,0.9644,208394.777974
1780048800000,0.9642,0.9644,0.9497,0.9511,213403.426539
1780052400000,0.95,0.9539,0.9388,0.9455,377653.379089
1780056000000,0.9457,0.947,0.9311,0.9365,404611.0916
1780059600000,0.9363,0.9446,0.925,0.9422,613319.70948
1780063200000,0.9424,0.956,0.9284,0.9513,336809.298078
1780066800000,0.951,0.985,0.9477,0.9728,1248603.936143
1780070400000,0.9727,0.9794,0.9613,0.9747,320163.306733
1780074000000,0.9753,0.9868,0.9707,0.9766,297533.479771
1780077600000,0.9765,0.9795,0.9592,0.9631,233261.327914
1780081200000,0.9632,0.9726,0.9531,0.9657,212095.50428
1780084800000,0.9658,0.9667,0.9579,0.9599,80856.107611
1780088400000,0.96,0.9679,0.9493,0.9494,121377.631102
1780092000000,0.9494,0.961,0.9463,0.9582,198750.660001
1780095600000,0.9584,0.9623,0.953,0.9564,89681.071379
1780099200000,0.9565,0.9642,0.9558,0.9624,100336.516133
1780102800000,0.9635,0.9868,0.9608,0.983,470315.041137
1780106400000,0.9814,1.0032,0.981,1.0019,669864.708515
1780110000000,1.0017,1.0169,0.9949,1,652160.236236
1780113600000,0.9993,1.0026,0.97,0.982,710537.670042
1780117200000,0.9819,0.9896,0.9805,0.9878,251186.008342
1780120800000,0.989,0.9903,0.9721,0.9749,238835.864164
1780124400000,0.9749,0.9832,0.973,0.9818,166385.452861
1780128000000,0.982,0.9837,0.9775,0.9792,89037.388942
1780131600000,0.979,0.9865,0.9775,0.9805,99688.022411
1780135200000,0.9805,0.9817,0.9782,0.9789,70158.29889
1780138800000,0.9785,0.9819,0.9735,0.9798,138970.602643
1780142400000,0.9795,0.98,0.974,0.9796,120418.630568
1780146000000,0.98,0.9829,0.9685,0.9819,211744.18574
1780149600000,0.9823,0.9897,0.9777,0.9817,211475.525745
1780153200000,0.9822,0.9852,0.9701,0.9733,332928.854241
1780156800000,0.9735,0.9783,0.9708,0.9773,90769.817503
1780160400000,0.9774,0.9787,0.9696,0.9771,131480.790123
1780164000000,0.9769,0.9834,0.9746,0.9807,85107.586995
1780167600000,0.9807,0.9905,0.9771,0.9817,346495.06929
1780171200000,0.9823,0.9925,0.9799,0.9863,153219.316872
1780174800000,0.9866,0.9908,0.9845,0.9858,116656.805992
1780178400000,0.9854,0.9855,0.9632,0.9701,260678.265904
1780182000000,0.9698,0.9738,0.9685,0.9737,77345.757988
1780185600000,0.974,0.977,0.9639,0.9721,198832.662131
1780189200000,0.9727,0.9765,0.9702,0.9714,73773.687929
1780192800000,0.9712,0.9804,0.9682,0.9761,116117.592659
1780196400000,0.976,0.9796,0.9748,0.9779,113232.909251
1780200000000,0.9779,0.9854,0.9769,0.9842,145120.029674
1780203600000,0.984,0.9843,0.9699,0.9718,130304.818128
1780207200000,0.9709,0.9714,0.9668,0.9682,125537.035521
1780210800000,0.968,0.968,0.954,0.9617,303086.131225
1780214400000,0.9618,0.965,0.9584,0.9616,127192.882187
1780218000000,0.9615,0.9679,0.9605,0.9619,117688.653873
1780221600000,0.9615,0.9624,0.9542,0.9621,105021.978453
1780225200000,0.9624,0.9648,0.9597,0.961,78959.046722
1780228800000,0.9601,0.9643,0.9566,0.9617,63132.506402
1780232400000,0.9621,0.9632,0.956,0.957,101469.165953
1780236000000,0.9566,0.9566,0.937,0.9403,571949.51835
1780239600000,0.9403,0.9491,0.9352,0.9366,394412.620572
1780243200000,0.9367,0.94,0.9235,0.9281,501357.507135
1780246800000,0.9283,0.9311,0.9238,0.9299,224278.901616
1780250400000,0.9302,0.9302,0.9244,0.9256,112478.90502
1780254000000,0.9255,0.9272,0.9125,0.9208,428878.89016
1780257600000,0.9208,0.9297,0.9208,0.9283,116577.29702
1780261200000,0.9283,0.9378,0.9273,0.9342,210959.092584
1780264800000,0.9343,0.9415,0.93,0.9382,236962.59902
1780268400000,0.9392,0.9459,0.9284,0.9373,214524.209922
1780272000000,0.9377,0.9538,0.9368,0.949,401257.370238
1780275600000,0.9491,0.9511,0.9295,0.9296,244660.678012
1780279200000,0.9293,0.9596,0.9259,0.955,440928.523839
1780282800000,0.9557,0.9598,0.9507,0.9535,249057.236465
1780286400000,0.9537,0.958,0.9377,0.9436,283695.638861
1780290000000,0.9433,0.9441,0.93,0.9377,248681.148939
1780293600000,0.9378,0.9394,0.9229,0.9283,264115.133874
1780297200000,0.9285,0.9319,0.9186,0.9206,361035.216768
1780300800000,0.9208,0.9234,0.9133,0.9208,244857.876389
1780304400000,0.9212,0.9253,0.9175,0.9216,214707.56046
1780308000000,0.9219,0.9254,0.9162,0.9229,223278.31444
1780311600000,0.9234,0.9283,0.9168,0.92,187600.073508
1780315200000,0.9203,0.9239,0.9048,0.916,543123.512781
1780318800000,0.9161,0.9164,0.8949,0.9056,994334.024146
1780322400000,0.9061,0.9095,0.8988,0.9089,363076.744009
1780326000000,0.9089,0.9144,0.8997,0.9077,376827.298973
1780329600000,0.9075,0.9307,0.9019,0.9272,544405.879059
1780333200000,0.9288,0.949,0.9265,0.943,541290.948598
1780336800000,0.9432,0.9583,0.9394,0.9473,337383.309894
1780340400000,0.9473,0.9735,0.9445,0.973,541680.220472
1780344000000,0.9735,0.9741,0.9586,0.9636,352982.684944
1780347600000,0.9636,0.9637,0.9503,0.9507,425862.622457
1780351200000,0.9506,0.96,0.9441,0.9569,346477.717818
1780354800000,0.957,0.9599,0.9515,0.9567,342172.946914
1780358400000,0.9561,0.9576,0.947,0.952,253465.927158
1780362000000,0.9517,0.9578,0.936,0.9376,371767.993947
1780365600000,0.9378,0.9509,0.9281,0.9509,371752.948102
1780369200000,0.9509,0.9585,0.9481,0.9554,243112.417022
1780372800000,0.956,0.958,0.9461,0.9475,198376.744485
1780376400000,0.9465,0.9495,0.9324,0.9331,262169.815993
1780380000000,0.9331,0.9335,0.923,0.9269,306832.569233
1780383600000,0.927,0.9357,0.92,0.9312,297321.77108
1780387200000,0.9311,0.9369,0.9298,0.9354,223372.088591
1780390800000,0.9356,0.936,0.9267,0.9291,143775.158244
1780394400000,0.9292,0.9389,0.9264,0.9375,142435.522744
1780398000000,0.9374,0.94,0.9283,0.9336,253761.419266
1780401600000,0.9334,0.9452,0.9296,0.94,364742.681613
1780405200000,0.9398,0.9448,0.936,0.9373,496955.275413
1780408800000,0.9375,0.9395,0.892,0.912,1748637.463931
1780412400000,0.9119,0.9124,0.8769,0.8862,1598893.944422
1780416000000,0.8861,0.906,0.8813,0.894,906568.336303
1780419600000,0.8946,0.9055,0.8944,0.9015,222152.031724
1780423200000,0.9023,0.9066,0.868,0.8757,709690.793009
1780426800000,0.8758,0.8786,0.85,0.869,1070943.772212
1780430400000,0.8695,0.8787,0.8615,0.877,296221.097295
1780434000000,0.8772,0.889,0.8753,0.8782,273192.37262
1780437600000,0.8783,0.8821,0.8579,0.861,475309.743551
1780441200000,0.8611,0.8698,0.8427,0.863,977231.392173
1780444800000,0.8632,0.8805,0.8632,0.8764,373964.036846
1780448400000,0.8756,0.8805,0.8671,0.8792,229178.401191
1780452000000,0.8792,0.8803,0.8724,0.8802,123294.769383
1780455600000,0.8802,0.8837,0.8503,0.8573,697591.28229
1780459200000,0.8574,0.8852,0.8572,0.883,519405.817731
1780462800000,0.8832,0.897,0.8817,0.8909,409196.247484
1780466400000,0.8909,0.9044,0.8855,0.8978,465123.539323
1780470000000,0.8977,0.904,0.8941,0.9003,271005.814283
1780473600000,0.8995,0.9033,0.895,0.8978,191428.561686
1780477200000,0.8975,0.9002,0.8908,0.8952,286223.042373
1780480800000,0.8954,0.9501,0.8954,0.9459,1339251.326455
1780484400000,0.9457,0.9725,0.9415,0.9651,2159492.184254
1780488000000,0.9651,0.9754,0.9493,0.9576,1352105.685108
1780491600000,0.9584,0.9727,0.9506,0.9587,822772.833669
1780495200000,0.9581,0.9985,0.9474,0.9951,1193410.253617
1780498800000,0.9954,0.9994,0.9742,0.9898,1164581.939987
1780502400000,0.9899,0.9925,0.9369,0.951,1321908.568113
1780506000000,0.9511,0.9581,0.9357,0.9447,500603.449988
1780509600000,0.9445,0.947,0.9268,0.94,457671.646332
1780513200000,0.9408,0.9443,0.9258,0.931,263641.28448
1780516800000,0.9307,0.9443,0.9054,0.912,544101.959681
1780520400000,0.9119,0.9499,0.9101,0.9471,453417.847836
1780524000000,0.9471,0.9537,0.9353,0.9415,293432.094567
1780527600000,0.9415,0.9415,0.9266,0.927,236680.720657
1780531200000,0.9265,0.9382,0.9151,0.9194,526769.222799
1780534800000,0.9193,0.9255,0.8834,0.8855,1222461.931279
1780538400000,0.8857,0.8893,0.8269,0.8749,2734449.222969
1780542000000,0.875,0.8986,0.875,0.8934,791881.55277
1780545600000,0.8941,0.8963,0.874,0.876,595823.367418
1780549200000,0.8758,0.8758,0.8539,0.8656,763385.752197
1780552800000,0.8652,0.8836,0.8575,0.8723,642122.945767
1780556400000,0.8726,0.8748,0.8502,0.8524,633354.3405
1780560000000,0.8524,0.8647,0.8455,0.8598,761411.140806
1780563600000,0.8602,0.8604,0.8281,0.8439,1095861.418684
1780567200000,0.8442,0.852,0.8321,0.8371,801549.899992
1780570800000,0.8367,0.8492,0.832,0.8479,707558.928259
1780574400000,0.8485,0.8717,0.8357,0.87,894112.985226
1780578000000,0.87,0.8761,0.8535,0.8715,600485.61124
1780581600000,0.8724,0.8754,0.8617,0.8711,317679.055905
1780585200000,0.8711,0.8914,0.8694,0.8873,692486.192669
1780588800000,0.887,0.8975,0.8817,0.8919,546309.019912
1780592400000,0.8915,0.8981,0.8707,0.8781,422751.212147
1780596000000,0.879,0.903,0.8712,0.8982,401895.354772
1780599600000,0.8981,0.9025,0.8897,0.8943,184872.385673
1780603200000,0.8945,0.8949,0.8797,0.8906,189434.594942
1780606800000,0.8901,0.9013,0.8461,0.8516,821799.354411
1780610400000,0.8511,0.8658,0.8415,0.8639,368393.385942
1780614000000,0.8634,0.8703,0.8546,0.8661,244957.851937
1780617600000,0.8659,0.8759,0.8484,0.8492,326628.699962
1780621200000,0.8491,0.871,0.8415,0.8612,408701.617956
1780624800000,0.8613,0.8614,0.8238,0.8283,532793.495532
1780628400000,0.8286,0.8417,0.8209,0.8296,599741.509246
1780632000000,0.8303,0.8517,0.8267,0.8492,539820.436836
1780635600000,0.8498,0.8536,0.815,0.8196,891110.29593
1780639200000,0.8196,0.8232,0.7642,0.7956,3666583.256301
1780642800000,0.7957,0.8098,0.7702,0.8061,980568.242616
1780646400000,0.8063,0.8065,0.7796,0.7824,491252.956938
1780650000000,0.7825,0.8046,0.7823,0.8042,637785.020754
1780653600000,0.8042,0.8059,0.7827,0.7867,415604.173921
1780657200000,0.7865,0.7868,0.7756,0.7837,606445.354315
1780660800000,0.7835,0.7892,0.771,0.7875,591114.13698
1780664400000,0.7874,0.8028,0.7618,0.7635,701691.772569
1780668000000,0.7633,0.7948,0.7564,0.7829,783704.645352
1780671600000,0.7828,0.7843,0.7256,0.7375,2050917.818078
1780675200000,0.7371,0.747,0.7119,0.7383,2441040.423686
1780678800000,0.7383,0.7433,0.7281,0.7393,725839.216676
1780682400000,0.7391,0.7477,0.7105,0.7169,1479892.713462
1780686000000,0.7158,0.7339,0.6998,0.7286,1432561.91925
1780689600000,0.7287,0.7473,0.721,0.7442,728270.178587
1780693200000,0.744,0.7501,0.7413,0.7436,493979.349013
1780696800000,0.7436,0.7509,0.7329,0.7466,325572.841763
1780700400000,0.7467,0.7493,0.7235,0.7343,423600.423482
1780704000000,0.7342,0.7487,0.7341,0.743,290156.953386
1780707600000,0.7431,0.7459,0.7296,0.7307,359119.707437
1780711200000,0.7306,0.7341,0.7236,0.7252,419573.688694
1780714800000,0.725,0.7255,0.7169,0.7186,507317.200718
1780718400000,0.7188,0.7234,0.6752,0.6826,1964666.438355
1780722000000,0.6828,0.7113,0.6701,0.7091,1161434.052636
1780725600000,0.7094,0.721,0.7094,0.7117,745186.921427
1780729200000,0.712,0.7266,0.7093,0.7245,543343.776823
1780732800000,0.7242,0.7382,0.7221,0.7337,441155.203309
1780736400000,0.734,0.7392,0.721,0.7231,402804.225911
1780740000000,0.7232,0.7232,0.708,0.7191,777748.198163
1780743600000,0.719,0.7272,0.717,0.7253,259965.781668
1780747200000,0.7253,0.7346,0.7214,0.7311,348360.923965
1780750800000,0.7315,0.7364,0.7269,0.7306,261213.304411
1780754400000,0.7306,0.7359,0.7269,0.7269,273206.743651
1780758000000,0.7274,0.729,0.7147,0.7269,543149.982804
1780761600000,0.7268,0.7318,0.719,0.7275,186940.494405
1780765200000,0.7271,0.7274,0.7157,0.7198,171725.145685
1780768800000,0.7199,0.7339,0.7178,0.7287,237714.029992
1780772400000,0.7287,0.7346,0.7234,0.7234,193483.885273
1780776000000,0.7233,0.7282,0.722,0.7254,210771.06898
1780779600000,0.7257,0.7318,0.7257,0.7279,183375.589325
1780783200000,0.7277,0.7299,0.7233,0.7257,123759.093727
1780786800000,0.7256,0.7356,0.7253,0.7315,114980.90583
1780790400000,0.7317,0.7369,0.7284,0.7321,133959.907072
1780794000000,0.7322,0.7511,0.7319,0.7495,465508.162692
1780797600000,0.7496,0.7512,0.7425,0.7474,341892.764577
1780801200000,0.7473,0.7518,0.7457,0.7489,426369.418958
1780804800000,0.7488,0.749,0.7407,0.7468,300322.243622
1780808400000,0.7467,0.7572,0.7446,0.752,468696.923582
1780812000000,0.752,0.76,0.7482,0.7562,266497.371744
1780815600000,0.7554,0.7604,0.7534,0.76,264486.521354
1780819200000,0.76,0.7717,0.7539,0.7712,361951.309098
1780822800000,0.7714,0.7729,0.7606,0.7612,357124.294465
1780826400000,0.7612,0.7636,0.7564,0.7595,160230.273346
1780830000000,0.7594,0.7766,0.7574,0.7728,378873.12346
1780833600000,0.7729,0.7745,0.7481,0.7568,656854.596987
1780837200000,0.7567,0.7593,0.7533,0.7561,192149.893253
1780840800000,0.7562,0.7702,0.7547,0.768,305377.098712
1780844400000,0.7679,0.771,0.7588,0.7649,484211.980453
1780848000000,0.7648,0.7654,0.7578,0.7608,289420.685749
1780851600000,0.7607,0.7664,0.7541,0.7594,139898.27478
1780855200000,0.7594,0.763,0.7517,0.7527,148052.636438
1780858800000,0.753,0.7547,0.7381,0.7427,657775.544182
1780862400000,0.7425,0.7556,0.7402,0.7533,162772.159316
1780866000000,0.7534,0.7562,0.7496,0.7525,114273.376752
1780869600000,0.7526,0.8016,0.7523,0.7708,1228408.529045
1780873200000,0.7705,0.776,0.7696,0.7732,314863.138223
1780876800000,0.7735,0.7844,0.7688,0.7777,312699.307123
1780880400000,0.7778,0.7789,0.76,0.7701,314518.872651
1780884000000,0.771,0.7756,0.7681,0.77,201056.117694
1780887600000,0.7704,0.7755,0.7665,0.7691,257801.82647
1780891200000,0.7692,0.7698,0.7581,0.7581,247726.524345
1780894800000,0.7582,0.7615,0.7552,0.7615,345971.573728
1780898400000,0.7614,0.7687,0.7612,0.7647,241498.284057
1780902000000,0.7647,0.77,0.7605,0.7686,186808.87938
1780905600000,0.7686,0.7713,0.7615,0.7651,219287.022816
1780909200000,0.7651,0.7746,0.7644,0.7746,305347.796095
1780912800000,0.7746,0.7773,0.7681,0.7722,214929.271262
1780916400000,0.7723,0.7867,0.7707,0.7798,380812.284167
1780920000000,0.7801,0.7875,0.7702,0.7851,407710.220729
1780923600000,0.785,0.7859,0.7787,0.7809,283047.744558
1780927200000,0.7807,0.7825,0.7761,0.7805,348502.111251
1780930800000,0.7816,0.7877,0.7803,0.7813,385879.791038
1780934400000,0.7814,0.7914,0.78,0.781,356741.685295
1780938000000,0.7812,0.7884,0.7776,0.7881,204028.963619
1780941600000,0.7883,0.7918,0.7861,0.789,315294.59259
1780945200000,0.7887,0.7916,0.7858,0.7874,194145.79041
1780948800000,0.7875,0.7888,0.7797,0.7887,204195.190057
1780952400000,0.7888,0.7929,0.7839,0.7841,171561.948611
1780956000000,0.7838,0.7839,0.7754,0.7785,432333.794739
1780959600000,0.7787,0.7813,0.7715,0.7761,161638.520588
1780963200000,0.7759,0.7777,0.7559,0.7598,733136.746467
1780966800000,0.7598,0.7678,0.7576,0.7648,328746.005788
1780970400000,0.7648,0.7663,0.7559,0.7604,165763.910761
1780974000000,0.7607,0.765,0.758,0.7639,188748.109213
1780977600000,0.7638,0.7754,0.7609,0.7716,218959.848484
1780981200000,0.7715,0.7799,0.7702,0.7749,216425.912671
1780984800000,0.7749,0.7774,0.7707,0.7719,205905.423567
1780988400000,0.7722,0.7772,0.7682,0.7721,132631.877858
1780992000000,0.772,0.776,0.7671,0.7722,172674.820609
1780995600000,0.7724,0.7741,0.765,0.7689,156278.520931
1780999200000,0.7691,0.7711,0.7635,0.7668,149291.209533
1781002800000,0.7663,0.7696,0.7636,0.7687,132617.083065
1781006400000,0.7683,0.7754,0.768,0.7744,396371.312005
1781010000000,0.7755,0.7828,0.7704,0.7786,804411.005215
1781013600000,0.7778,0.7789,0.7501,0.7602,879437.13131
1781017200000,0.7602,0.7652,0.7483,0.7513,449978.453465
1781020800000,0.751,0.7552,0.7405,0.7495,488407.505504
1781024400000,0.7496,0.7678,0.7489,0.7615,255374.843333
1781028000000,0.7618,0.771,0.7594,0.7679,175551.575389
1781031600000,0.768,0.7755,0.7668,0.7718,223700.149643
1781035200000,0.7723,0.7784,0.7702,0.7728,189065.930917
1781038800000,0.7737,0.775,0.7643,0.7649,132250.593913
1781042400000,0.7651,0.7691,0.7612,0.7612,99474.108169
1781046000000,0.7613,0.7656,0.7597,0.7626,204359.767711
1781049600000,0.7625,0.7684,0.759,0.7683,158255.915198
1781053200000,0.7682,0.7711,0.76,0.7658,192238.633265
1781056800000,0.7659,0.7675,0.7508,0.7547,202108.390107
1781060400000,0.7547,0.7612,0.7536,0.7572,133575.497121
1781064000000,0.7574,0.7595,0.7494,0.753,116744.004906
1781067600000,0.7533,0.7549,0.7478,0.7506,143536.605688
1781071200000,0.7502,0.7559,0.748,0.7504,163409.179429
1781074800000,0.7514,0.7597,0.7513,0.7553,167295.720316
1781078400000,0.7555,0.7558,0.7457,0.747,160327.368181
1781082000000,0.7471,0.7524,0.7381,0.75,392985.432068
1781085600000,0.75,0.7517,0.7443,0.7502,162415.063214
1781089200000,0.7503,0.7511,0.736,0.7409,393262.063358
1781092800000,0.7409,0.7608,0.7377,0.7542,515007.150616
1781096400000,0.754,0.7694,0.7519,0.7612,467246.3751
1781100000000,0.7617,0.7624,0.7488,0.7532,390630.586508
1781103600000,0.7533,0.76,0.7466,0.7562,369084.373062
1781107200000,0.7563,0.7592,0.7438,0.7499,256685.320156
1781110800000,0.75,0.7539,0.7391,0.7463,415177.732517
1781114400000,0.7461,0.7489,0.74,0.7466,164571.152601
1781118000000,0.7469,0.7475,0.735,0.7375,200293.240551
1781121600000,0.7376,0.7398,0.7294,0.7324,340855.819743
1781125200000,0.7322,0.7351,0.7226,0.7261,362829.155173
1781128800000,0.7262,0.7324,0.7175,0.7254,463141.443235
1781132400000,0.7255,0.7371,0.7223,0.7345,475851.598576
1781136000000,0.7347,0.7414,0.7346,0.7397,171969.203896
1781139600000,0.7399,0.7512,0.7398,0.7488,261172.07877
1781143200000,0.7493,0.7497,0.7365,0.7414,324071.130718
1781146800000,0.7414,0.7635,0.7406,0.7593,448085.163733
1781150400000,0.7599,0.7664,0.7551,0.7611,171481.102954
1781154000000,0.7614,0.7615,0.7554,0.7563,157902.313246
1781157600000,0.756,0.7612,0.7532,0.7532,102990.193187
1781161200000,0.7531,0.7573,0.7523,0.754,186400.738675
1781164800000,0.7546,0.7611,0.7543,0.7584,233522.966343
1781168400000,0.7587,0.7587,0.7493,0.7539,336720.329471
1781172000000,0.7537,0.7555,0.7509,0.7544,177514.94058
1781175600000,0.7542,0.7592,0.7519,0.756,206984.418026
1781179200000,0.7559,0.756,0.743,0.7514,342915.206362
1781182800000,0.7511,0.7587,0.748,0.7539,305746.992875
1781186400000,0.754,0.7555,0.7484,0.7491,397878.639716
1781190000000,0.7492,0.7556,0.7448,0.7536,207293.259687
1781193600000,0.7537,0.7567,0.7495,0.7513,139233.876478
1781197200000,0.7507,0.7733,0.7422,0.7713,511998.716167
1781200800000,0.7715,0.7746,0.7641,0.7665,317987.392474
1781204400000,0.7664,0.7711,0.763,0.765,227224.19606
1781208000000,0.765,0.7665,0.7592,0.7625,169758.706839
1781211600000,0.7626,0.7697,0.7626,0.7645,164167.890775
1781215200000,0.7646,0.7658,0.7594,0.7608,117069.982553
1781218800000,0.7603,0.7616,0.7554,0.7581,194282.975854
1781222400000,0.7585,0.762,0.7559,0.7577,149194.607962
1781226000000,0.7578,0.7581,0.7505,0.7571,157468.425579
1781229600000,0.7575,0.7636,0.7567,0.7604,365257.553392
1781233200000,0.7603,0.7627,0.7593,0.761,105731.636292
1781236800000,0.761,0.7624,0.7579,0.7593,180556.118491
1781240400000,0.7593,0.7597,0.7527,0.7531,179694.361458
1781244000000,0.753,0.754,0.7428,0.7452,295472.117275
1781247600000,0.7454,0.7525,0.7454,0.75,247283.762208
1781251200000,0.7503,0.7575,0.7499,0.7545,217336.289101
1781254800000,0.7544,0.7603,0.7526,0.7568,495652.314109
1781258400000,0.7569,0.7607,0.753,0.7544,294410.833358
1781262000000,0.7539,0.7572,0.7528,0.7544,99776.347727
1781265600000,0.754,0.7603,0.7508,0.7534,200377.611511
1781269200000,0.7533,0.7543,0.739,0.7453,961532.580636
1781272800000,0.7454,0.7626,0.7446,0.762,399262.614666
1781276400000,0.7618,0.7646,0.7441,0.7448,526914.183184
1781280000000,0.745,0.7573,0.7423,0.7571,407802.104722
1781283600000,0.7572,0.7611,0.7516,0.7522,128592.12316
1781287200000,0.7522,0.7545,0.747,0.7505,110911.02511
1781290800000,0.7505,0.7564,0.7495,0.7505,135455.354817
1781294400000,0.7501,0.7546,0.7472,0.7486,139961.165798
1781298000000,0.7487,0.7522,0.7446,0.7464,118579.73528
1781301600000,0.7465,0.7503,0.7453,0.7473,117536.396133
1781305200000,0.747,0.7493,0.7428,0.7493,149190.014598
1781308800000,0.7494,0.7555,0.7484,0.7546,135869.056509
1781312400000,0.7547,0.7655,0.7547,0.7644,320024.203348
1781316000000,0.7644,0.7645,0.7579,0.7624,195733.976366
1781319600000,0.7626,0.7636,0.7577,0.7589,199573.22821
1781323200000,0.7588,0.7699,0.7568,0.7631,298866.435245
1781326800000,0.7631,0.7642,0.7554,0.7599,212644.482664
1781330400000,0.76,0.7754,0.758,0.7725,380633.181317
1781334000000,0.7725,0.7814,0.7679,0.7754,520504.474744
1781337600000,0.7753,0.7813,0.7743,0.7757,238340.479011
1781341200000,0.7756,0.7847,0.775,0.7772,233165.701077
1781344800000,0.7773,0.7802,0.7764,0.779,143298.475374
1781348400000,0.7791,0.7866,0.7786,0.7833,198363.593609
1781352000000,0.7834,0.7921,0.7816,0.788,238135.490923
1781355600000,0.7878,0.7908,0.7832,0.7871,267591.614562
1781359200000,0.7872,0.7898,0.7804,0.7863,224237.110191
1781362800000,0.7867,0.7987,0.786,0.7923,350368.277529
1781366400000,0.7926,0.793,0.7801,0.7865,349023.061111
1781370000000,0.7865,0.7922,0.7815,0.7882,150809.161171
1781373600000,0.788,0.7915,0.7844,0.7888,189360.785021
1781377200000,0.7889,0.7943,0.7854,0.7887,168571.842294
1781380800000,0.789,0.7891,0.7845,0.786,119204.738556
1781384400000,0.7865,0.7933,0.7826,0.7905,154298.292134
1781388000000,0.7909,0.791,0.7851,0.7855,126731.275733
1781391600000,0.7851,0.7883,0.7837,0.785,138271.126106
1781395200000,0.7847,0.786,0.7769,0.7801,256729.247687
1781398800000,0.7799,0.7805,0.7754,0.7777,398954.29478
1781402400000,0.7777,0.7818,0.7761,0.7765,373891.99951
1781406000000,0.7765,0.7781,0.774,0.777,106873.748218
1781409600000,0.7768,0.7787,0.7713,0.7719,106065.482278
1781413200000,0.7718,0.7723,0.764,0.7718,234797.727914
1781416800000,0.7718,0.7752,0.7671,0.7679,208490.24278
1781420400000,0.7679,0.7691,0.7653,0.7682,118531.544795
1781424000000,0.7682,0.7728,0.7671,0.7698,118813.545019
1781427600000,0.77,0.7779,0.7688,0.7769,206806.296653
1781431200000,0.7768,0.7789,0.7715,0.7719,142036.655473
1781434800000,0.7716,0.7732,0.7695,0.7721,106479.011925
1781438400000,0.7723,0.7731,0.7661,0.7676,129375.033213
1781442000000,0.7675,0.7695,0.7631,0.7687,296922.60937
1781445600000,0.7689,0.7696,0.7531,0.7598,385148.819041
1781449200000,0.76,0.7613,0.7577,0.7606,166746.171134
1781452800000,0.7604,0.7631,0.7587,0.7605,177750.550933
1781456400000,0.7602,0.7621,0.7532,0.7548,186642.849406
1781460000000,0.755,0.7578,0.7534,0.7565,41786.423739
1781463600000,0.7565,0.7621,0.7553,0.7584,30298.969223
1781467200000,0.7584,0.7645,0.7574,0.7624,79431.916707
1781470800000,0.7622,0.7964,0.7621,0.79,740459.010117
1781474400000,0.7903,0.7936,0.7825,0.788,1006423.107393
1781478000000,0.7881,0.7968,0.7836,0.7944,514083.148694
1781481600000,0.7942,0.7948,0.7879,0.7897,646110.577438
1781485200000,0.7898,0.7928,0.7847,0.7908,210987.56236
1781488800000,0.7907,0.799,0.7895,0.7962,348727.659264
1781492400000,0.7961,0.8072,0.7933,0.8029,1052886.579371
1781496000000,0.803,0.8105,0.8013,0.8028,461104.914179
1781499600000,0.8024,0.8117,0.8002,0.8041,280632.990355
1781503200000,0.804,0.8096,0.8016,0.8028,238557.902412
1781506800000,0.8027,0.8073,0.7986,0.8005,448184.537265
1781510400000,0.8006,0.8056,0.7994,0.8008,258974.381487
1781514000000,0.8009,0.8034,0.7971,0.799,492358.517221
1781517600000,0.7991,0.8125,0.7984,0.8063,372883.430637
1781521200000,0.8063,0.8243,0.8054,0.8174,791521.87446
1781524800000,0.8176,0.8183,0.8077,0.8148,739280.714465
1781528400000,0.8147,0.823,0.8121,0.8165,608392.77707
1781532000000,0.8165,0.8199,0.8116,0.814,241093.381746
1781535600000,0.814,0.8181,0.8048,0.8153,463879.280243
1781539200000,0.8149,0.8157,0.8101,0.8124,315950.236484
1781542800000,0.8121,0.8192,0.8068,0.8145,302190.64947
1781546400000,0.8146,0.8189,0.812,0.8123,193542.974974
1781550000000,0.8124,0.8152,0.7948,0.8027,573862.152772
1781553600000,0.8025,0.8069,0.8004,0.8027,152244.520531
1781557200000,0.8033,0.8048,0.8005,0.8013,199480.352654
1781560800000,0.8013,0.8027,0.786,0.7903,735229.667435
1781564400000,0.7904,0.7964,0.7897,0.7959,282615.919238
1781568000000,0.7959,0.7989,0.7925,0.7942,455029.682168
1781571600000,0.7943,0.8,0.7934,0.7944,150012.58704
1781575200000,0.7943,0.7961,0.7835,0.7876,761098.832323
1781578800000,0.7897,0.7997,0.7889,0.7986,227202.693717
1781582400000,0.7986,0.7987,0.7884,0.7912,542991.670165
1781586000000,0.7911,0.7948,0.79,0.7932,70192.094201
1781589600000,0.7931,0.7985,0.7923,0.7968,178453.428468
1781593200000,0.7968,0.8017,0.7934,0.8016,220520.656107
1781596800000,0.8014,0.8114,0.799,0.8109,491000.30986
1781600400000,0.8108,0.811,0.8018,0.8033,201212.850636
1781604000000,0.8033,0.8051,0.8006,0.8028,102096.429534
1781607600000,0.8028,0.8038,0.7961,0.8006,209305.141911
1781611200000,0.8007,0.8075,0.797,0.8039,203196.549834
1781614800000,0.804,0.805,0.789,0.7926,368926.406669
1781618400000,0.7926,0.7961,0.7738,0.7787,748952.83597
1781622000000,0.7786,0.7872,0.7779,0.7844,279887.218213
1781625600000,0.7842,0.7897,0.7815,0.7847,220117.232889
1781629200000,0.7852,0.7928,0.7828,0.7924,159080.062946
1781632800000,0.7928,0.8041,0.7919,0.7977,349947.286943
1781636400000,0.7976,0.8019,0.7913,0.7996,280076.847951
1781640000000,0.7996,0.8211,0.7969,0.8128,471989.13737
1781643600000,0.8128,0.8132,0.8046,0.8092,458539.551038
1781647200000,0.8091,0.8172,0.807,0.8166,371091.156871
1781650800000,0.8166,0.8197,0.8058,0.8085,531802.846636
1781654400000,0.8086,0.8184,0.8064,0.8159,327427.590899
1781658000000,0.8164,0.8241,0.8076,0.8225,391235.351935
1781661600000,0.8226,0.8309,0.8183,0.8261,424756.717256
1781665200000,0.8263,0.8264,0.8137,0.8169,290278.60623
1781668800000,0.817,0.8242,0.8131,0.8184,129329.200864
1781672400000,0.8186,0.8216,0.8107,0.8159,117308.428187
1781676000000,0.8159,0.8223,0.8123,0.8165,262618.124846
1781679600000,0.8163,0.8249,0.8125,0.8158,509185.182728
1781683200000,0.8159,0.8177,0.8011,0.8059,496185.936123
1781686800000,0.8057,0.8138,0.8056,0.8109,188336.062111
1781690400000,0.811,0.8168,0.8064,0.8091,297069.308004
1781694000000,0.8092,0.8105,0.8025,0.803,247410.471035
1781697600000,0.8028,0.813,0.7976,0.8124,329140.717466
1781701200000,0.8123,0.8158,0.8069,0.8075,333878.588218
1781704800000,0.8074,0.8196,0.8032,0.8102,378553.860433
1781708400000,0.8103,0.8328,0.8091,0.8311,525157.846179
1781712000000,0.8309,0.8314,0.8142,0.8156,606223.460387
1781715600000,0.8151,0.8205,0.8084,0.8205,301359.107874
1781719200000,0.8205,0.8221,0.795,0.812,952631.320188
1781722800000,0.8117,0.8147,0.7812,0.7859,1311897.900776
1781726400000,0.7861,0.7944,0.7836,0.7938,275506.109521
1781730000000,0.7941,0.7955,0.7851,0.7883,257790.229839
1781733600000,0.7883,0.7989,0.7763,0.7962,631115.297198
1781737200000,0.796,0.8049,0.796,0.7984,168702.079411
1781740800000,0.7986,0.8045,0.798,0.7994,188192.707618
1781744400000,0.799,0.8086,0.7983,0.8,180227.219676
1781748000000,0.8006,0.8048,0.7987,0.802,97467.118971
1781751600000,0.8019,0.8024,0.7892,0.7919,216405.421136
1781755200000,0.7921,0.7934,0.782,0.7838,393859.59502
1781758800000,0.7836,0.7879,0.778,0.7879,230470.37978
1781762400000,0.7879,0.7914,0.7838,0.7906,150890.987981
1781766000000,0.7905,0.7946,0.7875,0.7907,189753.51966
1781769600000,0.7905,0.798,0.7887,0.7938,121060.852405
1781773200000,0.7939,0.801,0.7924,0.7979,77310.907711
1781776800000,0.7978,0.7987,0.7936,0.7945,152478.139516
1781780400000,0.7946,0.7968,0.7852,0.7867,123518.059915
1781784000000,0.7869,0.7927,0.7841,0.7916,163615.929596
1781787600000,0.7917,0.798,0.7807,0.7866,271939.396287
1781791200000,0.7872,0.803,0.785,0.7966,397406.366545
1781794800000,0.797,0.797,0.7555,0.7584,1328316.656707
1781798400000,0.758,0.7698,0.7565,0.7683,419250.136493
1781802000000,0.7687,0.7695,0.7582,0.7671,289411.278837
1781805600000,0.7675,0.7752,0.7659,0.7711,201362.501127
1781809200000,0.7712,0.7874,0.77,0.7827,405153.179503
1781812800000,0.7827,0.7996,0.7827,0.7964,344833.393064
1781816400000,0.7966,0.7975,0.786,0.7937,522410.107001
1781820000000,0.7936,0.7997,0.7933,0.7976,225923.232299
1781823600000,0.7975,0.7999,0.7925,0.7992,253074.753739
1781827200000,0.7992,0.8033,0.7967,0.7975,226685.386492
1781830800000,0.7975,0.7996,0.79,0.7922,350783.958227
1781834400000,0.7924,0.7969,0.7893,0.7956,298742.91832
1781838000000,0.7956,0.7963,0.7734,0.7824,865047.943691
1781841600000,0.7826,0.7869,0.7691,0.7712,441913.581722
1781845200000,0.7715,0.7787,0.7705,0.778,174224.494258
1781848800000,0.7779,0.7817,0.7762,0.7797,172986.042794
1781852400000,0.7791,0.7801,0.7661,0.7692,329735.292946
1781856000000,0.7693,0.7746,0.7676,0.772,132039.679499
1781859600000,0.7724,0.774,0.7661,0.7739,426979.701367
1781863200000,0.7742,0.7753,0.7682,0.7729,127495.668088
1781866800000,0.7729,0.7741,0.7676,0.7681,103201.485407
1781870400000,0.7683,0.7763,0.7625,0.7753,297493.68316
1781874000000,0.7754,0.7906,0.7732,0.7879,352516.000452
1781877600000,0.7878,0.7952,0.7856,0.7882,263014.10015
1781881200000,0.7882,0.8063,0.7857,0.8057,460085.00188
1781884800000,0.8059,0.8079,0.7937,0.7963,524370.973677
1781888400000,0.7967,0.8052,0.7935,0.7988,304203.635689
1781892000000,0.7989,0.8008,0.7868,0.7909,162010.990188
1781895600000,0.791,0.7913,0.7791,0.7829,488280.352895
1781899200000,0.783,0.7922,0.7804,0.7915,146634.741017
1781902800000,0.7913,0.7946,0.7868,0.7891,110672.929536
1781906400000,0.789,0.7942,0.7886,0.7905,118865.775991
1781910000000,0.7908,0.7945,0.7876,0.7921,125733.214426
1781913600000,0.7919,0.799,0.7887,0.7896,165601.915485
1781917200000,0.7894,0.7937,0.787,0.7924,184107.380739
1781920800000,0.7926,0.7937,0.7841,0.7846,201887.211268
1781924400000,0.7846,0.7887,0.7837,0.7864,218408.932406
1781928000000,0.7864,0.79,0.7854,0.7894,123721.174883
1781931600000,0.7894,0.7977,0.7881,0.7912,195601.632798
1781935200000,0.7911,0.7923,0.7883,0.7919,52424.793701
1781938800000,0.7917,0.7926,0.7854,0.786,138501.762816
1781942400000,0.7858,0.7879,0.7817,0.7862,81413.626852
1781946000000,0.7868,0.7922,0.7863,0.7895,87342.978504
1781949600000,0.7896,0.792,0.7844,0.7866,79978.857732
1781953200000,0.7867,0.7875,0.7837,0.7839,90161.355676
1781956800000,0.784,0.7863,0.7831,0.7854,104172.024475
1781960400000,0.7853,0.7854,0.7778,0.7817,136578.323665
1781964000000,0.7806,0.7933,0.7741,0.7871,428484.463435
1781967600000,0.7871,0.7939,0.7844,0.7926,219368.111425
1781971200000,0.7927,0.7927,0.7853,0.7892,111815.013757
1781974800000,0.7894,0.7894,0.7765,0.7816,170327.864057
1781978400000,0.7817,0.7854,0.7803,0.7806,63670.76123
1781982000000,0.7806,0.7831,0.78,0.7814,33095.855615
1781985600000,0.7815,0.7823,0.7784,0.7805,30891.707713
1781989200000,0.7804,0.7853,0.78,0.7834,62189.848547
1781992800000,0.7834,0.7899,0.782,0.7877,107234.93546
1781996400000,0.7878,0.7904,0.7867,0.7873,68304.273139
1782000000000,0.7871,0.7887,0.785,0.7874,115121.018185
1782003600000,0.7875,0.79,0.786,0.7873,35898.389158
1782007200000,0.7873,0.7887,0.7854,0.7873,94164.523877
1782010800000,0.7869,0.7963,0.7865,0.795,146941.395033
1782014400000,0.7953,0.7957,0.7882,0.7886,90814.888236
1782018000000,0.7886,0.7903,0.7863,0.7886,88669.035939
1782021600000,0.7881,0.7958,0.7875,0.7948,103880.46271
1782025200000,0.7946,0.7988,0.7925,0.7963,194622.204091
1782028800000,0.7967,0.7995,0.788,0.7995,245222.580864
1782032400000,0.7996,0.8005,0.7941,0.7999,147212.43835
1782036000000,0.7998,0.8057,0.7971,0.8047,336565.813066
1782039600000,0.8048,0.8098,0.8001,0.8053,607809.313267
1782043200000,0.8053,0.8108,0.7987,0.8086,482718.740507
1782046800000,0.8085,0.8257,0.8056,0.8111,585279.063007
1782050400000,0.8109,0.8141,0.8037,0.8082,285908.737873
1782054000000,0.8082,0.8173,0.8068,0.8145,327185.840901
1782057600000,0.8146,0.8149,0.8068,0.809,259380.093593
1782061200000,0.8088,0.8105,0.8012,0.803,144457.792554
1782064800000,0.8025,0.8073,0.7996,0.8047,152178.362356
1782068400000,0.8047,0.8067,0.8013,0.8024,63533.495976
1782072000000,0.802,0.8022,0.795,0.7967,171704.449275
1782075600000,0.7969,0.7973,0.7818,0.792,710759.707794
1782079200000,0.792,0.7943,0.7864,0.7904,164228.032357
1782082800000,0.7903,0.7903,0.7801,0.7825,461828.750672
1782086400000,0.7826,0.7987,0.7819,0.7982,296607.743459
1782090000000,0.7987,0.8207,0.7963,0.8146,547212.338509
1782093600000,0.815,0.8152,0.8076,0.8095,131007.199211
1782097200000,0.8096,0.8133,0.8033,0.8063,191131.021058
1782100800000,0.8062,0.8084,0.8022,0.805,158734.557677
1782104400000,0.805,0.8095,0.8045,0.8073,136809.638241
1782108000000,0.8073,0.809,0.8015,0.8027,200621.107381
1782111600000,0.8028,0.811,0.8025,0.8066,214491.25056
1782115200000,0.8063,0.8095,0.8025,0.808,187717.932342
1782118800000,0.8081,0.8083,0.8017,0.8038,80864.617068
1782122400000,0.8038,0.8059,0.7985,0.8013,93401.490435
1782126000000,0.8013,0.8144,0.8004,0.8112,359386.602438
1782129600000,0.8113,0.8131,0.8087,0.8124,298360.133608
1782133200000,0.8121,0.8198,0.8091,0.8171,290328.04965
1782136800000,0.8174,0.8176,0.8016,0.8055,282564.43236
1782140400000,0.8059,0.8155,0.803,0.8044,197809.830514
1782144000000,0.8047,0.8126,0.8019,0.8117,156768.39724
1782147600000,0.8118,0.8131,0.8008,0.8031,156875.902151
1782151200000,0.8029,0.8051,0.7918,0.7926,214366.355309
1782154800000,0.7924,0.7937,0.7876,0.791,244904.087312
1782158400000,0.791,0.7967,0.7909,0.7941,46916.871408
1782162000000,0.794,0.7948,0.7837,0.787,218613.96851
1782165600000,0.7871,0.7919,0.78,0.7854,449840.304546
1782169200000,0.7853,0.7901,0.7832,0.7888,147440.810994
1782172800000,0.7887,0.7961,0.7843,0.7959,174072.400499
1782176400000,0.7958,0.8009,0.7893,0.7983,231389.216734
1782180000000,0.7983,0.7994,0.7916,0.7976,167904.094653
1782183600000,0.7975,0.8036,0.7938,0.8034,259457.399483
1782187200000,0.8033,0.804,0.7939,0.796,186828.735771
1782190800000,0.7944,0.7968,0.787,0.7929,284460.505829
1782194400000,0.7931,0.7931,0.765,0.7754,1700910.696023
1782198000000,0.7751,0.7773,0.7675,0.768,307002.425454
1782201600000,0.7683,0.7721,0.7376,0.7475,2433123.003067
1782205200000,0.7476,0.7532,0.7472,0.7519,172699.44388
1782208800000,0.7518,0.7558,0.7494,0.7522,258146.647918
1782212400000,0.7519,0.7602,0.7505,0.7578,217707.691811
1782216000000,0.7581,0.7593,0.7546,0.7573,172632.760505
1782219600000,0.7573,0.7762,0.7562,0.7744,498562.289836
1782223200000,0.7743,0.7835,0.7716,0.7735,525474.051495
1782226800000,0.7734,0.7734,0.7622,0.7695,433817.672414
1782230400000,0.7692,0.7774,0.7674,0.7708,194833.361824
1782234000000,0.7707,0.7718,0.7634,0.764,164562.934062
1782237600000,0.765,0.7716,0.7646,0.7703,153775.487025
1782241200000,0.7705,0.7795,0.7705,0.7776,241919.945208
1782244800000,0.7775,0.802,0.7775,0.8005,904257.094953
1782248400000,0.8004,0.8056,0.7892,0.7928,893076.605816
1782252000000,0.7929,0.7964,0.7874,0.7881,338382.054116
1782255600000,0.788,0.7892,0.7839,0.7886,151951.130956
1782259200000,0.7882,0.7917,0.7868,0.791,242008.20203
1782262800000,0.7911,0.7951,0.7862,0.7905,290885.568535
1782266400000,0.7907,0.7944,0.7877,0.7878,161151.278724
1782270000000,0.7879,0.7885,0.7815,0.7832,171957.252673
1782273600000,0.7832,0.7848,0.7729,0.7812,238990.815063
1782277200000,0.781,0.7867,0.7799,0.7863,180207.910812
1782280800000,0.7862,0.7867,0.7801,0.7826,111134.33235
1782284400000,0.7824,0.7836,0.7762,0.7773,146079.045815
1782288000000,0.7774,0.7809,0.775,0.7765,121378.585949
1782291600000,0.7763,0.7784,0.7748,0.7775,109649.104739
1782295200000,0.7771,0.7781,0.769,0.7711,238788.198963
1782298800000,0.771,0.7834,0.7657,0.7758,228227.378577
1782302400000,0.7761,0.7787,0.7696,0.7711,183589.441563
1782306000000,0.7713,0.7713,0.7504,0.7569,579637.960775
1782309600000,0.7568,0.764,0.7528,0.7622,368392.813872
1782313200000,0.7624,0.7624,0.7353,0.7399,840487.013973
1782316800000,0.7396,0.7502,0.7091,0.7178,1451531.111549
1782320400000,0.7183,0.7226,0.6981,0.7012,1269261.714613
1782324000000,0.7011,0.7183,0.7001,0.7103,448578.790568
1782327600000,0.7105,0.7213,0.7074,0.7205,254713.365824
1782331200000,0.7208,0.7425,0.7192,0.7382,356132.052704
1782334800000,0.7383,0.7509,0.734,0.7506,505523.111576
1782338400000,0.7505,0.7583,0.7502,0.7539,387592.827323
1782342000000,0.7538,0.7559,0.7477,0.7493,247665.742873
1782345600000,0.7494,0.7513,0.7419,0.7433,260668.86791
1782349200000,0.7433,0.7471,0.7402,0.7458,207610.990191
1782352800000,0.7456,0.7498,0.7448,0.7484,88236.771877
1782356400000,0.7485,0.7505,0.7445,0.747,124076.361633
1782360000000,0.7472,0.7572,0.7442,0.7553,134012.107778
1782363600000,0.7553,0.7652,0.7548,0.7593,324880.106504
1782367200000,0.7588,0.7732,0.7588,0.7596,502892.709036
1782370800000,0.7596,0.762,0.758,0.7614,182533.286463
1782374400000,0.7615,0.7622,0.7554,0.7558,107160.437112
1782378000000,0.7561,0.7604,0.7538,0.7591,74409.265871
1782381600000,0.759,0.7591,0.7522,0.7533,112682.755511
1782385200000,0.7534,0.7559,0.7514,0.7534,133752.949561
1782388800000,0.7535,0.762,0.747,0.7534,258824.312727
1782392400000,0.7535,0.7599,0.6874,0.6931,1468926.507077
1782396000000,0.6932,0.7371,0.6932,0.7205,1024581.111852
1782399600000,0.7206,0.723,0.7095,0.7212,496407.410448
1782403200000,0.7215,0.7318,0.7115,0.716,441135.654884
1782406800000,0.7167,0.731,0.7145,0.731,237577.076504
1782410400000,0.7309,0.7347,0.7216,0.7253,237435.394486
1782414000000,0.7256,0.7258,0.7155,0.7222,157228.619767
1782417600000,0.7229,0.7293,0.7223,0.7233,101952.497944
1782421200000,0.7232,0.7367,0.7226,0.7367,166265.133728
1782424800000,0.7366,0.7379,0.7306,0.7321,221867.078656
1782428400000,0.732,0.7416,0.7304,0.7369,174582.955492
1782432000000,0.7371,0.7394,0.7342,0.7349,165009.19854
1782435600000,0.7348,0.7363,0.7237,0.7266,266550.88251
1782439200000,0.7267,0.7278,0.7045,0.7083,632839.871393
1782442800000,0.7087,0.7321,0.7015,0.7301,419072.859302
1782446400000,0.73,0.7301,0.7197,0.722,212530.900395
1782450000000,0.722,0.7281,0.7202,0.7263,88817.050367
1782453600000,0.726,0.7378,0.7206,0.7355,303194.223541
1782457200000,0.7358,0.7452,0.7352,0.7435,349037.785062
1782460800000,0.7434,0.745,0.73,0.7317,541697.19989
1782464400000,0.7318,0.7324,0.722,0.7225,271981.32413
1782468000000,0.7226,0.7279,0.7204,0.7217,201475.068193
1782471600000,0.7218,0.7266,0.717,0.7189,143622.882794
1782475200000,0.7188,0.7276,0.7113,0.7155,279893.212714
1782478800000,0.7156,0.7354,0.71,0.7342,439199.145847
1782482400000,0.7343,0.7374,0.7234,0.7251,347149.500114
1782486000000,0.7249,0.7399,0.7234,0.7363,442174.921543
1782489600000,0.7364,0.7489,0.733,0.7441,382164.391374
1782493200000,0.744,0.7579,0.7436,0.7526,634704.778457
1782496800000,0.7526,0.7564,0.7464,0.748,306159.788268
1782500400000,0.7478,0.7564,0.7415,0.7425,375880.809759
1782504000000,0.7426,0.7537,0.742,0.7452,162733.589143
1782507600000,0.7452,0.7503,0.7413,0.7434,95573.016184
1782511200000,0.7436,0.746,0.7401,0.7456,71197.386758
1782514800000,0.7458,0.7474,0.7438,0.7447,85302.073793
1782518400000,0.7449,0.7471,0.739,0.7442,116440.730412
1782522000000,0.7443,0.7444,0.7399,0.7416,76659.841233
1782525600000,0.7414,0.7543,0.7403,0.7525,427424.585261
1782529200000,0.7524,0.7525,0.7448,0.7462,228971.251855
1782532800000,0.7462,0.7503,0.7433,0.7439,115600.096163
1782536400000,0.744,0.7477,0.7425,0.7476,86466.266696
1782540000000,0.7478,0.7547,0.7416,0.7451,280887.758561
1782543600000,0.7454,0.7477,0.7432,0.7466,88372.571456
1782547200000,0.7464,0.7475,0.743,0.7442,152620.434408
1782550800000,0.7441,0.7485,0.7437,0.7464,117414.79664
1782554400000,0.7463,0.747,0.7428,0.7444,53903.382192
1782558000000,0.7444,0.7449,0.7387,0.7443,161652.837794
1782561600000,0.7442,0.745,0.7406,0.7425,74438.822992
1782565200000,0.7424,0.7472,0.7419,0.7446,149349.880945
1782568800000,0.7447,0.7487,0.7438,0.7471,70571.120146
1782572400000,0.7472,0.7546,0.7459,0.7498,189567.646521
1782576000000,0.7497,0.7522,0.7463,0.7503,161377.247908
1782579600000,0.7504,0.7504,0.7404,0.741,139477.656379
1782583200000,0.7407,0.7431,0.7389,0.7429,91234.55864
1782586800000,0.7423,0.7432,0.7283,0.7337,212816.024133
1782590400000,0.7336,0.7359,0.733,0.734,70987.124304
1782594000000,0.7344,0.7363,0.728,0.7311,154589.466189
1782597600000,0.731,0.7322,0.7241,0.7321,177034.512283
1782601200000,0.732,0.7329,0.7271,0.728,102724.831055
1782604800000,0.7279,0.7334,0.7275,0.73,131790.022464
1782608400000,0.73,0.732,0.7273,0.7303,89010.813223
1782612000000,0.7303,0.7329,0.7275,0.7293,130181.75602
1782615600000,0.7292,0.7344,0.7292,0.7343,212957.873245
1782619200000,0.7341,0.7349,0.7304,0.7329,59916.598705
1782622800000,0.7332,0.7332,0.7263,0.7319,179824.583448
1782626400000,0.732,0.7323,0.7247,0.73,204912.848887
1782630000000,0.7301,0.7348,0.73,0.7335,122706.396407
1782633600000,0.7333,0.739,0.7316,0.7364,100237.159758
1782637200000,0.7364,0.7368,0.7276,0.7289,263042.322456
1782640800000,0.7288,0.7318,0.7272,0.7281,65008.868502
1782644400000,0.7282,0.7305,0.725,0.7298,119364.145298
1782648000000,0.7297,0.7297,0.7227,0.7253,120131.645718
1782651600000,0.7252,0.7255,0.7193,0.7206,117786.527976
1782655200000,0.7207,0.7273,0.7204,0.7254,108040.112357
1782658800000,0.7253,0.7275,0.7193,0.7222,508182.863671
1782662400000,0.7225,0.7237,0.7162,0.7203,364201.359544
1782666000000,0.7203,0.7253,0.7122,0.7202,1134780.917383
1782669600000,0.7202,0.726,0.718,0.7221,294650.006486
1782673200000,0.722,0.7232,0.7127,0.7167,227699.580604
1782676800000,0.7165,0.7223,0.7157,0.7199,138240.71941
1782680400000,0.7196,0.7201,0.701,0.7113,485767.814102
1782684000000,0.7117,0.7201,0.7041,0.7082,457542.115386
1782687600000,0.7081,0.7195,0.7064,0.7159,162563.325904
1782691200000,0.7159,0.718,0.7063,0.7169,625398.647188
1782694800000,0.7172,0.7177,0.71,0.7163,239930.365309
1782698400000,0.7162,0.7228,0.7088,0.7195,449324.920522
1782702000000,0.7195,0.7286,0.7195,0.7269,266279.884812
1782705600000,0.7275,0.7275,0.7193,0.7205,133457.065253
1782709200000,0.7206,0.7235,0.7122,0.7234,511332.187418
1782712800000,0.7236,0.7293,0.7226,0.7239,335257.379659
1782716400000,0.7235,0.7253,0.7208,0.7212,103028.66428
1782720000000,0.7212,0.7231,0.7165,0.7172,131010.724505
1782723600000,0.7173,0.7225,0.7173,0.7222,153766.489739
1782727200000,0.7225,0.7287,0.7209,0.7236,250656.543387
1782730800000,0.7236,0.7246,0.7158,0.7184,340451.530295
1782734400000,0.718,0.732,0.712,0.7206,1330960.445624
1782738000000,0.7207,0.7276,0.7125,0.7187,721315.863684
1782741600000,0.719,0.7207,0.7077,0.7202,427048.385641
1782745200000,0.7202,0.7252,0.7119,0.7232,283539.667558
1782748800000,0.7235,0.7295,0.7209,0.7262,387246.731478
1782752400000,0.7261,0.7479,0.7256,0.7432,1178993.125092
1782756000000,0.7431,0.746,0.741,0.7416,301536.049601
1782759600000,0.7416,0.7446,0.738,0.7382,139438.96588
1782763200000,0.7383,0.7388,0.733,0.7333,217681.001993
1782766800000,0.7332,0.739,0.7293,0.7372,170536.064694
1782770400000,0.7372,0.738,0.7336,0.7346,126938.668623
1782774000000,0.7343,0.7357,0.7308,0.7328,105845.337964
1782777600000,0.7329,0.734,0.7241,0.7265,215846.28019
1782781200000,0.7265,0.7281,0.7222,0.7247,153764.118015
1782784800000,0.7247,0.7277,0.7204,0.7265,131722.878453
1782788400000,0.7267,0.7286,0.725,0.7268,197095.140936
1782792000000,0.7268,0.7301,0.7246,0.7291,91663.524146
1782795600000,0.729,0.729,0.7258,0.7277,92000.102226
1782799200000,0.7279,0.7288,0.7256,0.7259,73596.310967
1782802800000,0.726,0.7267,0.7226,0.7247,238402.447466
1782806400000,0.7247,0.7256,0.72,0.7244,386736.307943
1782810000000,0.7241,0.7279,0.7215,0.7274,68901.700217
1782813600000,0.7275,0.743,0.7272,0.7321,710331.04007
1782817200000,0.732,0.7335,0.7208,0.7222,316760.799384
1782820800000,0.7216,0.7219,0.7043,0.7048,834366.534506
1782824400000,0.705,0.7181,0.7039,0.7154,544223.252438
1782828000000,0.7153,0.7221,0.7121,0.7134,295086.95505
1782831600000,0.7135,0.721,0.7121,0.7158,205924.906995
1782835200000,0.7158,0.7198,0.7106,0.7186,278903.737644
1782838800000,0.7189,0.7221,0.7142,0.7153,235719.712918
1782842400000,0.7153,0.7259,0.7147,0.7223,261085.981971
1782846000000,0.7226,0.7349,0.72,0.7265,307489.178279
1782849600000,0.7263,0.7264,0.718,0.718,76928.311024
1782853200000,0.7179,0.7187,0.7139,0.7181,116769.964047
1782856800000,0.7182,0.7204,0.7143,0.7158,102093.69849
1782860400000,0.7157,0.718,0.7138,0.7178,102359.26895
1782864000000,0.7178,0.7228,0.7158,0.7205,132113.460878
1782867600000,0.7206,0.7218,0.7019,0.7187,530564.455252
1782871200000,0.7187,0.7286,0.715,0.7275,338852.098751
1782874800000,0.7278,0.7358,0.7224,0.7328,593047.170961
1782878400000,0.7328,0.7383,0.7315,0.7348,319753.976318
1782882000000,0.7347,0.7347,0.7276,0.729,188657.233857
1782885600000,0.7291,0.7291,0.7182,0.7214,372587.267974
1782889200000,0.7216,0.7235,0.7179,0.7227,115201.015894
1782892800000,0.7227,0.7249,0.7167,0.7248,370504.262251
1782896400000,0.7248,0.7301,0.7227,0.7284,291854.244935
1782900000000,0.7284,0.7301,0.7253,0.728,130552.84839
1782903600000,0.7279,0.7336,0.7261,0.7279,147641.507203
1782907200000,0.7281,0.7283,0.7205,0.7235,135825.195108
1782910800000,0.7239,0.7386,0.7198,0.7363,595712.130466
1782914400000,0.7366,0.745,0.7343,0.737,395196.025629
1782918000000,0.7371,0.7536,0.7371,0.7448,590095.779578
1782921600000,0.7449,0.747,0.7399,0.7413,175670.14391
1782925200000,0.7418,0.7462,0.7371,0.7449,120274.172508
1782928800000,0.7447,0.7459,0.7345,0.7369,86296.134577
1782932400000,0.7371,0.7405,0.734,0.735,82493.50477
1782936000000,0.7352,0.7408,0.7332,0.7399,103065.889491
1782939600000,0.74,0.7497,0.74,0.748,150686.244711
1782943200000,0.7473,0.7567,0.7423,0.7431,282125.860039
1782946800000,0.7428,0.7428,0.7356,0.7365,144857.461118
1782950400000,0.7366,0.7387,0.7323,0.7387,208945.891949
1782954000000,0.7388,0.7474,0.7381,0.7447,134600.91757
1782957600000,0.745,0.7519,0.7444,0.7468,387025.754288
1782961200000,0.7463,0.7568,0.7432,0.7549,415230.51904
1782964800000,0.7551,0.7553,0.7488,0.7522,142514.116516
1782968400000,0.7523,0.7529,0.7485,0.7496,45201.041958
1782972000000,0.7494,0.7575,0.7477,0.7526,308838.341599
1782975600000,0.7522,0.762,0.7518,0.7602,379708.43245
1782979200000,0.7602,0.7677,0.7581,0.7662,537561.730358
1782982800000,0.766,0.7738,0.758,0.7717,437885.966839
1782986400000,0.7718,0.7839,0.7715,0.7795,624656.308226
1782990000000,0.7795,0.7839,0.7715,0.7833,526376.970705
1782993600000,0.7832,0.7855,0.7774,0.779,403830.465442
1782997200000,0.7793,0.7895,0.7771,0.7856,378162.990449
1783000800000,0.7857,0.7885,0.7753,0.7802,470194.627308
1783004400000,0.7803,0.7806,0.774,0.7796,177183.949204
1783008000000,0.7796,0.7824,0.7749,0.7791,155088.166101
1783011600000,0.7788,0.7815,0.7763,0.7785,109144.489104
1783015200000,0.7787,0.7843,0.7787,0.7823,111486.529568
1783018800000,0.7824,0.7832,0.7762,0.7767,140360.585257
1783022400000,0.7766,0.7777,0.7725,0.7745,112937.185309
1783026000000,0.7744,0.7757,0.7666,0.7724,205210.828294
1783029600000,0.7723,0.7734,0.7692,0.7717,98403.715008
1783033200000,0.7715,0.7754,0.7693,0.7734,84435.609052
1783036800000,0.7734,0.7757,0.7712,0.7741,75487.869294
1783040400000,0.774,0.7872,0.7738,0.783,332614.888292
1783044000000,0.7832,0.7847,0.7786,0.7832,201719.255668
1783047600000,0.783,0.783,0.7769,0.7798,88696.119701
1783051200000,0.7798,0.7803,0.7766,0.7766,53234.52496
1783054800000,0.7765,0.7808,0.7739,0.7782,67869.991242
1783058400000,0.7782,0.7869,0.7773,0.7816,270468.640433
1783062000000,0.7817,0.7849,0.7791,0.7824,81588.744434
1783065600000,0.7821,0.7865,0.7803,0.7806,95610.747136
1783069200000,0.7805,0.7849,0.7795,0.7836,93969.544879
1783072800000,0.7835,0.79,0.7834,0.7883,156366.193764
1783076400000,0.7881,0.7937,0.7821,0.7911,439100.854696
1783080000000,0.7912,0.7936,0.7862,0.7894,283429.176091
1783083600000,0.7894,0.7965,0.7893,0.7957,135285.786584
1783087200000,0.7959,0.8088,0.7903,0.8043,387605.5855
1783090800000,0.8044,0.8075,0.7976,0.7992,157204.716959
1783094400000,0.7992,0.8013,0.795,0.7981,142183.406318
1783098000000,0.7983,0.8035,0.7968,0.8019,253981.638497
1783101600000,0.8026,0.8028,0.7977,0.8007,71861.479829
1783105200000,0.8007,0.8068,0.7993,0.8018,144063.183668
1783108800000,0.8017,0.8142,0.8015,0.809,289311.186279
1783112400000,0.8091,0.8151,0.8051,0.8107,83962.520706
1783116000000,0.8108,0.8108,0.7995,0.8005,121045.029811
1783119600000,0.8004,0.8099,0.7979,0.8066,252087.960627
1783123200000,0.8065,0.8101,0.8007,0.8014,186542.248133
1783126800000,0.8013,0.8013,0.7959,0.7997,245258.197014
1783130400000,0.7996,0.8024,0.7985,0.802,75330.539054
1783134000000,0.8021,0.8064,0.8008,0.8035,120406.569244
1783137600000,0.803,0.8039,0.7985,0.8028,71473.90581
1783141200000,0.8021,0.8022,0.7965,0.7982,189474.344705
1783144800000,0.7981,0.8011,0.7903,0.7952,235370.926012
1783148400000,0.7951,0.796,0.7916,0.7952,63050.655897
1783152000000,0.7953,0.801,0.7932,0.7984,140947.629951
1783155600000,0.7988,0.8053,0.7928,0.7929,195602.907713
1783159200000,0.793,0.797,0.7917,0.7968,47339.272806
1783162800000,0.7967,0.8001,0.794,0.7984,48904.246469
1783166400000,0.7981,0.8034,0.7981,0.8,133184.594259
1783170000000,0.8,0.8039,0.7962,0.8011,57975.276621
1783173600000,0.8012,0.804,0.7996,0.802,99848.59134
1783177200000,0.8022,0.8116,0.8009,0.808,210886.983638
1783180800000,0.808,0.8098,0.8044,0.8088,86352.80562
1783184400000,0.8088,0.817,0.8058,0.8137,200672.656241
1783188000000,0.814,0.814,0.806,0.8075,62671.639041
1783191600000,0.8077,0.809,0.801,0.8041,92389.898402
1783195200000,0.804,0.8054,0.7982,0.8007,71509.117462
1783198800000,0.8012,0.8047,0.8,0.8039,73340.638435
1783202400000,0.8037,0.8043,0.7981,0.8008,115155.348663
1783206000000,0.8009,0.801,0.7922,0.7975,157253.610891
1783209600000,0.7975,0.7977,0.7914,0.7954,96626.373045
1783213200000,0.7958,0.7984,0.7871,0.7919,172480.675209
1783216800000,0.7916,0.7922,0.7816,0.7857,208535.742853
1783220400000,0.7857,0.7865,0.7827,0.7846,97030.943453
1783224000000,0.7842,0.7898,0.7833,0.787,91173.90177
1783227600000,0.7866,0.7872,0.7819,0.7845,91576.679535
1783231200000,0.7838,0.7847,0.78,0.7842,85061.103348
1783234800000,0.784,0.7893,0.7824,0.7889,76357.277727
1783238400000,0.788,0.7917,0.7847,0.7903,191760.398778
1783242000000,0.7903,0.7929,0.7757,0.7786,376942.885711
1783245600000,0.7781,0.7824,0.7755,0.7814,130331.639537
1783249200000,0.7815,0.7828,0.7799,0.7809,33796.548809
1783252800000,0.7808,0.7856,0.7766,0.7849,100263.135807
1783256400000,0.7848,0.7868,0.7834,0.7864,51504.262705
1783260000000,0.7865,0.7867,0.783,0.7865,91539.837127
1783263600000,0.7866,0.7907,0.7839,0.7859,60483.105403
1783267200000,0.786,0.787,0.7831,0.7863,98914.005882
1783270800000,0.7862,0.7922,0.7861,0.7891,92242.376139
1783274400000,0.7892,0.7937,0.7891,0.7908,52167.930415
1783278000000,0.7909,0.793,0.7882,0.7905,38777.077877
1783281600000,0.7902,0.7917,0.7891,0.7902,8110.077656
1783285200000,0.79,0.8039,0.7866,0.7983,338906.675176
1783288800000,0.7983,0.8073,0.7974,0.8036,260010.084642
1783292400000,0.8036,0.8064,0.7979,0.8004,156708.385978
1783296000000,0.8004,0.8076,0.7949,0.8025,297912.755801
1783299600000,0.8024,0.8049,0.7975,0.7986,112441.756613
1783303200000,0.799,0.8035,0.7944,0.7965,112642.107907
1783306800000,0.7964,0.7972,0.7891,0.7911,88665.586867
1783310400000,0.7912,0.7934,0.7864,0.7894,131390.551231
1783314000000,0.7891,0.7891,0.7785,0.7828,218490.802542
1783317600000,0.783,0.7839,0.7809,0.7827,54469.69021
1783321200000,0.7825,0.7869,0.7812,0.7855,88897.50003
1783324800000,0.7851,0.7875,0.7801,0.7816,71813.288506
1783328400000,0.7817,0.782,0.7783,0.7804,73188.254894
1783332000000,0.7802,0.7864,0.7793,0.7839,74488.587814
1783335600000,0.784,0.7847,0.7743,0.7753,162841.124391
1783339200000,0.7752,0.7752,0.7583,0.7659,680689.758716
1783342800000,0.7658,0.7752,0.7614,0.7721,192505.226133
1783346400000,0.772,0.7805,0.7712,0.7769,118313.220028
1783350000000,0.7769,0.7985,0.7769,0.7971,351676.828943
1783353600000,0.7972,0.8056,0.7952,0.801,280356.872952
1783357200000,0.8012,0.8031,0.7906,0.7927,352583.92319
1783360800000,0.792,0.7996,0.7913,0.7968,111756.506626
1783364400000,0.7969,0.7989,0.7945,0.7951,114875.704049
1783368000000,0.7952,0.7956,0.7906,0.7917,49598.879253
1783371600000,0.7917,0.8149,0.7917,0.8021,541770.198014
1783375200000,0.8023,0.8027,0.7966,0.7971,90337.000817
1783378800000,0.7971,0.7985,0.7933,0.7947,85242.063604
1783382400000,0.7952,0.7983,0.7928,0.795,68269.891333
1783386000000,0.7945,0.7947,0.7886,0.7921,154312.053742
1783389600000,0.7921,0.794,0.7827,0.7838,210893.392219
1783393200000,0.7839,0.785,0.7776,0.7795,183878.538577
1783396800000,0.7794,0.7799,0.7771,0.7797,105192.312752
1783400400000,0.7791,0.7824,0.7735,0.781,167868.581235
1783404000000,0.781,0.7868,0.7791,0.7854,111296.747477
1783407600000,0.7851,0.7865,0.7804,0.7815,88363.374689
1783411200000,0.7811,0.7842,0.7798,0.7813,140449.531999
1783414800000,0.7811,0.7843,0.7807,0.7836,75769.825773
1783418400000,0.7838,0.787,0.7805,0.781,61424.373947
1783422000000,0.781,0.786,0.7763,0.786,138804.134919
1783425600000,0.786,0.7907,0.7837,0.7837,184649.745807
1783429200000,0.7835,0.7846,0.7731,0.7788,201503.722149
1783432800000,0.779,0.7885,0.7733,0.7873,199179.860257
1783436400000,0.7872,0.7973,0.7861,0.7948,247803.580555
1783440000000,0.7959,0.8018,0.7919,0.7976,135420.530234
1783443600000,0.7975,0.7996,0.7944,0.7976,67472.788525
1783447200000,0.7978,0.7983,0.7829,0.7837,169422.378984
1783450800000,0.7838,0.7863,0.7774,0.7852,157292.515634
1783454400000,0.7855,0.7871,0.7801,0.7812,44524.628572
1783458000000,0.7813,0.7837,0.7763,0.7781,99567.192926
1783461600000,0.7777,0.7779,0.7692,0.775,427023.012493
1783465200000,0.7748,0.7784,0.7724,0.7736,141991.332612
1783468800000,0.7737,0.7827,0.7729,0.7814,124172.510188
1783472400000,0.7813,0.7815,0.758,0.7641,621468.86597
1783476000000,0.764,0.764,0.7536,0.7621,490469.254721
1783479600000,0.7629,0.7664,0.7592,0.7601,96657.519377
1783483200000,0.7603,0.7661,0.7582,0.7658,137614.682261
1783486800000,0.7657,0.7693,0.7641,0.7666,182425.053426
1783490400000,0.7668,0.7671,0.761,0.7644,237051.983419
1783494000000,0.7645,0.7675,0.7593,0.7646,162706.372554
1783497600000,0.7649,0.7649,0.7445,0.7473,747199.565504
1783501200000,0.748,0.7513,0.7434,0.7466,336947.46412
1783504800000,0.7469,0.753,0.7451,0.7522,128330.634276
1783508400000,0.7519,0.7573,0.7493,0.7521,170173.956672
1783512000000,0.7521,0.7549,0.75,0.75,77784.618278
1783515600000,0.7501,0.7574,0.748,0.7569,183261.661491
1783519200000,0.7569,0.7617,0.754,0.7591,344432.789362
1783522800000,0.7592,0.7592,0.7506,0.7549,190340.386289
1783526400000,0.7547,0.7626,0.7535,0.7624,162024.106069
1783530000000,0.7626,0.766,0.7617,0.7626,153209.79472
1783533600000,0.7625,0.7673,0.7606,0.767,56604.696794
1783537200000,0.7671,0.7682,0.7618,0.7645,89846.626911
1783540800000,0.7644,0.7649,0.7574,0.7581,86659.101723
1783544400000,0.7581,0.7622,0.7533,0.7608,178271.934657
1783548000000,0.7609,0.7658,0.7607,0.7631,214420.798968
1783551600000,0.763,0.7655,0.7615,0.7652,221548.574823
1783555200000,0.765,0.7685,0.7638,0.7665,202416.648515
1783558800000,0.7666,0.7766,0.7646,0.7688,283766.473622
1783562400000,0.769,0.7745,0.7625,0.7635,187890.912171
1783566000000,0.7636,0.7705,0.7607,0.7702,77214.731371
1783569600000,0.7704,0.776,0.7686,0.7758,132278.261566
1783573200000,0.7757,0.7774,0.7711,0.775,133896.252986
1783576800000,0.7751,0.7815,0.7741,0.7794,86998.016502
1783580400000,0.7798,0.7828,0.7727,0.7757,214483.676222
1783584000000,0.7756,0.7784,0.7749,0.7753,62540.617044
1783587600000,0.7751,0.777,0.7709,0.7723,158918.367585
1783591200000,0.7724,0.7753,0.7699,0.7721,108277.034052
1783594800000,0.772,0.7759,0.7711,0.7726,167283.149214
1783598400000,0.7728,0.7756,0.7707,0.7727,136003.796313
1783602000000,0.7724,0.7811,0.7705,0.78,117112.376171
1783605600000,0.7801,0.7829,0.7753,0.7824,228383.699933
1783609200000,0.7828,0.7909,0.7806,0.7854,349955.480619
1783612800000,0.7855,0.8,0.7853,0.7893,448088.553633
1783616400000,0.7891,0.7896,0.7814,0.7878,138586.899321
1783620000000,0.7879,0.7919,0.7863,0.7865,79269.654828
1783623600000,0.7866,0.7866,0.7808,0.7818,77297.710345
1783627200000,0.7819,0.7834,0.78,0.7828,50360.232021
1783630800000,0.7826,0.7856,0.7823,0.7835,34950.880489
1783634400000,0.7834,0.7846,0.781,0.7812,114453.953162
1783638000000,0.7811,0.7836,0.7787,0.7806,75470.934087
1783641600000,0.7806,0.7814,0.7746,0.7806,188330.487136
1783645200000,0.7808,0.7983,0.7793,0.7913,238899.186203
1783648800000,0.7916,0.7922,0.7879,0.7892,103062.103444
1783652400000,0.7892,0.7902,0.7865,0.7884,102203.982739
1783656000000,0.7882,0.7906,0.7869,0.789,86187.458592
1783659600000,0.7891,0.7914,0.7885,0.7907,34662.01263
1783663200000,0.7907,0.7919,0.7892,0.7897,91011.027802
1783666800000,0.7898,0.7967,0.7875,0.7936,124462.12064
1783670400000,0.7937,0.7996,0.7919,0.7935,221416.53752
1783674000000,0.7941,0.7988,0.7925,0.7968,166932.245574
1783677600000,0.7969,0.8047,0.7957,0.7998,376940.528245
1783681200000,0.8,0.8147,0.7964,0.8129,590263.389159
1783684800000,0.8131,0.8173,0.7989,0.8002,805175.83411
1783688400000,0.8004,0.805,0.7971,0.8032,203613.738116
1783692000000,0.803,0.8038,0.7872,0.7974,384648.1719
1783695600000,0.7975,0.802,0.7953,0.7988,222688.59371
1783699200000,0.7988,0.804,0.7955,0.8015,145048.778764
1783702800000,0.8012,0.8013,0.7906,0.7953,267952.524889
1783706400000,0.7954,0.797,0.793,0.7941,87271.813913
1783710000000,0.7941,0.7941,0.7886,0.7894,77966.523109
1783713600000,0.789,0.7902,0.7842,0.7855,83498.186108
1783717200000,0.7855,0.7935,0.7854,0.7909,161018.846974
1783720800000,0.7909,0.7923,0.7888,0.7888,46666.237827
1783724400000,0.7888,0.7896,0.7863,0.7876,52519.6332
1783728000000,0.7874,0.7904,0.7843,0.7903,127876.794423
1783731600000,0.7904,0.7925,0.7871,0.7872,77794.60856
1783735200000,0.7873,0.7907,0.7865,0.7902,25374.077005
1783738800000,0.7902,0.7906,0.7878,0.7878,31104.793217
1783742400000,0.7879,0.7891,0.7855,0.7855,83133.543097
1783746000000,0.7855,0.7895,0.7845,0.7874,77367.160357
1783749600000,0.787,0.7927,0.7863,0.7886,49850.71097
1783753200000,0.7886,0.7905,0.7884,0.7905,100305.014142
1783756800000,0.7903,0.7947,0.7898,0.7934,79112.456165
1783760400000,0.793,0.7946,0.7902,0.7914,90864.495378
1783764000000,0.7914,0.7929,0.7859,0.7876,218846.805249
1783767600000,0.7876,0.7919,0.7853,0.7911,103027.161693
1783771200000,0.7913,0.7932,0.7899,0.7921,169659.464754
1783774800000,0.792,0.7955,0.7906,0.7917,92016.682389
1783778400000,0.7917,0.7973,0.7914,0.7941,97778.530113
1783782000000,0.7943,0.7985,0.789,0.7936,115560.464779
1783785600000,0.7936,0.7938,0.7898,0.793,43572.391431
1783789200000,0.7929,0.7964,0.7916,0.7933,32568.78354
1783792800000,0.7932,0.7954,0.7924,0.7933,25804.197455
1783796400000,0.7933,0.7939,0.7914,0.7938,98326.512204
1783800000000,0.794,0.7952,0.793,0.7933,30502.749231
1783803600000,0.7932,0.8004,0.7927,0.7938,83086.245339
1783807200000,0.7939,0.794,0.7781,0.7831,373798.619786
1783810800000,0.7831,0.7857,0.7696,0.7709,458554.135069
1783814400000,0.7707,0.7743,0.7661,0.771,178084.287466
1783818000000,0.7712,0.7817,0.7705,0.7796,493235.080086
1783821600000,0.7797,0.7834,0.7778,0.7831,177856.695319
1783825200000,0.7833,0.7865,0.7824,0.7858,96209.847886
1783828800000,0.7862,0.787,0.7833,0.7866,84619.29159
1783832400000,0.7868,0.7914,0.7846,0.7882,154156.17477
1783836000000,0.788,0.7887,0.7801,0.7846,113641.177785
1783839600000,0.7847,0.7862,0.7833,0.7836,42119.930215
1783843200000,0.7836,0.7879,0.7835,0.7857,39572.865117
1783846800000,0.7858,0.7901,0.784,0.7874,53855.899372
1783850400000,0.7876,0.7876,0.7848,0.7854,38028.989628
1783854000000,0.7855,0.7865,0.782,0.7848,28204.745591
1783857600000,0.7845,0.7872,0.7834,0.7844,40306.792444
1783861200000,0.7842,0.7852,0.7814,0.7814,67600.718082
1783864800000,0.7813,0.7873,0.7785,0.7858,102078.807105
1783868400000,0.7858,0.786,0.7729,0.7755,465668.663172
1783872000000,0.7755,0.7775,0.7737,0.7751,169860.340783
1783875600000,0.7752,0.7772,0.772,0.7744,52355.479105
1783879200000,0.7744,0.7765,0.774,0.7765,10577.353983
1783882800000,0.7766,0.7793,0.776,0.7787,13080.834897
1783886400000,0.7789,0.7798,0.7765,0.7798,49170.032334
1783890000000,0.7799,0.7815,0.774,0.7753,94150.742162
1783893600000,0.7753,0.7753,0.7654,0.7708,168521.621682
1783897200000,0.7698,0.7724,0.7678,0.7721,54504.235162
1783900800000,0.772,0.7874,0.7704,0.7764,243808.237113
1783904400000,0.7762,0.7776,0.7628,0.7656,216689.124921
1783908000000,0.7655,0.7699,0.7637,0.7683,152907.411764
1783911600000,0.7683,0.7685,0.7537,0.7607,456195.469452
1783915200000,0.7609,0.7641,0.7598,0.7614,123890.67816
1783918800000,0.7616,0.7717,0.7589,0.7673,208288.702853
1783922400000,0.7675,0.7685,0.7649,0.7651,75845.87795
1783926000000,0.7652,0.7657,0.7617,0.7627,61629.9384
1783929600000,0.7628,0.765,0.7613,0.7631,57905.80887
1783933200000,0.7634,0.7636,0.7602,0.7604,53346.771299
1783936800000,0.7603,0.7618,0.7565,0.7593,119189.840097
1783940400000,0.7595,0.7627,0.7592,0.76,62081.388455
1783944000000,0.7599,0.761,0.7567,0.7608,133878.96504
1783947600000,0.7609,0.7622,0.754,0.7578,209817.21812
1783951200000,0.7578,0.7619,0.7514,0.7619,389317.17277
1783954800000,0.7619,0.7625,0.7543,0.7546,102563.38285
1783958400000,0.7547,0.7599,0.7489,0.7551,384384.906221
1783962000000,0.7552,0.7576,0.7481,0.7506,240708.042137
1783965600000,0.7507,0.7531,0.75,0.7514,50855.744633
1783969200000,0.7515,0.7552,0.7504,0.7546,61379.522818
1783972800000,0.7545,0.755,0.7498,0.7521,36690.623391
1783976400000,0.7521,0.7525,0.7327,0.7394,486681.169098
1783980000000,0.7393,0.7444,0.7385,0.7423,184068.153344
1783983600000,0.7424,0.7495,0.741,0.7493,123215.757659
1783987200000,0.7495,0.755,0.7485,0.754,146634.303696
1783990800000,0.754,0.7565,0.7514,0.7542,81706.131372
1783994400000,0.7542,0.757,0.7505,0.7548,65757.179375
1783998000000,0.7548,0.7588,0.7509,0.7588,139800.229869
1784001600000,0.7588,0.7598,0.7568,0.7592,35636.551074
1784005200000,0.7592,0.7648,0.7589,0.7597,118364.736358
1784008800000,0.7602,0.7606,0.7562,0.7579,181580.101806
1784012400000,0.7579,0.7594,0.7562,0.7566,188869.737873
1784016000000,0.757,0.7576,0.7541,0.7545,123578.794832
1784019600000,0.7546,0.7557,0.7523,0.7526,77464.594566
1784023200000,0.7526,0.7549,0.7513,0.7537,70730.295797
1784026800000,0.7537,0.7605,0.7523,0.7576,227861.71861
1784030400000,0.7571,0.7678,0.7551,0.7668,373544.511789
1784034000000,0.7672,0.7806,0.7641,0.7735,717479.592937
1784037600000,0.7733,0.7753,0.7693,0.7736,210721.620433
1784041200000,0.7739,0.7806,0.7727,0.7753,152517.745965
1784044800000,0.7754,0.7799,0.7743,0.7762,132212.611764
1784048400000,0.7761,0.7865,0.7756,0.7796,354629.576528
1784052000000,0.7792,0.7798,0.773,0.7768,139115.291322
1784055600000,0.7772,0.7825,0.7769,0.7818,72743.916221
1784059200000,0.782,0.7835,0.7788,0.7816,63195.3317
1784062800000,0.7815,0.7888,0.7798,0.7828,171345.40843
1784066400000,0.7831,0.7872,0.7804,0.7844,84661.07403
1784070000000,0.7844,0.7866,0.7839,0.7849,47738.236701
1784073600000,0.7851,0.7919,0.7845,0.7864,137045.325534
1784077200000,0.7862,0.7876,0.7826,0.7849,86515.945976
1784080800000,0.7847,0.7866,0.7809,0.7818,130613.513108
1784084400000,0.7817,0.7839,0.7813,0.7832,42086.886359
1784088000000,0.7832,0.7858,0.7787,0.7806,115269.780015
1784091600000,0.7807,0.7831,0.7779,0.7827,100964.693103
1784095200000,0.7827,0.7866,0.7819,0.7819,81110.947854
1784098800000,0.7818,0.7829,0.7773,0.7801,96141.68519
1784102400000,0.7802,0.7867,0.7791,0.7859,114088.816751
1784106000000,0.7859,0.7925,0.7837,0.7845,161865.388975
1784109600000,0.7843,0.7885,0.7842,0.7883,68007.474876
1784113200000,0.7882,0.7936,0.7875,0.7909,103728.937092
1784116800000,0.791,0.8027,0.7877,0.8017,482082.406936
1784120400000,0.8017,0.8065,0.7932,0.7979,455497.440553
1784124000000,0.7981,0.8001,0.7919,0.795,133163.529745
1784127600000,0.7951,0.7963,0.7915,0.7939,55469.825176
1784131200000,0.7943,0.7947,0.7848,0.7905,204154.54079
1784134800000,0.7904,0.798,0.7896,0.7978,108071.852592
1784138400000,0.7975,0.803,0.7921,0.7931,329274.011471
1784142000000,0.7932,0.7949,0.7871,0.789,142798.674585
1784145600000,0.789,0.7951,0.7887,0.792,80886.720477
1784149200000,0.7921,0.7949,0.7908,0.7924,76692.568314
1784152800000,0.7922,0.7937,0.7904,0.791,39564.54836
1784156400000,0.791,0.7921,0.7871,0.7891,114209.582982
1784160000000,0.789,0.7921,0.78,0.7849,264890.166922
1784163600000,0.7849,0.7904,0.7792,0.7893,104239.563879
1784167200000,0.7898,0.7898,0.7861,0.789,37580.278519
1784170800000,0.7888,0.7894,0.7844,0.7853,19935.031779
1784174400000,0.785,0.7854,0.7822,0.7843,46799.159419
1784178000000,0.7843,0.7878,0.7842,0.7853,47423.68649
1784181600000,0.7854,0.788,0.7813,0.7839,62148.767892
1784185200000,0.7837,0.7838,0.7776,0.7812,134275.083371
1784188800000,0.7809,0.7813,0.77,0.7753,394194.568103
1784192400000,0.7753,0.7774,0.775,0.775,73284.729776
1784196000000,0.7752,0.7779,0.7748,0.7776,24072.841053
1784199600000,0.7774,0.7774,0.772,0.7749,57307.525437
1784203200000,0.7749,0.7763,0.7706,0.7718,126761.170416
1784206800000,0.7717,0.7809,0.7714,0.7797,261308.618562
1784210400000,0.7797,0.7834,0.7769,0.7798,156320.393201
1784214000000,0.7802,0.7886,0.776,0.7853,217462.30891
1784217600000,0.7851,0.7851,0.7806,0.7818,39010.054325
1784221200000,0.7817,0.7817,0.7733,0.7779,106300.845928
1784224800000,0.7782,0.7817,0.7771,0.7781,44388.375134
1784228400000,0.7779,0.7802,0.7765,0.7772,55251.354376
1784232000000,0.7772,0.7776,0.7749,0.7759,57368.200619
1784235600000,0.7756,0.7801,0.7756,0.7774,39958.084251
1784239200000,0.7778,0.7802,0.7716,0.7727,127575.842264
1784242800000,0.7727,0.7733,0.7639,0.7702,305091.424244
1784246400000,0.7698,0.7748,0.7673,0.7746,125909.037069
1784250000000,0.7748,0.7768,0.768,0.7685,64287.104771
1784253600000,0.7684,0.7711,0.7652,0.769,220300.259556
1784257200000,0.7691,0.7795,0.7683,0.7742,96408.325452
1784260800000,0.7741,0.7746,0.77,0.7737,89384.835241
1784264400000,0.7734,0.7742,0.7631,0.7654,209925.417404
1784268000000,0.7652,0.7714,0.7639,0.7692,135272.04146
1784271600000,0.7692,0.7705,0.764,0.7652,106109.300454
1784275200000,0.7652,0.7669,0.7578,0.7634,312896.551904
1784278800000,0.7635,0.7663,0.7628,0.7654,81177.874511
1784282400000,0.7653,0.7703,0.7653,0.7682,95735.14631
1784286000000,0.7683,0.775,0.7672,0.7748,194915.755468
1784289600000,0.7748,0.7754,0.7648,0.7648,188906.027963
1784293200000,0.7649,0.766,0.7528,0.7641,582534.265521
1784296800000,0.7641,0.768,0.7631,0.7641,234744.535527
1784300400000,0.7641,0.7649,0.7576,0.7646,268113.821999
1784304000000,0.7646,0.7693,0.7618,0.7677,126560.475862
1784307600000,0.7678,0.7724,0.7676,0.7678,85309.70879
1784311200000,0.7681,0.7704,0.7644,0.7687,38371.095219
1784314800000,0.7686,0.7686,0.7623,0.764,103631.536209
1784318400000,0.7639,0.7641,0.7612,0.7623,74261.928939
1784322000000,0.7623,0.7657,0.7618,0.762,60643.369424
1784325600000,0.7621,0.7641,0.7617,0.764,15917.273067
1784329200000,0.7637,0.7652,0.7614,0.7648,22621.859642
1784332800000,0.7649,0.7668,0.7641,0.7651,64584.883904
1784336400000,0.7651,0.766,0.764,0.7644,26194.629314
1784340000000,0.7645,0.7678,0.7633,0.765,42800.644428
1784343600000,0.765,0.7661,0.764,0.766,32375.244668
1784347200000,0.7659,0.7663,0.7612,0.7617,57493.238496
1784350800000,0.7617,0.7617,0.7567,0.758,213560.107799
1784354400000,0.7578,0.7595,0.7565,0.7589,75338.867679
1784358000000,0.7589,0.7589,0.7571,0.7576,25653.30617
1784361600000,0.7576,0.7599,0.7562,0.7569,42692.81066
1784365200000,0.7569,0.7574,0.7524,0.7553,139343.04117
1784368800000,0.7552,0.757,0.7552,0.7563,53415.309564
1784372400000,0.7562,0.7578,0.7562,0.7567,30387.484846
1784376000000,0.7563,0.7581,0.7456,0.7498,466956.29213
1784379600000,0.7498,0.7504,0.7386,0.7441,504719.26531
1784383200000,0.7442,0.7457,0.7422,0.745,138002.924108
1784386800000,0.7453,0.7458,0.7436,0.7455,117760.505136
1784390400000,0.7456,0.7478,0.7442,0.7469,210763.521896
1784394000000,0.7472,0.7502,0.7459,0.7497,81387.563938
1784397600000,0.7497,0.7529,0.748,0.7494,90736.326449
1784401200000,0.7495,0.7505,0.7481,0.7488,44436.547109
1784404800000,0.749,0.7511,0.7481,0.7496,36902.72224
1784408400000,0.7497,0.7512,0.748,0.7494,54477.392675
1784412000000,0.7494,0.7511,0.7487,0.7502,46802.827562
1784415600000,0.7504,0.7508,0.7484,0.7495,31013.150425
1784419200000,0.75,0.7511,0.7484,0.7505,35224.465797
1784422800000,0.7504,0.7505,0.7482,0.7483,39922.19404
1784426400000,0.7484,0.7547,0.7482,0.7537,160615.3223
1784430000000,0.754,0.754,0.7484,0.7498,72529.346904
1784433600000,0.75,0.7502,0.7456,0.7464,48555.769772
1784437200000,0.7462,0.7476,0.745,0.7466,42336.008135
1784440800000,0.7465,0.7474,0.7456,0.7467,37379.923939
1784444400000,0.7466,0.7466,0.7426,0.7433,71846.495558
1784448000000,0.7435,0.7445,0.7411,0.7431,130697.396784
1784451600000,0.7432,0.7433,0.7263,0.7324,712783.02391
1784455200000,0.7323,0.7354,0.7308,0.7323,130362.315562
1784458800000,0.7323,0.7337,0.7291,0.7296,186359.597285
1784462400000,0.7295,0.7295,0.7235,0.7278,382321.382414
1784466000000,0.7276,0.7279,0.7252,0.7276,111801.518903
1784469600000,0.7277,0.7281,0.7195,0.7208,435132.83283
1784473200000,0.7208,0.7246,0.719,0.7246,345006.504881
1784476800000,0.7245,0.726,0.7153,0.7168,356134.342665
1784480400000,0.7167,0.7186,0.71,0.7165,342564.616769
1784484000000,0.7163,0.7184,0.7116,0.7159,197175.119445
1784487600000,0.716,0.717,0.7138,0.7156,43868.066928
1784491200000,0.7157,0.7177,0.7154,0.7163,48500.768043
1784494800000,0.7165,0.7174,0.7123,0.7144,109756.95445
1784498400000,0.7144,0.7207,0.7141,0.7182,220974.128445
1784502000000,0.7183,0.7203,0.715,0.72,131684.223148
1784505600000,0.72,0.7263,0.7164,0.7188,245019.111842
1784509200000,0.7189,0.7267,0.7153,0.7169,203267.573376
1784512800000,0.7166,0.724,0.7165,0.7238,136802.518113
1784516400000,0.724,0.7249,0.7195,0.7201,121554.220641
1784520000000,0.7202,0.7204,0.7159,0.7169,84900.646811
1784523600000,0.717,0.7174,0.7061,0.7085,573206.361235
1784527200000,0.7086,0.7114,0.7033,0.7062,316047.994232
1784530800000,0.7066,0.7118,0.7051,0.7107,158317.906277
1784534400000,0.7108,0.7123,0.7011,0.7063,395700.410933
1784538000000,0.7063,0.7099,0.704,0.7086,159113.990049
1784541600000,0.7087,0.7129,0.7083,0.7105,130006.121259
1784545200000,0.7105,0.7174,0.7103,0.7171,190491.27598
1784548800000,0.7171,0.7171,0.7136,0.7151,135265.213224
1784552400000,0.7152,0.7207,0.7117,0.7131,200419.647667
1784556000000,0.713,0.7206,0.7115,0.7175,182502.628809
1784559600000,0.7177,0.7349,0.7173,0.7326,576664.263676
1784563200000,0.7327,0.7427,0.7285,0.7303,1040789.517832
1784566800000,0.7302,0.7331,0.7276,0.7304,195893.5372
1784570400000,0.7305,0.7337,0.7293,0.7312,234581.436341
1784574000000,0.7313,0.7321,0.7265,0.7316,302107.466281
1784577600000,0.7317,0.7353,0.7312,0.7352,317717.236221
1784581200000,0.7351,0.7381,0.735,0.7355,93184.036868
1784584800000,0.7355,0.7365,0.7318,0.7334,70972.605642
1784588400000,0.7334,0.7391,0.733,0.7355,150776.831998
1784592000000,0.7355,0.7383,0.7337,0.7365,43540.481796
1784595600000,0.7365,0.7385,0.733,0.7333,141108.229289
1784599200000,0.7334,0.7372,0.7316,0.7361,71076.193726
1784602800000,0.7362,0.7459,0.7362,0.7431,312949.949758
1784606400000,0.7431,0.7444,0.7389,0.7398,131328.46056
1784610000000,0.7399,0.7431,0.738,0.7407,132877.629817
1784613600000,0.7407,0.743,0.7394,0.7417,176667.429417
1784617200000,0.7417,0.747,0.7417,0.7467,207819.394675
1784620800000,0.7466,0.759,0.7451,0.7537,591044.057555
1784624400000,0.7536,0.7568,0.7496,0.7541,220732.490562
1784628000000,0.7543,0.7605,0.7447,0.7481,625199.063596
1784631600000,0.748,0.7518,0.7467,0.7497,164168.993445
1784635200000,0.75,0.7511,0.7484,0.7501,84546.537013
1784638800000,0.7502,0.7557,0.7488,0.7551,390451.611837
1784642400000,0.7549,0.7559,0.7498,0.7552,353099.851193
1784646000000,0.755,0.76,0.7527,0.758,306903.209951
1784649600000,0.7579,0.7588,0.7511,0.7537,212374.96507
1784653200000,0.754,0.7562,0.7493,0.7554,121263.851219
1784656800000,0.7559,0.7845,0.7554,0.7695,917869.209226
1784660400000,0.7695,0.7786,0.7651,0.7748,385419.906928
1784664000000,0.775,0.7763,0.7705,0.7719,153559.655727
1784667600000,0.7719,0.7819,0.7703,0.7749,430092.408626
1784671200000,0.7746,0.7749,0.7701,0.7725,131960.631528
1784674800000,0.7724,0.7724,0.7676,0.7695,165996.669796
1784678400000,0.7694,0.7809,0.7677,0.7771,553775.680438
1784682000000,0.7772,0.7789,0.7733,0.7741,111111.789252
1784685600000,0.774,0.7748,0.7714,0.7716,95143.434852
1784689200000,0.7716,0.7734,0.769,0.7698,118773.141795
1784692800000,0.7693,0.773,0.7685,0.7712,92318.358017
1784696400000,0.771,0.7751,0.7644,0.7671,146635.327522
1784700000000,0.7672,0.7723,0.7648,0.7694,147720.053333
1784703600000,0.7691,0.7721,0.7673,0.7704,105033.974785
1784707200000,0.7705,0.7759,0.7701,0.7722,132099.908859
1784710800000,0.7719,0.7732,0.7654,0.7688,141748.810368
1784714400000,0.769,0.775,0.7686,0.7747,89430.260492
1784718000000,0.7746,0.7754,0.7673,0.7687,98940.787512
1784721600000,0.7687,0.7698,0.7594,0.7622,169347.143188
1784725200000,0.7621,0.7693,0.7621,0.768,130680.545231
1784728800000,0.7678,0.7723,0.7641,0.7672,128620.499109
1784732400000,0.7676,0.7712,0.7667,0.7695,105624.150329
1784736000000,0.7697,0.7748,0.7686,0.773,169976.819835
1784739600000,0.7733,0.7733,0.7676,0.7684,26443.686938
1784743200000,0.7683,0.7689,0.7612,0.7649,77403.224842
1784746800000,0.7649,0.7656,0.7619,0.7631,67416.16556
1784750400000,0.763,0.7654,0.7613,0.7649,55023.80966
1784754000000,0.7649,0.7678,0.7643,0.7678,26059.533148
1784757600000,0.7679,0.7681,0.7624,0.7647,79856.958009
1784761200000,0.7648,0.7648,0.7576,0.7624,109561.641877
1784764800000,0.7625,0.7653,0.762,0.7622,54258.067436
1784768400000,0.7622,0.7623,0.7555,0.7567,146836.700391
1784772000000,0.7562,0.7564,0.7532,0.7546,114983.948647
1784775600000,0.7544,0.7544,0.7387,0.7417,507205.819851
1784779200000,0.7414,0.7457,0.7387,0.7449,293529.956807
1784782800000,0.7448,0.7458,0.7402,0.7407,54415.81143
1784786400000,0.7407,0.7442,0.7401,0.743,102768.966389
1784790000000,0.743,0.743,0.7291,0.7341,688111.440542
1784793600000,0.7337,0.7399,0.7333,0.7377,513105.753298
1784797200000,0.7377,0.7398,0.7368,0.7375,147515.397082
1784800800000,0.7375,0.7407,0.7373,0.7403,51066.645066
1784804400000,0.7402,0.7414,0.7364,0.737,88584.064377
1784808000000,0.7368,0.7376,0.7326,0.7362,100911.865669
1784811600000,0.7364,0.7369,0.7312,0.7321,237385.124596
1784815200000,0.7324,0.7366,0.7292,0.7297,252855.011718
1784818800000,0.7297,0.7298,0.7237,0.7274,359527.060828
1784822400000,0.7274,0.729,0.7228,0.7276,203682.816599
1784826000000,0.7277,0.7322,0.7214,0.7235,128874.214995
1784829600000,0.7232,0.7286,0.7232,0.7264,59327.849298
1784833200000,0.7265,0.7292,0.724,0.7284,114783.063899
1784836800000,0.7278,0.7326,0.7277,0.7301,122082.264384
1784840400000,0.7302,0.7314,0.7267,0.7282,124093.848833
1784844000000,0.7283,0.7294,0.7252,0.7286,58493.739213
1784847600000,0.7287,0.7291,0.727,0.7281,37539.387611
1784851200000,0.7282,0.7282,0.7227,0.7277,111446.370802
1784854800000,0.7276,0.7292,0.7266,0.7282,119358.02961
1784858400000,0.728,0.7286,0.7234,0.7254,125825.289804
1784862000000,0.7255,0.73,0.7247,0.7295,92536.546549
1784865600000,0.7296,0.7297,0.7252,0.7274,67237.22161
1784869200000,0.7274,0.7306,0.7268,0.7306,55109.089023
1784872800000,0.7307,0.7352,0.7304,0.7339,113505.175713
1784876400000,0.7342,0.7387,0.7311,0.7336,154296.51071
1784880000000,0.7337,0.7349,0.7322,0.7339,66095.484439
1784883600000,0.7341,0.7345,0.7301,0.7331,145809.927221
1784887200000,0.7331,0.7335,0.7281,0.7294,63957.106648
1784890800000,0.7296,0.7318,0.7277,0.7312,73815.659174
1784894400000,0.7306,0.7321,0.7241,0.7247,86073.705169
1784898000000,0.7246,0.7249,0.7112,0.7155,780153.792693
1784901600000,0.7159,0.72,0.7107,0.72,571439.993803
1784905200000,0.7199,0.7253,0.7175,0.7241,441423.925208
1784908800000,0.7242,0.7272,0.7229,0.7257,84974.578509
1784912400000,0.7257,0.7289,0.7243,0.7271,91630.406184
1784916000000,0.7271,0.728,0.7238,0.7258,48126.999957
1784919600000,0.726,0.7275,0.7249,0.7259,14942.667937
1784923200000,0.7261,0.727,0.7231,0.7242,16450.265948
1784926800000,0.7245,0.7245,0.7173,0.7177,154149.34515
1784930400000,0.7178,0.7185,0.7162,0.7162,75136.010603
1784934000000,0.7164,0.7195,0.7164,0.7195,76727.189372
1784937600000,0.7193,0.7212,0.7178,0.7203,89400.569976
1784941200000,0.7203,0.7214,0.7189,0.72,59589.778222
1784944800000,0.7203,0.7211,0.7179,0.7207,71681.452435
1784948400000,0.7211,0.723,0.7211,0.7223,40925.562026
1784952000000,0.7225,0.7282,0.7225,0.7245,107726.312144
1784955600000,0.7242,0.7249,0.7218,0.7232,115218.190397
1784959200000,0.7231,0.7238,0.7186,0.7205,34612.321781
1784962800000,0.7209,0.7214,0.7171,0.7176,170041.313501
1784966400000,0.7175,0.7179,0.7147,0.7163,156888.935509
1784970000000,0.7164,0.7191,0.7156,0.7179,73475.116641
1784973600000,0.718,0.7193,0.7173,0.719,27416.482949
1784977200000,0.719,0.7193,0.7171,0.7188,28471.855806
1784980800000,0.7187,0.721,0.7183,0.7205,21333.383232
1784984400000,0.7205,0.7233,0.7202,0.7208,49183.899264
1784988000000,0.7208,0.7208,0.7177,0.72,60898.894771
1784991600000,0.7199,0.7256,0.7198,0.722,130862.937455
1784995200000,0.7221,0.725,0.7216,0.7242,100275.793036
1784998800000,0.7242,0.7317,0.7231,0.7271,120475.970931
1785002400000,0.7274,0.7289,0.7266,0.7287,18390.787462
1785006000000,0.7288,0.733,0.7267,0.7313,89116.912363
1785009600000,0.7315,0.7348,0.73,0.7302,149359.780666
1785013200000,0.7301,0.7404,0.7298,0.7365,229371.229
1785016800000,0.7363,0.7412,0.7359,0.7385,118705.80097
1785020400000,0.7381,0.7381,0.7343,0.736,113944.169156
1785024000000,0.7363,0.7391,0.7332,0.7355,250125.999203
1785027600000,0.7356,0.7366,0.7319,0.7345,84190.270991
1785031200000,0.7346,0.7389,0.7322,0.7388,74141.714926
1785034800000,0.7389,0.7404,0.7357,0.7364,100184.049394
1785038400000,0.7366,0.7476,0.736,0.7416,271197.81759
1785042000000,0.7415,0.7442,0.7403,0.7422,203816.767422
1785045600000,0.742,0.7454,0.7397,0.7454,123021.424065
1785049200000,0.7455,0.7514,0.7442,0.7491,296931.981823
1785052800000,0.7491,0.7531,0.7466,0.7524,260295.241512
1785056400000,0.7525,0.7531,0.7471,0.7481,250184.109053
1785060000000,0.7481,0.7499,0.7464,0.7469,153843.367506
1785063600000,0.7469,0.7511,0.7469,0.748,63935.246864
1785067200000,0.7481,0.7504,0.7447,0.7453,174067.688124
1785070800000,0.7454,0.7467,0.7422,0.7447,176584.535342
1785074400000,0.7441,0.7483,0.7431,0.7462,204152.178072
1785078000000,0.7457,0.7485,0.745,0.7457,139286.978935
1785081600000,0.7457,0.7502,0.7438,0.7446,130840.081984
1785085200000,0.7447,0.7461,0.7435,0.7446,95408.822653
1785088800000,0.7445,0.7448,0.7425,0.7441,43421.99736
1785092400000,0.7445,0.7445,0.7322,0.7383,252681.399659
1785096000000,0.7384,0.7388,0.735,0.7367,70209.621297
1785099600000,0.7365,0.7403,0.7345,0.7384,158873.597153
1785103200000,0.7387,0.7443,0.7387,0.7431,109161.610595
1785106800000,0.7433,0.7468,0.7413,0.7451,173987.775832
1785110400000,0.7452,0.7452,0.7418,0.7426,58375.433352
1785114000000,0.7426,0.7447,0.7386,0.7445,89261.474059
1785117600000,0.7446,0.7564,0.7443,0.7521,287881.342514
1785121200000,0.7526,0.7542,0.7491,0.7527,160995.020814
1785124800000,0.7526,0.7538,0.7478,0.7478,77068.897639
1785128400000,0.7477,0.7486,0.7443,0.7463,74334.960569
1785132000000,0.7462,0.7494,0.7424,0.7446,153397.035135
1785135600000,0.7438,0.7448,0.741,0.7419,58523.883109
1785139200000,0.742,0.742,0.7368,0.737,238106.910911
1785142800000,0.737,0.7411,0.736,0.7397,97211.494462
1785146400000,0.7396,0.7428,0.7392,0.7411,56173.43706
1785150000000,0.7411,0.7435,0.7392,0.7414,165948.970274
1785153600000,0.7414,0.7463,0.7396,0.7449,252137.933875
1785157200000,0.7449,0.752,0.7429,0.744,284695.079829
1785160800000,0.7441,0.7443,0.7171,0.724,843198.453324
1785164400000,0.7235,0.7255,0.7186,0.7217,189509.973949
1785168000000,0.7214,0.7264,0.7179,0.7251,186576.043229
1785171600000,0.7251,0.7264,0.723,0.7252,78048.573946
1785175200000,0.7257,0.7265,0.7175,0.7214,87710.317774
1785178800000,0.7215,0.7249,0.7122,0.7154,440034.636306
1785182400000,0.7157,0.72,0.7129,0.7189,73802.078393
1785186000000,0.719,0.7191,0.71,0.7121,307507.822254
1785189600000,0.7121,0.7141,0.69,0.693,1468607.360571
1785193200000,0.6931,0.6981,0.688,0.6949,632323.341148
1785196800000,0.695,0.6983,0.6931,0.6949,210573.597336
1785200400000,0.695,0.6956,0.6847,0.692,426754.661687
1785204000000,0.6919,0.6981,0.6902,0.6974,107015.029696
1785207600000,0.6975,0.7008,0.6968,0.6999,211967.167458
1785211200000,0.6997,0.7,0.693,0.6936,133606.40237
1785214800000,0.6937,0.6977,0.6935,0.6941,72555.890704
1785218400000,0.6941,0.6966,0.6925,0.6956,67580.873757
1785222000000,0.6959,0.6967,0.6925,0.6943,62622.964938
1785225600000,0.6941,0.6967,0.6926,0.6961,41407.069787
1785229200000,0.6961,0.6972,0.6943,0.6955,49513.424341
1785232800000,0.6954,0.698,0.6954,0.6968,68555.314999
1785236400000,0.6969,0.6989,0.6945,0.6983,290824.562471
1785240000000,0.6981,0.7024,0.6966,0.6998,136573.018839
1785243600000,0.6999,0.7015,0.6871,0.6946,523841.003585
1785247200000,0.6945,0.6991,0.6912,0.6964,98414.302068
1785250800000,0.6965,0.7051,0.6941,0.7044,262947.485139
1785254400000,0.7043,0.7081,0.7022,0.7068,73950.719695
1785258000000,0.7068,0.707,0.6977,0.6998,79803.164189
1785261600000,0.7004,0.7016,0.696,0.6996,131069.593432
1785265200000,0.6997,0.7036,0.6997,0.7028,40628.265593
1785268800000,0.7028,0.706,0.7024,0.7053,87601.51719
1785272400000,0.7054,0.7075,0.7035,0.7062,84790.232334
1785276000000,0.7063,0.7069,0.7013,0.7014,67540.245917
1785279600000,0.7013,0.7077,0.7002,0.7064,76885.533186
1785283200000,0.7066,0.7118,0.7063,0.7067,141529.244803
1785286800000,0.7066,0.7068,0.6962,0.6966,127833.163537
1785290400000,0.6965,0.7002,0.6929,0.6962,195108.205203
1785294000000,0.6962,0.6965,0.6858,0.6861,297077.870482
1785297600000,0.6863,0.693,0.6793,0.691,678485.146525
1785301200000,0.691,0.6959,0.6907,0.6945,133913.49504
1785304800000,0.6945,0.6969,0.6924,0.6945,148696.458563
1785308400000,0.6946,0.6965,0.6929,0.6962,82107.748921
1785312000000,0.6965,0.6965,0.6918,0.6943,50336.136678
1785315600000,0.6945,0.6978,0.6944,0.6952,77113.111162
1785319200000,0.6951,0.6952,0.6901,0.692,83248.97516
1785322800000,0.6922,0.6948,0.6912,0.6919,52081.308703
1785326400000,0.6919,0.6919,0.6874,0.6908,148989.774015
1785330000000,0.6908,0.6947,0.6893,0.6934,81228.420839
1785333600000,0.6935,0.6947,0.6891,0.6905,92317.818353
1785337200000,0.6906,0.6941,0.6883,0.6888,136746.576805
1785340800000,0.6887,0.6887,0.6671,0.6685,1048784.127493
1785344400000,0.6687,0.6846,0.6648,0.6769,1330446.61831
1785348000000,0.6769,0.6857,0.6753,0.6836,519674.156102
1785351600000,0.684,0.6859,0.6635,0.6658,368702.890378
1785355200000,0.666,0.667,0.6535,0.659,742484.041157
1785358800000,0.6588,0.6697,0.6569,0.6694,243761.114853
1785362400000,0.6695,0.6749,0.6691,0.6744,402919.996582
1785366000000,0.6744,0.6799,0.6741,0.6787,94514.22975
1785369600000,0.6787,0.6816,0.6771,0.679,186854.306411
1785373200000,0.6793,0.6866,0.6779,0.6828,208655.480957
1785376800000,0.6829,0.6868,0.6826,0.6833,136415.324967
1785380400000,0.6834,0.6881,0.6828,0.686,187279.208452
1785384000000,0.686,0.6872,0.6779,0.678,163717.450154
1785387600000,0.6781,0.6823,0.6753,0.6822,79794.634749
1785391200000,0.6823,0.6825,0.6799,0.681,44424.778014
1785394800000,0.6812,0.6836,0.6782,0.6812,87973.623414
1785398400000,0.6812,0.687,0.6806,0.6863,71595.880844
1785402000000,0.6865,0.6924,0.6832,0.691,284248.062676
1785405600000,0.691,0.6959,0.691,0.6933,272460.141873
1785409200000,0.6935,0.6992,0.6913,0.6931,324349.244684
1785412800000,0.6929,0.6965,0.6909,0.6921,183366.980649
1785416400000,0.6921,0.698,0.69,0.6966,183981.934105
1785420000000,0.6965,0.6972,0.6925,0.6946,154246.205346
1785423600000,0.6947,0.7095,0.6923,0.7077,618108.128889
1785427200000,0.7074,0.7095,0.703,0.7072,362430.190169
1785430800000,0.7075,0.7299,0.7046,0.7213,1458282.781738
1785434400000,0.7211,0.7253,0.7141,0.7153,240957.251151
1785438000000,0.7154,0.7212,0.715,0.7204,204717.029787
1785441600000,0.7203,0.7271,0.7201,0.7224,229309.936692
1785445200000,0.7224,0.7235,0.7188,0.7197,205522.691488
1785448800000,0.7194,0.7199,0.7152,0.7162,103168.655364
1785452400000,0.7163,0.7171,0.7123,0.7134,115670.881039
1785456000000,0.7133,0.7186,0.7133,0.7159,117471.610439
1785459600000,0.716,0.7212,0.7147,0.716,198011.801634
1785463200000,0.7156,0.7168,0.7019,0.7086,704409.078686
1785466800000,0.7087,0.7136,0.7061,0.7122,254586.854982
1785470400000,0.712,0.715,0.7104,0.7132,132136.603934
1785474000000,0.7131,0.7169,0.7131,0.7166,107478.402503
1785477600000,0.7165,0.7178,0.7117,0.7148,70472.105031
1785481200000,0.7149,0.7188,0.7097,0.7175,222332.850811
1785484800000,0.7176,0.719,0.7145,0.7184,133987.051312
1785488400000,0.7183,0.7184,0.7114,0.7142,298915.28874
1785492000000,0.7143,0.7212,0.7102,0.7181,330526.321292
1785495600000,0.7185,0.7201,0.7161,0.7182,144884.086664
1785499200000,0.7183,0.7208,0.7145,0.7192,324216.754757
1785502800000,0.7193,0.7243,0.7139,0.7171,370989.204044
1785506400000,0.717,0.7232,0.7105,0.7188,879286.039676
1785510000000,0.7188,0.7238,0.715,0.7178,445018.465672
1785513600000,0.7179,0.7211,0.7151,0.7199,463654.770789
1785517200000,0.7201,0.727,0.7195,0.724,246307.244649
1785520800000,0.7241,0.7256,0.7185,0.7208,82191.285533
1785524400000,0.721,0.7219,0.7145,0.7163,62221.380479
1785528000000,0.7165,0.7183,0.7138,0.7143,56122.424144
1785531600000,0.7144,0.716,0.7118,0.7147,109706.310636
1785535200000,0.7148,0.7177,0.7142,0.7154,31177.815453
1785538800000,0.7153,0.7174,0.714,0.7155,58744.549008
1785542400000,0.7156,0.7178,0.714,0.7151,163636.320836
1785546000000,0.7152,0.7189,0.7152,0.7178,151954.751346
1785549600000,0.7182,0.7206,0.7171,0.72,68650.411713
1785553200000,0.72,0.7215,0.7185,0.7204,72354.23373
1785556800000,0.7209,0.7268,0.7194,0.7232,133363.717523
1785560400000,0.7233,0.7247,0.7186,0.7213,112178.94809
1785564000000,0.7216,0.7256,0.7201,0.7237,93484.258731
1785567600000,0.7235,0.7256,0.7222,0.7224,76749.244364
1785571200000,0.7222,0.7286,0.7211,0.7274,197897.13235
1785574800000,0.7274,0.7282,0.72,0.7213,115457.081953
1785578400000,0.7215,0.7216,0.7058,0.7127,400301.923467
1785582000000,0.7133,0.7138,0.7108,0.7114,69713.283261
1785585600000,0.7114,0.7127,0.7104,0.7115,59539.629866
1785589200000,0.7112,0.7135,0.7109,0.7127,75641.657708
1785592800000,0.7127,0.713,0.7084,0.7108,143398.515105
1785596400000,0.711,0.7125,0.7089,0.7114,87263.315996
1785600000000,0.7114,0.7127,0.7083,0.7095,68222.203874
1785603600000,0.7096,0.7113,0.6988,0.7023,261231.212796
1785607200000,0.7021,0.7025,0.6907,0.697,381063.344636
1785610800000,0.6969,0.6989,0.6953,0.698,70771.098522
1785614400000,0.6977,0.6997,0.6972,0.6995,28849.900551
1785618000000,0.6995,0.702,0.6993,0.7004,51546.654899
1785621600000,0.7005,0.7021,0.6996,0.7004,59148.405627
1785625200000,0.7005,0.7014,0.6999,0.7011,34449.44402
1785628800000,0.701,0.7025,0.7003,0.7024,76999.836631
1785632400000,0.7027,0.7098,0.7022,0.7082,168372.765985
1785636000000,0.7079,0.7165,0.7062,0.7116,294369.281644
1785639600000,0.7119,0.7145,0.7116,0.7132,59374.242714
1785643200000,0.7133,0.7187,0.7131,0.7183,117477.985608
1785646800000,0.7182,0.7198,0.7144,0.7181,108049.905889
1785650400000,0.7184,0.7196,0.7151,0.7159,91418.092723
1785654000000,0.7159,0.719,0.7151,0.7177,49943.366189
1785657600000,0.7177,0.7183,0.714,0.7141,104415.162631
1785661200000,0.7143,0.7155,0.712,0.7129,111846.658041
1785664800000,0.7128,0.7149,0.7127,0.7137,39673.090466
1785668400000,0.7137,0.7167,0.7131,0.7147,67207.210493
1785672000000,0.715,0.7257,0.715,0.7206,200356.985609
1785675600000,0.7207,0.7219,0.7178,0.7197,98144.892535
1785679200000,0.7196,0.7234,0.7182,0.7221,167194.100195
1785682800000,0.7221,0.7223,0.7187,0.7196,117781.737855
1785686400000,0.7197,0.7228,0.7178,0.7188,145721.245699
1785690000000,0.7187,0.7209,0.718,0.7204,22763.434014
1785693600000,0.7204,0.7241,0.72,0.7202,52022.09254
1785697200000,0.7203,0.7221,0.7182,0.7221,102201.431734
1785700800000,0.7222,0.7223,0.7201,0.721,33022.318098
1785704400000,0.721,0.7235,0.7204,0.7213,62815.860398
1785708000000,0.7215,0.7228,0.7169,0.7181,127930.90789
1785711600000,0.7179,0.719,0.7168,0.7189,56890.175014
1785715200000,0.7188,0.7197,0.7159,0.7173,70014.133542
1785718800000,0.7173,0.7182,0.7125,0.7134,77724.460902
1785722400000,0.7132,0.7185,0.7108,0.7183,167821.997846
1785726000000,0.718,0.7199,0.7118,0.7151,106848.557073
1785729600000,0.715,0.7186,0.708,0.7093,277046.187768
1785733200000,0.7094,0.7126,0.7089,0.7126,47242.270329
1785736800000,0.7127,0.7132,0.7084,0.709,51724.017185
1785740400000,0.7091,0.7119,0.708,0.7096,105335.786195
1785744000000,0.7094,0.7123,0.7051,0.7122,146769.637139
1785747600000,0.7121,0.7147,0.7111,0.7138,106863.571661
1785751200000,0.7138,0.7154,0.7125,0.7148,85761.916874
1785754800000,0.7146,0.7169,0.7127,0.7147,85582.549726
1785758400000,0.7148,0.717,0.7139,0.7157,53266.771622
1785762000000,0.7158,0.7346,0.7158,0.7255,944952.372236
1785765600000,0.7254,0.7268,0.7213,0.7248,157082.60123
1785769200000,0.7247,0.7247,0.7207,0.7243,135281.173588
1785772800000,0.7243,0.7281,0.7221,0.7242,273415.669739
1785776400000,0.7241,0.7263,0.7231,0.724,37065.886211
1785780000000,0.724,0.7269,0.724,0.7264,25549.205582
1785783600000,0.7265,0.7285,0.726,0.726,69094.523917
1785787200000,0.7255,0.7273,0.7234,0.7247,111617.83568
1785790800000,0.7247,0.7271,0.7236,0.7246,95820.216731
1785794400000,0.7246,0.7246,0.7182,0.7224,190409.109701
1785798000000,0.7222,0.724,0.72,0.7239,20868.298416
1785801600000,0.7238,0.7259,0.7192,0.7199,100888.238789
1785805200000,0.7202,0.7285,0.7195,0.7281,77718.118883
1785808800000,0.7281,0.7283,0.723,0.7231,96040.677964
1785812400000,0.723,0.7233,0.7186,0.7198,62180.270681
1785816000000,0.7197,0.7239,0.7196,0.7222,53605.899306
1785819600000,0.722,0.7235,0.7202,0.7234,53204.197827
1785823200000,0.7233,0.7239,0.7171,0.7183,103460.68465
1785826800000,0.7183,0.7192,0.7138,0.7182,204101.474426
1785830400000,0.7182,0.7192,0.7161,0.7161,32119.179693
1785834000000,0.716,0.7161,0.7134,0.7141,85354.439278
1785837600000,0.7139,0.7167,0.712,0.7155,94382.507759
1785841200000,0.715,0.7154,0.7122,0.7144,81827.048119
1785844800000,0.7142,0.7158,0.7122,0.7122,146003.192613
1785848400000,0.7121,0.7166,0.7083,0.7104,302260.149887
1785852000000,0.7101,0.7143,0.707,0.7123,276153.085111
1785855600000,0.7122,0.7137,0.7087,0.7127,94990.102813
1785859200000,0.7125,0.7176,0.7113,0.7147,101869.502787
1785862800000,0.7148,0.7167,0.712,0.712,115681.902134
1785866400000,0.7121,0.7162,0.7121,0.7149,54582.207044
1785870000000,0.7151,0.7179,0.7151,0.7166,87776.075324
1785873600000,0.7165,0.7213,0.7141,0.7197,228275.978068
1785877200000,0.7202,0.7226,0.7177,0.7195,113016.865673
1785880800000,0.7195,0.7255,0.7184,0.7222,267142.355136
1785884400000,0.7224,0.7232,0.718,0.7188,103035.985749
1785888000000,0.7189,0.719,0.7128,0.7133,156643.724015
1785891600000,0.7132,0.7174,0.7118,0.7163,132242.733445
1785895200000,0.7166,0.7195,0.7159,0.7195,96235.32425
1785898800000,0.7197,0.7207,0.7117,0.7125,223343.076148
1785902400000,0.7124,0.7141,0.7113,0.7134,119172.186759
1785906000000,0.7134,0.7177,0.7133,0.7158,56475.749487
1785909600000,0.7158,0.7174,0.7147,0.7155,42482.231697
1785913200000,0.7155,0.7174,0.7144,0.717,107989.787793
1785916800000,0.7171,0.718,0.709,0.7099,262200.797796
1785920400000,0.7096,0.7142,0.709,0.7115,90149.618253
1785924000000,0.7115,0.7115,0.707,0.7083,197460.429638
1785927600000,0.708,0.7099,0.7073,0.7082,77896.745604
1785931200000,0.708,0.719,0.705,0.714,418740.895813
1785934800000,0.7136,0.7155,0.7079,0.7127,165532.290381
1785938400000,0.7127,0.7195,0.7125,0.7181,179751.311476
1785942000000,0.7183,0.7229,0.7161,0.7175,261821.394649
1785945600000,0.7175,0.7228,0.7143,0.72,169128.657896
1785949200000,0.7202,0.7308,0.7191,0.7246,193097.14142
1785952800000,0.7247,0.7252,0.7218,0.7225,111203.922684
1785956400000,0.7226,0.7244,0.7199,0.72,45341.33801
1785960000000,0.7201,0.7269,0.7183,0.724,110536.862255
1785963600000,0.7241,0.7242,0.7216,0.7227,55471.737426
1785967200000,0.723,0.7235,0.7197,0.7198,85371.940273
1785970800000,0.7197,0.7227,0.7186,0.7202,140150.334482
1785974400000,0.7202,0.723,0.7202,0.7225,86191.998239
1785978000000,0.7223,0.7225,0.7151,0.7153,110668.360832
1785981600000,0.7152,0.7152,0.7074,0.711,325076.136523
1785985200000,0.7106,0.7132,0.708,0.7124,115161.834783
1785988800000,0.7123,0.7166,0.7112,0.7145,94066.762903
1785992400000,0.7148,0.719,0.7136,0.7143,97579.802443
1785996000000,0.7147,0.7164,0.7121,0.7145,94731.175478
1785999600000,0.7143,0.7151,0.7123,0.7134,220334.848511
1786003200000,0.7133,0.7141,0.7115,0.7128,234549.434275
1786006800000,0.7125,0.7125,0.7014,0.7036,924276.134858
1786010400000,0.7036,0.7036,0.6786,0.6882,2184444.111452
1786014000000,0.6884,0.6942,0.6864,0.6892,407470.350518
1786017600000,0.6893,0.6901,0.6863,0.6863,265941.327886
1786021200000,0.6863,0.6911,0.6847,0.6905,234054.149324
1786024800000,0.6905,0.6964,0.6893,0.6953,451809.459539
1786028400000,0.695,0.7112,0.6946,0.7088,833146.839821
1786032000000,0.7087,0.7387,0.7026,0.729,2420368.834984
1786035600000,0.7291,0.7315,0.7139,0.7163,885890.737279
1786039200000,0.7163,0.7163,0.6992,0.703,672984.545791
1786042800000,0.7032,0.7049,0.699,0.7006,142984.227381
1786046400000,0.7005,0.7043,0.7005,0.7038,98834.278155
1786050000000,0.7039,0.7067,0.7036,0.7051,198609.458937
1786053600000,0.7052,0.7066,0.7021,0.7025,160199.405355
1786057200000,0.7023,0.7042,0.7014,0.7042,107834.298442
1786060800000,0.7041,0.706,0.7002,0.7048,174349.005432
1786064400000,0.7052,0.7062,0.7016,0.7023,87155.465021
1786068000000,0.702,0.7032,0.6979,0.701,157646.721631
1786071600000,0.7008,0.7028,0.6881,0.6919,353347.740617
1786075200000,0.6917,0.6947,0.6902,0.6937,184829.910989
1786078800000,0.6939,0.6952,0.691,0.6952,99042.307876
1786082400000,0.6951,0.6964,0.6917,0.6949,285206.11586
1786086000000,0.6949,0.6969,0.6939,0.6962,88338.831025
1786089600000,0.6959,0.6967,0.688,0.6918,442664.501338
1786093200000,0.6916,0.6939,0.6911,0.6929,125680.664401
1786096800000,0.6928,0.6935,0.6913,0.6913,243047.842327
1786100400000,0.6913,0.6963,0.6913,0.6953,160830.938623
1786104000000,0.6949,0.7019,0.6948,0.6972,339610.260765
1786107600000,0.6973,0.6991,0.6952,0.6978,156746.32711
1786111200000,0.698,0.698,0.6886,0.6909,375859.031877
1786114800000,0.691,0.6971,0.6902,0.6947,87845.800363
1786118400000,0.6947,0.6965,0.6887,0.6889,187053.10089
1786122000000,0.6886,0.6893,0.67,0.6801,1661539.965594
1786125600000,0.6801,0.6837,0.6789,0.6795,244305.096123
1786129200000,0.6795,0.6857,0.6794,0.6841,131581.560127
1786132800000,0.6841,0.6861,0.6798,0.6861,161769.236074
1786136400000,0.6861,0.6865,0.6827,0.6829,84385.883472
1786140000000,0.6829,0.6847,0.6815,0.6827,71984.066136
1786143600000,0.6824,0.6846,0.6812,0.684,45302.52588
1786147200000,0.6839,0.6874,0.6823,0.6874,72792.181314
1786150800000,0.6873,0.6916,0.686,0.6909,86554.144402
1786154400000,0.6908,0.692,0.689,0.6913,130045.749192
1786158000000,0.6913,0.6976,0.6904,0.6973,224241.606799
1786161600000,0.6973,0.6987,0.6927,0.6939,257499.09949
1786165200000,0.6938,0.6966,0.6938,0.6963,88686.655438
1786168800000,0.6964,0.6969,0.6942,0.6966,121436.060499
1786172400000,0.6967,0.7047,0.6967,0.7038,298511.3251
1786176000000,0.7039,0.7086,0.7013,0.7076,361640.915455
1786179600000,0.7076,0.718,0.7053,0.7138,572210.018167
1786183200000,0.7139,0.7269,0.7139,0.7198,1079821.287268
1786186800000,0.7198,0.7201,0.7134,0.7148,491508.916268
1786190400000,0.715,0.7177,0.7136,0.7151,212775.544642
1786194000000,0.715,0.7169,0.7135,0.7157,158805.254511
1786197600000,0.7156,0.7182,0.7119,0.7178,174167.471512
1786201200000,0.7179,0.7195,0.7162,0.7165,211871.686881
1786204800000,0.7169,0.7195,0.7159,0.7187,229986.875952
1786208400000,0.7188,0.7191,0.7167,0.7177,58496.631691
1786212000000,0.7177,0.7202,0.7174,0.7189,67074.644693
1786215600000,0.719,0.7194,0.7159,0.7163,84977.558888
1786219200000,0.716,0.7181,0.7147,0.7174,109026.668564
1786222800000,0.7175,0.7189,0.7164,0.7164,60644.946714
1786226400000,0.7167,0.717,0.7059,0.71,243159.457088
1786230000000,0.7098,0.7114,0.7084,0.7106,134045.848412
1786233600000,0.7103,0.7132,0.71,0.7123,148345.85116
1786237200000,0.7121,0.7155,0.7115,0.714,139362.627703
1786240800000,0.7139,0.7158,0.7111,0.7115,88060.978878
1786244400000,0.7116,0.712,0.7086,0.7102,223236.587381
1786248000000,0.71,0.715,0.7092,0.7122,126025.162223
1786251600000,0.7121,0.7132,0.7089,0.7119,70149.240096
1786255200000,0.7119,0.714,0.7113,0.7127,107132.348719
1786258800000,0.7126,0.7131,0.7103,0.7109,90901.111584
1786262400000,0.7109,0.7138,0.7108,0.7114,68282.142404
1786266000000,0.7114,0.7121,0.7103,0.712,40103.734139
1786269600000,0.7121,0.7128,0.709,0.709,53874.356654
1786273200000,0.709,0.7096,0.705,0.7086,152352.168655
1786276800000,0.7084,0.7099,0.707,0.7094,64183.946038
1786280400000,0.7095,0.7132,0.7095,0.7099,129454.828271
1786284000000,0.7097,0.7105,0.7088,0.7102,75542.894811
1786287600000,0.7101,0.713,0.7099,0.7122,42319.3119
1786291200000,0.7121,0.7124,0.7094,0.7114,81707.469497
1786294800000,0.7115,0.7121,0.7087,0.7098,99881.320705
1786298400000,0.7098,0.7102,0.7085,0.709,81435.462079
1786302000000,0.709,0.7128,0.7079,0.7126,63493.814092
1786305600000,0.7124,0.7134,0.7118,0.713,64154.856557
1786309200000,0.713,0.7148,0.712,0.7131,59719.419037
1786312800000,0.7131,0.717,0.696,0.7041,438538.640236
1786316400000,0.7035,0.7053,0.698,0.7006,206218.370124
1786320000000,0.7006,0.7057,0.699,0.7033,123825.290925
1786323600000,0.7035,0.7091,0.7017,0.7067,74675.526685
1786327200000,0.7068,0.7068,0.7001,0.7045,84349.96438
1786330800000,0.7044,0.7049,0.7008,0.7019,86576.591992
1786334400000,0.7017,0.7051,0.7011,0.7028,109367.713114
1786338000000,0.7027,0.7069,0.7027,0.7062,144111.752204
1786341600000,0.7063,0.7091,0.7056,0.708,94621.0081
1786345200000,0.7081,0.7091,0.7056,0.7061,269221.217132
1786348800000,0.7061,0.7073,0.7029,0.7055,181691.372025
1786352400000,0.7056,0.7056,0.6988,0.7004,154366.059791
1786356000000,0.7003,0.7024,0.6996,0.7006,104223.675693
1786359600000,0.7005,0.7036,0.6948,0.7024,355436.781681
1786363200000,0.7025,0.7042,0.7006,0.7028,130553.980584
1786366800000,0.7027,0.7044,0.6984,0.7015,270197.480325
1786370400000,0.7014,0.7034,0.699,0.6994,75387.535666
1786374000000,0.6992,0.6999,0.6906,0.6976,326390.784204
1786377600000,0.6973,0.6998,0.6931,0.695,176280.350263
1786381200000,0.6952,0.7015,0.6945,0.7002,76261.108353
1786384800000,0.7004,0.7047,0.7004,0.7035,79403.697437
1786388400000,0.7035,0.7076,0.7023,0.7046,201108.475845
1786392000000,0.7046,0.7071,0.7034,0.7039,56329.384327
1786395600000,0.7037,0.7038,0.6999,0.7005,61151.123294
1786399200000,0.7001,0.7034,0.6985,0.7033,63144.120758
1786402800000,0.7029,0.7045,0.7004,0.7032,114214.986225
1786406400000,0.7023,0.7042,0.699,0.7038,151578.833661
1786410000000,0.7038,0.7075,0.7019,0.7071,102072.454966
1786413600000,0.7074,0.7096,0.7069,0.7079,192191.217853
1786417200000,0.7079,0.71,0.7073,0.7079,97154.846129
1786420800000,0.708,0.708,0.7034,0.7047,98386.547177
1786424400000,0.7045,0.7054,0.7022,0.7035,76239.477778
1786428000000,0.7037,0.7088,0.7,0.7021,189922.922846
1786431600000,0.7021,0.7037,0.6972,0.6983,213526.269495
1786435200000,0.6983,0.7026,0.6982,0.7015,68320.806425
1786438800000,0.7014,0.7051,0.6999,0.7035,174583.051234
1786442400000,0.7033,0.7051,0.7011,0.7039,179972.51877
1786446000000,0.7041,0.707,0.7034,0.7046,118259.804695
1786449600000,0.7047,0.7051,0.6989,0.7031,181956.466876
1786453200000,0.7031,0.707,0.703,0.7053,138896.218675
1786456800000,0.7054,0.7079,0.6922,0.6946,485477.732973
1786460400000,0.6947,0.6981,0.6878,0.6951,543625.686719
1786464000000,0.6951,0.7003,0.6934,0.699,113790.818076
1786467600000,0.6991,0.7036,0.6991,0.7028,127351.460621
1786471200000,0.7026,0.7085,0.7026,0.7054,200529.846613
1786474800000,0.7054,0.7097,0.7022,0.7095,186401.409643
1786478400000,0.7096,0.7179,0.7091,0.7151,458053.459508
1786482000000,0.7151,0.7156,0.7098,0.7106,153205.358802
1786485600000,0.7106,0.713,0.7097,0.7118,131967.454273
1786489200000,0.7118,0.712,0.7099,0.7114,41252.019808
1786492800000,0.7113,0.7131,0.7096,0.7098,98660.119447
1786496400000,0.71,0.7118,0.7089,0.7104,64195.100061
1786500000000,0.7102,0.7104,0.7071,0.7073,53421.050417
1786503600000,0.7073,0.7087,0.7063,0.7085,41048.957479
1786507200000,0.7085,0.7098,0.7063,0.7068,29684.788407
1786510800000,0.7069,0.707,0.7042,0.7057,108309.584569
1786514400000,0.7054,0.7054,0.701,0.7013,218365.959539
1786518000000,0.7014,0.7032,0.6997,0.7025,92472.472397
1786521600000,0.7022,0.7034,0.6987,0.6993,98023.012981
1786525200000,0.6987,0.7038,0.6987,0.7007,81532.078604
1786528800000,0.7005,0.7027,0.6996,0.7011,106577.655201
1786532400000,0.7012,0.7025,0.7008,0.7019,47376.2885
1786536000000,0.7018,0.7081,0.7016,0.705,245262.262065
1786539600000,0.7051,0.7065,0.7033,0.7049,125893.38527
1786543200000,0.7048,0.7052,0.6979,0.6994,332029.617654
1786546800000,0.6991,0.7032,0.6987,0.6994,93241.799822
1786550400000,0.6991,0.702,0.6981,0.7009,175471.402898
1786554000000,0.701,0.7011,0.694,0.6971,196378.287654
1786557600000,0.6974,0.6985,0.6952,0.6952,76680.319911
1786561200000,0.6952,0.6959,0.6875,0.6891,310601.804184
1786564800000,0.6887,0.6927,0.6875,0.6908,128890.873299
1786568400000,0.691,0.6941,0.6574,0.67,2499866.552843
1786572000000,0.67,0.6732,0.665,0.6705,824605.069764
1786575600000,0.6706,0.6717,0.6656,0.6701,505688.262109
1786579200000,0.67,0.6745,0.6688,0.6691,402928.757024
1786582800000,0.6691,0.6736,0.6669,0.6726,424522.861134
1786586400000,0.6726,0.6757,0.6713,0.6753,190476.203499
1786590000000,0.6754,0.6789,0.6744,0.6766,148822.032431
1786593600000,0.6768,0.6803,0.6758,0.6798,135330.427015
1786597200000,0.6795,0.6825,0.6773,0.6804,149113.040953
1786600800000,0.6801,0.6814,0.6779,0.681,289688.031976
1786604400000,0.6811,0.6823,0.6771,0.6778,108732.595598
1786608000000,0.6779,0.6782,0.6737,0.6742,163752.847226
1786611600000,0.6743,0.6743,0.6721,0.673,112724.137824
1786615200000,0.6734,0.6755,0.6721,0.6741,151952.090444
1786618800000,0.6742,0.6743,0.6694,0.6714,233502.330779
1786622400000,0.6714,0.6764,0.6705,0.6757,230119.399278
1786626000000,0.6757,0.6797,0.674,0.6784,127009.553919
1786629600000,0.6781,0.6802,0.6771,0.6798,106145.411734
1786633200000,0.6799,0.68,0.6649,0.6674,463827.626751
1786636800000,0.6675,0.6714,0.6648,0.6683,571371.4116
1786640400000,0.6683,0.6715,0.668,0.6712,91747.797469
1786644000000,0.6712,0.6735,0.6702,0.6733,47156.604544
1786647600000,0.6734,0.6754,0.6725,0.6743,38781.35184
1786651200000,0.6745,0.6745,0.6721,0.6727,58790.965889
1786654800000,0.6726,0.6752,0.6719,0.6746,59502.010357
1786658400000,0.6746,0.6774,0.6746,0.6761,71164.96127
1786662000000,0.6758,0.6778,0.675,0.6774,165148.743962
1786665600000,0.6775,0.679,0.6756,0.6772,206815.665185
1786669200000,0.6773,0.6784,0.6752,0.6768,95536.940959
1786672800000,0.6767,0.6782,0.6741,0.6753,130836.708139
1786676400000,0.6752,0.6752,0.6721,0.6732,92307.210602
1786680000000,0.6729,0.6743,0.6721,0.6725,64033.108937
1786683600000,0.6721,0.6729,0.67,0.6724,112519.07035
1786687200000,0.6723,0.6726,0.6682,0.6686,91052.995917
1786690800000,0.6683,0.6697,0.6675,0.6688,130474.24401
1786694400000,0.6688,0.672,0.6674,0.6717,230236.383608
1786698000000,0.6716,0.672,0.6627,0.6648,189149.191157
1786701600000,0.664,0.6679,0.6638,0.6663,105761.729969
1786705200000,0.6664,0.6679,0.6658,0.666,44835.831758
1786708800000,0.6662,0.6673,0.6625,0.6646,143090.577897
1786712400000,0.6645,0.6706,0.6644,0.6681,85800.305154
1786716000000,0.6681,0.6687,0.6659,0.6666,120692.109495
1786719600000,0.6666,0.6726,0.6649,0.6726,131402.334823
1786723200000,0.6725,0.6747,0.6701,0.6728,156866.887872
1786726800000,0.673,0.6813,0.6723,0.677,588006.672459
1786730400000,0.6771,0.6796,0.6746,0.6748,162758.639693
1786734000000,0.6749,0.6749,0.6726,0.6729,65667.588695
1786737600000,0.673,0.6741,0.6703,0.672,175791.629576
1786741200000,0.672,0.6729,0.671,0.6721,67910.523635
1786744800000,0.6718,0.6754,0.6714,0.6749,58876.50953
1786748400000,0.6749,0.6817,0.6749,0.681,242201.868858
1786752000000,0.681,0.7005,0.6796,0.6901,1091271.011199
1786755600000,0.6901,0.6934,0.688,0.6904,333837.294036
1786759200000,0.6905,0.6987,0.6904,0.6972,345533.704455
1786762800000,0.6973,0.6988,0.6918,0.6926,163533.96772
1786766400000,0.6927,0.6968,0.6927,0.6958,127401.505777
1786770000000,0.6957,0.6957,0.6904,0.6932,360825.492699
1786773600000,0.6934,0.6941,0.6893,0.691,172775.837222
1786777200000,0.6909,0.6909,0.6865,0.6869,242034.614011
1786780800000,0.687,0.6894,0.6837,0.6881,273692.701976
1786784400000,0.6881,0.6914,0.6873,0.6913,95955.85335
1786788000000,0.6915,0.6926,0.6902,0.6923,90172.468647
1786791600000,0.6923,0.6945,0.6921,0.6923,95872.43795
1786795200000,0.6926,0.6955,0.6918,0.6953,100514.409264
1786798800000,0.6953,0.6953,0.691,0.6916,71820.205245
1786802400000,0.6916,0.6917,0.6882,0.6914,136747.929517
1786806000000,0.6913,0.6936,0.6909,0.6929,81081.473262
1786809600000,0.693,0.693,0.6877,0.6883,79857.355375
1786813200000,0.6885,0.6909,0.6883,0.6889,50265.575959
1786816800000,0.6889,0.6892,0.6857,0.6871,44805.048559
1786820400000,0.6871,0.6878,0.6865,0.6872,28925.207942
1786824000000,0.6871,0.6887,0.6864,0.6878,46763.352984
1786827600000,0.6877,0.6891,0.6871,0.6871,43725.969738
1786831200000,0.6871,0.6882,0.6851,0.6852,45244.358921
1786834800000,0.6852,0.6852,0.6734,0.6764,580621.859421
1786838400000,0.6764,0.6828,0.6743,0.677,303484.376788
1786842000000,0.6768,0.677,0.6727,0.6744,254027.341977
1786845600000,0.6741,0.677,0.672,0.6767,142897.927077
1786849200000,0.6768,0.6786,0.6759,0.678,86445.000526
1786852800000,0.6782,0.679,0.6764,0.6782,57241.648879
1786856400000,0.6782,0.6793,0.6766,0.6772,61664.923338
1786860000000,0.6772,0.6784,0.6771,0.6779,52072.641082
1786863600000,0.678,0.6806,0.6772,0.6802,68743.316696
1786867200000,0.68,0.6808,0.6782,0.6789,45566.694532
1786870800000,0.6789,0.6821,0.6785,0.6815,81039.408007
1786874400000,0.6816,0.6837,0.6799,0.6801,87097.18644
1786878000000,0.6804,0.6822,0.6802,0.6819,25465.884957
1786881600000,0.6819,0.6827,0.6795,0.6821,88410.590267
1786885200000,0.682,0.6826,0.6788,0.6816,63443.140169
1786888800000,0.6816,0.6833,0.6813,0.6822,70491.325679
1786892400000,0.6821,0.684,0.6813,0.6834,43466.412478
1786896000000,0.683,0.6834,0.6797,0.6803,69888.387601
1786899600000,0.6807,0.6852,0.6807,0.6819,66317.684443
1786903200000,0.6818,0.6825,0.681,0.6812,34656.584393
1786906800000,0.6812,0.6815,0.6789,0.6802,45716.347615
1786910400000,0.6803,0.6806,0.6733,0.676,134530.022356
1786914000000,0.676,0.6762,0.6583,0.6638,760219.913356
1786917600000,0.6633,0.6669,0.6621,0.6666,238627.732632
1786921200000,0.6667,0.6683,0.6656,0.6669,116730.701035
1786924800000,0.667,0.6694,0.6644,0.669,138851.61447
1786928400000,0.669,0.6743,0.6687,0.6694,202885.443415
1786932000000,0.6695,0.6716,0.661,0.6694,697349.873328
1786935600000,0.6694,0.6697,0.6662,0.6676,90730.678857
1786939200000,0.6675,0.6702,0.6669,0.6687,301662.550063
1786942800000,0.6687,0.6702,0.6673,0.6688,135435.26164
1786946400000,0.6688,0.671,0.6671,0.6702,149890.92305
1786950000000,0.6702,0.6704,0.6668,0.6695,233031.03339
1786953600000,0.6695,0.6696,0.6643,0.6645,189494.892235
1786957200000,0.6646,0.667,0.6636,0.667,51126.535355
1786960800000,0.6669,0.6698,0.6663,0.6691,76469.540477
1786964400000,0.6691,0.67,0.6682,0.6684,69931.164692
1786968000000,0.6684,0.6699,0.6664,0.6684,158539.538528
1786971600000,0.6683,0.6729,0.6676,0.6702,80976.120162
1786975200000,0.67,0.6701,0.6671,0.6696,75058.958938
1786978800000,0.6697,0.673,0.6676,0.6715,145501.019783
1786982400000,0.6716,0.6722,0.6672,0.6675,83358.813901
1786986000000,0.6674,0.6731,0.6664,0.67,97258.337121
1786989600000,0.6699,0.6715,0.6691,0.6702,103777.989253
1786993200000,0.6703,0.6716,0.6695,0.6701,18388.204889
1786996800000,0.6701,0.677,0.6694,0.6742,149783.38892
1787000400000,0.6741,0.675,0.6723,0.6724,89671.303
1787004000000,0.6724,0.6734,0.6703,0.6713,75062.712278
1787007600000,0.6711,0.6741,0.671,0.6727,33602.829561
1787011200000,0.6727,0.6733,0.6708,0.6718,58941.988226
1787014800000,0.6721,0.6721,0.6599,0.6627,409313.040769
1787018400000,0.6628,0.6629,0.6167,0.6243,3511931.089837
1787022000000,0.6239,0.6271,0.6099,0.6162,2920611.131656
1787025600000,0.6162,0.6204,0.6144,0.6188,681052.455653
1787029200000,0.6188,0.626,0.6182,0.6252,553984.16958
1787032800000,0.6253,0.63,0.6241,0.6267,345940.811934
1787036400000,0.6266,0.6292,0.6253,0.6275,300842.896801
1787040000000,0.6274,0.6291,0.6241,0.6276,251626.791734
1787043600000,0.6276,0.6284,0.6245,0.6258,234968.33578
1787047200000,0.6255,0.6268,0.6246,0.6258,218731.773896
1787050800000,0.6259,0.627,0.623,0.6234,316203.547477
1787054400000,0.6234,0.6259,0.6188,0.621,707891.198773
1787058000000,0.621,0.6234,0.6178,0.621,304025.674969
1787061600000,0.6209,0.6269,0.6201,0.6237,378349.062755
1787065200000,0.6238,0.6308,0.6221,0.6296,213703.702787
1787068800000,0.6298,0.6302,0.6233,0.6238,179232.146165
1787072400000,0.6237,0.6324,0.6221,0.6315,193997.819248
1787076000000,0.6314,0.635,0.6296,0.634,418716.731073
1787079600000,0.6341,0.6371,0.6328,0.635,133820.260705
1787083200000,0.6351,0.6356,0.6304,0.631,432803.036962
1787086800000,0.631,0.6332,0.6305,0.6315,172875.166451
1787090400000,0.6315,0.6328,0.6277,0.6277,216565.189786
1787094000000,0.628,0.6322,0.6278,0.6322,87301.313622
1787097600000,0.632,0.6321,0.6249,0.6313,234053.396015
1787101200000,0.6311,0.6356,0.6309,0.6338,256860.40899
1787104800000,0.6339,0.6364,0.6327,0.6338,246930.484281
1787108400000,0.6339,0.6388,0.6333,0.637,236810.16434
1787112000000,0.6371,0.6393,0.6342,0.6344,127946.175056
1787115600000,0.6344,0.6376,0.6342,0.6372,114668.877929
1787119200000,0.6373,0.639,0.633,0.639,245372.485254
1787122800000,0.639,0.6394,0.6351,0.6358,148542.592273
1787126400000,0.6357,0.6391,0.6346,0.6353,209711.453946
1787130000000,0.6353,0.6385,0.6335,0.6336,121206.717267
1787133600000,0.634,0.6376,0.6333,0.6368,111769.181475
1787137200000,0.6367,0.6391,0.6364,0.6385,178805.998435
1787140800000,0.6388,0.6427,0.6387,0.6388,250219.860934
1787144400000,0.6386,0.6386,0.6328,0.6348,247303.483149
1787148000000,0.6348,0.644,0.6338,0.6424,335356.893522
1787151600000,0.6429,0.6744,0.64,0.6548,1993871.621067
1787155200000,0.6548,0.6615,0.6544,0.6585,328179.865466
1787158800000,0.6585,0.6592,0.6517,0.6588,184939.814235
1787162400000,0.6589,0.66,0.6542,0.6563,114907.310893
1787166000000,0.6562,0.667,0.6551,0.6659,310880.583482
1787169600000,0.6659,0.6787,0.6628,0.6752,499805.643166
1787173200000,0.6754,0.6996,0.6744,0.6929,1584253.637133
1787176800000,0.6932,0.6951,0.6733,0.6764,911583.107357
1787180400000,0.6765,0.6786,0.6706,0.674,432262.84306
1787184000000,0.6742,0.6795,0.6728,0.6762,547297.769527
1787187600000,0.6762,0.6767,0.6708,0.6758,340613.7862
1787191200000,0.6757,0.6757,0.6712,0.6715,228830.406562
1787194800000,0.6716,0.6716,0.6651,0.6682,426725.300227
1787198400000,0.6683,0.6726,0.6676,0.6715,178479.427426
1787202000000,0.6715,0.6728,0.6682,0.6688,118906.451523
1787205600000,0.6689,0.6739,0.6685,0.6733,97353.992811
1787209200000,0.6732,0.6743,0.6684,0.6709,159463.725548
1787212800000,0.6712,0.69,0.6704,0.687,1121658.940203
1787216400000,0.6871,0.6938,0.6832,0.6861,1119311.20942
1787220000000,0.6861,0.6911,0.6856,0.6905,303818.90032
1787223600000,0.6903,0.6959,0.6875,0.6912,236320.18996
1787227200000,0.6913,0.6948,0.6861,0.6933,451032.38018
1787230800000,0.6933,0.6986,0.6872,0.697,488507.592228
1787234400000,0.6974,0.7045,0.6968,0.7015,927189.514503
1787238000000,0.7016,0.7279,0.7003,0.7229,1645327.498927
1787241600000,0.7231,0.75,0.7155,0.749,1356297.771717
1787245200000,0.749,0.7695,0.7419,0.7657,1507529.629391
1787248800000,0.7657,0.7717,0.7434,0.7595,1278631.527615
1787252400000,0.7594,0.7608,0.7272,0.7295,737293.747587
1787256000000,0.73,0.735,0.7287,0.7335,427813.829796
1787259600000,0.7336,0.736,0.7301,0.7334,312831.728337
1787263200000,0.7335,0.7335,0.7276,0.7307,253286.905425
1787266800000,0.7305,0.7385,0.7304,0.7355,281598.638871
1787270400000,0.7354,0.7453,0.7345,0.7444,440026.699155
1787274000000,0.7442,0.7563,0.7416,0.7533,776685.646407
1787277600000,0.7534,0.7602,0.7424,0.7471,839785.690126
1787281200000,0.7472,0.7507,0.7418,0.7451,543334.302535
1787284800000,0.7452,0.7547,0.742,0.7513,393504.886717
1787288400000,0.7509,0.7569,0.7477,0.7562,446427.100307
1787292000000,0.7564,0.7568,0.748,0.7516,381435.740777
1787295600000,0.7513,0.7688,0.7509,0.7652,630229.720431
1787299200000,0.7651,0.7827,0.7642,0.7822,864474.560511
1787302800000,0.7823,0.7882,0.7556,0.7822,1123515.081626
1787306400000,0.7821,0.7863,0.7696,0.7799,691910.259287
1787310000000,0.7801,0.7852,0.7641,0.774,646632.582485
1787313600000,0.7743,0.7828,0.7682,0.7795,451857.690361
1787317200000,0.7797,0.7849,0.7677,0.7838,470125.810928
1787320800000,0.7837,0.7897,0.7742,0.7878,438680.807116
1787324400000,0.7877,0.7961,0.7808,0.7844,556351.243062
1787328000000,0.7844,0.7891,0.7768,0.7843,390960.965457
1787331600000,0.7842,0.7866,0.7774,0.7832,347886.245285
1787335200000,0.7833,0.7896,0.7711,0.7744,243909.713511
1787338800000,0.7743,0.7799,0.7645,0.7794,374405.568891
1787342400000,0.7794,0.8,0.7762,0.7974,409999.713439
1787346000000,0.798,0.811,0.7977,0.8036,1174013.885813
1787349600000,0.8038,0.8198,0.8009,0.8155,717223.003891
1787353200000,0.8163,0.8191,0.8053,0.8096,439601.040217
1787356800000,0.8098,0.8249,0.8011,0.8235,573741.829318
1787360400000,0.8232,0.8292,0.814,0.816,747408.320753
1787364000000,0.8162,0.8387,0.8162,0.8365,727316.879687
1787367600000,0.8368,0.858,0.8302,0.8469,3134239.836735
1787371200000,0.847,0.8597,0.8441,0.8534,1300564.530421
1787374800000,0.8534,0.8564,0.715,0.7897,5301205.512643
1787378400000,0.7898,0.7955,0.7752,0.7932,1290619.665746
1787382000000,0.7934,0.7995,0.7855,0.7868,450760.310584
1787385600000,0.7869,0.7914,0.7685,0.7797,1063264.881669
1787389200000,0.7799,0.7812,0.7662,0.7728,588009.52143
1787392800000,0.7731,0.7732,0.7507,0.7682,1335715.52885
1787396400000,0.7687,0.7743,0.7636,0.7719,274600.798901
1787400000000,0.772,0.781,0.7701,0.7758,325280.433975
1787403600000,0.7758,0.7796,0.7723,0.7774,304888.761401
1787407200000,0.7775,0.7781,0.7652,0.7695,336853.724424
1787410800000,0.7699,0.7713,0.7612,0.7688,448343.822805
1787414400000,0.7681,0.7828,0.7671,0.7783,367739.865351
1787418000000,0.7784,0.7859,0.776,0.7816,168635.627181
1787421600000,0.7818,0.782,0.7693,0.7736,224742.438729
1787425200000,0.7735,0.7762,0.77,0.7738,76350.005915
1787428800000,0.7739,0.7788,0.771,0.7728,165294.520645
1787432400000,0.7728,0.7728,0.751,0.7536,413748.629559
1787436000000,0.7536,0.7654,0.7469,0.762,266147.089035
1787439600000,0.7623,0.7641,0.7562,0.7619,157182.167758
1787443200000,0.7617,0.7725,0.7577,0.7712,355038.942625
1787446800000,0.7715,0.7715,0.7609,0.7625,290950.751983
1787450400000,0.7627,0.7629,0.7494,0.7528,512438.625388
1787454000000,0.7529,0.7539,0.7402,0.7451,727777.989297
1787457600000,0.7449,0.75,0.7353,0.7395,392342.082195
1787461200000,0.7393,0.7483,0.7301,0.7382,593880.043354
1787464800000,0.7381,0.7445,0.7349,0.7394,296880.678682
1787468400000,0.7395,0.7441,0.7384,0.7413,240775.969454
1787472000000,0.7414,0.7496,0.7406,0.7475,248069.658773
1787475600000,0.7472,0.7504,0.7442,0.7496,146370.534083
1787479200000,0.7497,0.7632,0.7489,0.7559,635593.622857
1787482800000,0.756,0.7706,0.7552,0.7683,362631.816839
1787486400000,0.7681,0.7693,0.7589,0.7675,164428.662919
1787490000000,0.7677,0.7792,0.7663,0.7744,370433.87989
1787493600000,0.7743,0.7775,0.7513,0.7669,872081.36214
1787497200000,0.767,0.7758,0.7626,0.7705,392198.137125
1787500800000,0.7713,0.7737,0.7661,0.7702,128411.009516
1787504400000,0.7702,0.7757,0.764,0.77,171233.369484
1787508000000,0.77,0.774,0.7694,0.7736,146226.391428
1787511600000,0.7738,0.7749,0.7685,0.7695,65503.597749
1787515200000,0.7693,0.7736,0.7657,0.7711,64778.606177
1787518800000,0.7717,0.7825,0.7715,0.7763,256897.681118
1787522400000,0.7759,0.78,0.7712,0.7762,146418.067705
1787526000000,0.7763,0.7792,0.7712,0.7739,175891.565582
1787529600000,0.7726,0.7737,0.7606,0.7702,270052.083805
1787533200000,0.7704,0.7714,0.7468,0.7508,512388.774508
1787536800000,0.7508,0.7685,0.7479,0.7616,776924.124779
1787540400000,0.7617,0.7626,0.7535,0.7544,217824.12185
1787544000000,0.7549,0.7658,0.7549,0.7606,126166.007944
1787547600000,0.7603,0.7654,0.7542,0.7578,183675.55165
1787551200000,0.7573,0.7587,0.7494,0.7525,321155.578193
1787554800000,0.7517,0.7617,0.7485,0.7487,375101.480775
1787558400000,0.7488,0.7513,0.7427,0.7493,441667.53145
1787562000000,0.7487,0.7566,0.7486,0.7551,161720.67823
1787565600000,0.7548,0.7601,0.7536,0.7548,260671.198526
1787569200000,0.7545,0.7673,0.7503,0.7633,331181.158809
1787572800000,0.7635,0.7683,0.7526,0.7653,438421.221863
1787576400000,0.7653,0.767,0.7467,0.7531,485330.552993
1787580000000,0.7528,0.766,0.7518,0.7646,410994.812652
1787583600000,0.7645,0.7721,0.7538,0.757,399563.387444
1787587200000,0.7575,0.7686,0.7574,0.7633,307216.346083
1787590800000,0.7638,0.7658,0.7481,0.7562,467652.350686
1787594400000,0.7564,0.7643,0.7564,0.7573,190640.842172
1787598000000,0.7571,0.7592,0.7516,0.7533,156266.607378
1787601600000,0.7542,0.7561,0.7459,0.7554,211555.643015
1787605200000,0.7556,0.7585,0.7539,0.7563,140508.739193
1787608800000,0.7563,0.7576,0.7495,0.7509,120535.232465
1787612400000,0.7502,0.7539,0.7472,0.7537,122416.20739
1787616000000,0.7537,0.7614,0.7481,0.7604,329951.466485
1787619600000,0.76,0.7635,0.7534,0.7575,285565.639284
1787623200000,0.7573,0.7719,0.7553,0.7658,544716.772007
1787626800000,0.7656,0.7706,0.7597,0.7609,234142.243465
1787630400000,0.761,0.7642,0.756,0.7641,270112.315097
1787634000000,0.7643,0.7697,0.7635,0.7655,147900.101512
1787637600000,0.7657,0.767,0.7425,0.749,781055.31497
1787641200000,0.7491,0.7544,0.7307,0.7414,931603.589104
1787644800000,0.7416,0.7448,0.7381,0.741,331414.741078
1787648400000,0.7412,0.7464,0.7333,0.7392,658989.375783
1787652000000,0.739,0.746,0.7382,0.744,109713.685246
1787655600000,0.7439,0.7444,0.7393,0.7398,167121.206923
1787659200000,0.7397,0.7425,0.7342,0.7398,481644.48531
1787662800000,0.7393,0.7399,0.724,0.7322,1183456.23896
1787666400000,0.7324,0.7379,0.7311,0.7334,386755.625706
1787670000000,0.7342,0.7343,0.7267,0.7319,519080.898185
1787673600000,0.7312,0.7343,0.7277,0.7305,232256.879579
1787677200000,0.7308,0.7347,0.7224,0.7346,299751.589308
1787680800000,0.7347,0.737,0.7297,0.7307,202872.817534
1787684400000,0.7303,0.7317,0.7267,0.7283,175439.933711
1787688000000,0.7283,0.7287,0.7093,0.7106,1012685.762104
1787691600000,0.7106,0.7133,0.6967,0.7115,1135385.707219
1787695200000,0.7116,0.7174,0.7114,0.7164,167556.920367
1787698800000,0.7165,0.7171,0.7103,0.7119,190045.092534
1787702400000,0.712,0.7217,0.71,0.7185,467285.140089
1787706000000,0.7181,0.725,0.7181,0.7201,217596.612027
1787709600000,0.7203,0.725,0.7168,0.7233,180807.637629
1787713200000,0.7235,0.7246,0.7204,0.7224,65142.393677
1787716800000,0.7222,0.7231,0.7153,0.7161,134240.022342
1787720400000,0.7165,0.7212,0.7125,0.7201,136222.170044
1787724000000,0.72,0.7235,0.7196,0.7225,78671.251364
1787727600000,0.7224,0.7258,0.7182,0.719,205462.132545
1787731200000,0.7191,0.7227,0.7167,0.7183,138703.378396
1787734800000,0.7186,0.7208,0.7079,0.7117,418823.584599
1787738400000,0.7115,0.7191,0.7096,0.717,181124.470661
1787742000000,0.717,0.7183,0.708,0.7121,238897.870646
1787745600000,0.7119,0.7168,0.7051,0.7117,389161.23597
1787749200000,0.7114,0.7123,0.704,0.7085,408055.474343
1787752800000,0.7082,0.7109,0.6976,0.6991,608638.055035
1787756400000,0.6995,0.701,0.6918,0.6981,701612.701047
1787760000000,0.6982,0.7002,0.6912,0.6939,504198.010296
1787763600000,0.6943,0.7024,0.6928,0.6991,183931.046724
1787767200000,0.6991,0.7,0.6963,0.6979,82568.47994
1787770800000,0.6981,0.7021,0.6976,0.6978,83646.501504
1787774400000,0.6976,0.6985,0.6868,0.6983,310320.169155
1787778000000,0.6986,0.7059,0.6982,0.7052,209652.847626
1787781600000,0.7053,0.7095,0.7034,0.7038,355817.340099
1787785200000,0.7034,0.7189,0.7018,0.716,838526.154885
1787788800000,0.7155,0.7155,0.7085,0.7085,311717.529563
1787792400000,0.7084,0.714,0.7064,0.7101,187815.543987
1787796000000,0.7102,0.7115,0.7034,0.7043,183230.343361
1787799600000,0.7044,0.7099,0.7029,0.7067,489918.585962
1787803200000,0.7072,0.7123,0.7071,0.7107,107962.851264
1787806800000,0.7112,0.716,0.7068,0.7148,305562.822956
1787810400000,0.7149,0.7194,0.7117,0.7169,373596.57329
1787814000000,0.717,0.717,0.7122,0.7139,151470.796349
1787817600000,0.7141,0.7225,0.7134,0.7195,576717.604148
1787821200000,0.7195,0.7243,0.7153,0.7168,512669.816267
1787824800000,0.7168,0.7206,0.7064,0.7131,608824.250453
1787828400000,0.7131,0.7164,0.7096,0.7124,135055.720254
1787832000000,0.7121,0.7136,0.7096,0.7122,126022.758438
1787835600000,0.7127,0.7159,0.7082,0.7155,208672.856364
1787839200000,0.7153,0.7225,0.7144,0.7177,211079.645654
1787842800000,0.7176,0.7235,0.716,0.7218,376777.936002
1787846400000,0.7221,0.728,0.718,0.7241,464916.09263
1787850000000,0.724,0.729,0.7221,0.7269,125153.474306
1787853600000,0.7268,0.7271,0.7183,0.7239,148580.558097
1787857200000,0.7238,0.7249,0.7206,0.7237,25743.519844
1787860800000,0.7235,0.7251,0.7202,0.7208,49305.829703
1787864400000,0.7211,0.7213,0.7044,0.7071,451009.964341
1787868000000,0.7065,0.7107,0.7037,0.706,310474.294137
1787871600000,0.706,0.7099,0.7033,0.7047,355900.103749
1787875200000,0.7049,0.7089,0.6967,0.7075,895179.499717
1787878800000,0.7078,0.721,0.7074,0.7098,513219.023012
1787882400000,0.7095,0.7096,0.6966,0.7019,728726.225253
1787886000000,0.7019,0.7035,0.6983,0.7,256707.102171
1787889600000,0.6998,0.7044,0.6966,0.7029,202922.012714
1787893200000,0.7027,0.7039,0.6991,0.7012,123599.932658
1787896800000,0.7019,0.7052,0.7012,0.7045,86190.793402
1787900400000,0.705,0.705,0.6989,0.7003,233100.930906
1787904000000,0.7007,0.7031,0.6972,0.6987,428510.0628
1787907600000,0.699,0.7022,0.6982,0.7002,90895.941164
1787911200000,0.7005,0.703,0.6883,0.7029,492114.658554
1787914800000,0.7028,0.705,0.7014,0.7028,175631.686484
1787918400000,0.7027,0.7048,0.6944,0.697,333165.146349
1787922000000,0.697,0.7031,0.6964,0.7008,182219.232152
1787925600000,0.7006,0.7086,0.6892,0.7042,804371.620741
1787929200000,0.7043,0.7066,0.6901,0.691,491359.662661
1787932800000,0.691,0.6914,0.6719,0.6835,1862723.967768
1787936400000,0.6836,0.6854,0.6792,0.6792,233804.91414
1787940000000,0.6792,0.68,0.667,0.6735,705757.027636
1787943600000,0.6734,0.6787,0.6734,0.6775,153409.716562
1787947200000,0.6772,0.681,0.6762,0.6805,150641.483585
1787950800000,0.6805,0.6816,0.675,0.6769,212342.411535
1787954400000,0.6769,0.6852,0.6766,0.6829,175112.230879
1787958000000,0.6829,0.6869,0.6825,0.6863,106832.056059
1787961600000,0.6863,0.6873,0.6843,0.6847,80546.301823
1787965200000,0.6846,0.6863,0.6834,0.6848,57029.514357
1787968800000,0.6848,0.6856,0.6813,0.6848,124868.421357
1787972400000,0.6847,0.6859,0.6835,0.6841,62285.448531
1787976000000,0.6842,0.6868,0.6841,0.6864,156297.983295
1787979600000,0.6862,0.6887,0.6853,0.6883,201308.517666
1787983200000,0.6885,0.6886,0.6815,0.6837,110583.087845
1787986800000,0.6839,0.6851,0.6828,0.6838,44127.639633
1787990400000,0.6836,0.6836,0.6772,0.6791,206492.463145
1787994000000,0.6791,0.6838,0.6782,0.6814,96233.497528
1787997600000,0.6808,0.6817,0.6794,0.68,109400.845716
1788001200000,0.6798,0.6798,0.6769,0.6785,108617.192389
1788004800000,0.6784,0.6805,0.6777,0.679,154452.987062
1788008400000,0.6789,0.6808,0.6783,0.6802,70969.462032
1788012000000,0.6801,0.6875,0.68,0.6856,146157.691393
1788015600000,0.6858,0.6858,0.6824,0.6833,84648.763385
1788019200000,0.6837,0.686,0.6814,0.6819,128300.791695
1788022800000,0.6818,0.6829,0.6782,0.6801,128312.112401
1788026400000,0.6803,0.6821,0.6792,0.6806,38606.239357
1788030000000,0.6809,0.683,0.6804,0.6808,42708.318075
1788033600000,0.6809,0.683,0.6807,0.6815,67808.685663
1788037200000,0.6814,0.6823,0.6785,0.6798,148201.553583
1788040800000,0.6799,0.6818,0.6793,0.6811,85084.658368
1788044400000,0.6812,0.6834,0.6811,0.6823,32828.370377
1788048000000,0.6825,0.6848,0.6811,0.6812,101383.063217
1788051600000,0.681,0.6812,0.6756,0.6767,339577.68125
1788055200000,0.6768,0.6787,0.6761,0.6771,81361.99533
1788058800000,0.6772,0.6798,0.6762,0.6776,122003.997669
1788062400000,0.6778,0.6794,0.6702,0.6762,239489.172812
1788066000000,0.6762,0.6812,0.676,0.6812,173930.92494
1788069600000,0.6812,0.6821,0.6777,0.682,74421.400075
1788073200000,0.6821,0.6822,0.6802,0.6804,84406.999576
1788076800000,0.6804,0.6832,0.6783,0.6795,76364.083065
1788080400000,0.6794,0.6817,0.6784,0.68,55343.355477
1788084000000,0.6799,0.6842,0.6787,0.6833,76583.395388
1788087600000,0.6836,0.6863,0.6827,0.6843,100986.933242
1788091200000,0.6843,0.6885,0.6832,0.6871,65943.298172
1788094800000,0.6869,0.6884,0.6854,0.6873,84495.659699
1788098400000,0.6873,0.6874,0.6831,0.6853,87064.076835
1788102000000,0.6857,0.6857,0.6814,0.685,62472.858216
1788105600000,0.685,0.6927,0.6833,0.6909,264326.604495
1788109200000,0.691,0.6916,0.686,0.6893,107835.297539
1788112800000,0.6893,0.6946,0.6866,0.6933,93033.97575
1788116400000,0.6935,0.6946,0.687,0.689,46556.363485
1788120000000,0.6893,0.6916,0.6811,0.6842,254389.043448
1788123600000,0.6843,0.6865,0.6731,0.6843,564125.356211
1788127200000,0.6843,0.6876,0.6757,0.6783,140716.929598
1788130800000,0.6783,0.6788,0.6482,0.6605,2095139.644157
1788134400000,0.6601,0.6692,0.6563,0.6667,347367.009241
1788138000000,0.6669,0.6675,0.6596,0.6611,766427.662764
1788141600000,0.6611,0.6676,0.6594,0.6634,210635.061304
1788145200000,0.6635,0.6691,0.6625,0.6679,89816.687769
1788148800000,0.6681,0.6696,0.6635,0.6695,441059.803827
1788152400000,0.6695,0.6787,0.6685,0.676,2308909.742794
1788156000000,0.676,0.6783,0.6746,0.6783,278429.154369
1788159600000,0.6779,0.6789,0.6753,0.6754,158709.866732
1788163200000,0.6754,0.6782,0.6729,0.6754,199044.608574
1788166800000,0.6754,0.6782,0.6746,0.6755,186520.404786
1788170400000,0.6757,0.6804,0.6744,0.6788,150021.044245
1788174000000,0.6785,0.679,0.6752,0.6783,227576.900513
1788177600000,0.6782,0.6804,0.6691,0.6732,297153.452314
1788181200000,0.6737,0.6759,0.6667,0.6685,280393.228564
1788184800000,0.6689,0.6758,0.6675,0.6754,170924.468561
1788188400000,0.6754,0.6757,0.6684,0.6692,74369.789394
1788192000000,0.6694,0.6748,0.666,0.6715,136436.98773
1788195600000,0.6717,0.68,0.6709,0.6785,219279.860864
1788199200000,0.6785,0.6831,0.6771,0.6817,183923.182863
1788202800000,0.6813,0.6841,0.6779,0.6793,173775.989725
1788206400000,0.6791,0.6832,0.6776,0.679,194857.579799
1788210000000,0.6793,0.6819,0.673,0.6801,141846.018836
1788213600000,0.6809,0.6813,0.6769,0.6791,75492.032207
1788217200000,0.6791,0.6832,0.6777,0.6824,82400.112544
1788220800000,0.6824,0.688,0.6818,0.6878,249090.9184
1788224400000,0.6879,0.6902,0.6828,0.6854,281358.097741
1788228000000,0.6852,0.6863,0.6805,0.6844,227701.376203
1788231600000,0.6849,0.692,0.6845,0.6911,213762.365936
1788235200000,0.6913,0.698,0.689,0.689,310413.387573
1788238800000,0.6899,0.6942,0.6876,0.6927,269972.310915
1788242400000,0.6922,0.6985,0.6905,0.6978,316640.355113
1788246000000,0.6977,0.7002,0.693,0.6937,424480.14909
1788249600000,0.6942,0.6971,0.687,0.694,437948.973436
1788253200000,0.6939,0.696,0.688,0.6947,320048.680533
1788256800000,0.6948,0.711,0.6946,0.7053,702087.61961
1788260400000,0.7052,0.7078,0.6999,0.7036,318730.065207
1788264000000,0.7033,0.704,0.6912,0.6937,538153.031893
1788267600000,0.6941,0.7023,0.6898,0.7015,423673.211902
1788271200000,0.7019,0.7142,0.701,0.7127,755907.054276
1788274800000,0.7129,0.7215,0.7059,0.7085,2654180.33345
1788278400000,0.7086,0.7275,0.704,0.7241,1666919.484377
1788282000000,0.7241,0.7848,0.7234,0.7725,4345762.699318
1788285600000,0.7726,0.7813,0.7465,0.7626,3504435.40272
1788289200000,0.763,0.799,0.7595,0.7873,2417804.609173
1788292800000,0.7873,0.7955,0.7713,0.776,1720676.841114
1788296400000,0.7754,0.7816,0.7641,0.7745,1284149.732941
1788300000000,0.7745,0.7747,0.7543,0.7602,822031.83386
1788303600000,0.7602,0.7841,0.7594,0.7794,1172696.55616
1788307200000,0.7792,0.7859,0.7675,0.7732,1214525.336358
1788310800000,0.7727,0.7763,0.7597,0.7698,1015883.791126
1788314400000,0.77,0.7895,0.7655,0.7791,1856417.074006
1788318000000,0.7785,0.8056,0.7779,0.8028,1382574.951405
1788321600000,0.8021,0.8096,0.7845,0.8021,1686308.300689
1788325200000,0.8022,0.8105,0.7903,0.7938,1276350.160933
1788328800000,0.7935,0.7976,0.7856,0.7934,888199.632246
1788332400000,0.7932,0.807,0.7908,0.8015,610337.158077
1788336000000,0.8024,0.8046,0.7875,0.7923,900092.963533
1788339600000,0.7912,0.7972,0.776,0.7939,1220888.741674
1788343200000,0.7942,0.7954,0.7727,0.7786,903143.74062
1788346800000,0.778,0.7782,0.768,0.7725,922436.69088
1788350400000,0.7724,0.7763,0.7617,0.7716,715698.480732
1788354000000,0.7719,0.775,0.7588,0.7729,823213.288606
1788357600000,0.7731,0.7742,0.7638,0.7648,543698.509856
1788361200000,0.7652,0.7791,0.7613,0.7786,395733.50118
1788364800000,0.778,0.8007,0.7733,0.7964,1272608.23772
1788368400000,0.7967,0.8149,0.7892,0.8065,1319707.884515
1788372000000,0.8064,0.8142,0.8013,0.8102,545904.915731
1788375600000,0.8104,0.8104,0.7958,0.7985,395914.944706
1788379200000,0.7985,0.8104,0.7979,0.8083,377924.944564
1788382800000,0.8084,0.8111,0.799,0.8007,321645.548005
1788386400000,0.8015,0.8019,0.7862,0.7933,475802.33955
1788390000000,0.7934,0.8069,0.7914,0.7987,345547.989034
1788393600000,0.799,0.8037,0.7921,0.7957,291215.631474
1788397200000,0.7957,0.8341,0.791,0.8134,1896621.449115
1788400800000,0.813,0.8186,0.8047,0.8172,761406.176058
1788404400000,0.8172,0.8172,0.8015,0.8052,383196.284093
1788408000000,0.8051,0.8169,0.802,0.814,285566.068604
1788411600000,0.8139,0.8175,0.8045,0.816,573443.062414
1788415200000,0.8159,0.8188,0.8067,0.8079,417611.624494
1788418800000,0.8075,0.8147,0.793,0.7946,703525.04177
1788422400000,0.7949,0.802,0.78,0.7841,632252.873641
1788426000000,0.7845,0.7865,0.7801,0.783,537039.099666
1788429600000,0.783,0.7987,0.7825,0.7934,482613.641082
1788433200000,0.7935,0.7964,0.7895,0.7907,244398.964876
1788436800000,0.7907,0.7952,0.788,0.7898,533102.346045
1788440400000,0.7897,0.7907,0.782,0.7836,907260.255559
1788444000000,0.7834,0.8002,0.782,0.7997,1038608.317821
1788447600000,0.7998,0.8025,0.7906,0.7993,1479601.376618
1788451200000,0.7992,0.8096,0.7908,0.8081,994641.471572
1788454800000,0.8083,0.8117,0.7979,0.8007,941698.387587
1788458400000,0.8007,0.8067,0.7952,0.8033,573776.604546
1788462000000,0.8032,0.8053,0.7933,0.7957,261206.676465
1788465600000,0.7956,0.8002,0.7916,0.7993,137289.144926
1788469200000,0.799,0.804,0.7963,0.7983,223007.196922
1788472800000,0.7982,0.802,0.7936,0.7972,140543.533753
1788476400000,0.7971,0.7973,0.7882,0.7922,372394.807542
1788480000000,0.7922,0.7922,0.7751,0.7779,575710.696958
1788483600000,0.7779,0.7822,0.7732,0.7772,321669.226014
1788487200000,0.7773,0.778,0.7634,0.7748,753449.738475
1788490800000,0.775,0.7777,0.7727,0.7775,219610.218627
1788494400000,0.7776,0.7797,0.7733,0.7749,262710.880631
1788498000000,0.7748,0.7766,0.7646,0.7694,450601.080027
1788501600000,0.7693,0.7712,0.7671,0.7699,265371.551015
1788505200000,0.7698,0.773,0.7688,0.7703,168952.92243
1788508800000,0.7704,0.7735,0.7689,0.7735,168504.135947
1788512400000,0.773,0.7767,0.7725,0.7744,259886.899276
1788516000000,0.7742,0.7755,0.7705,0.7723,120901.046423
1788519600000,0.772,0.7746,0.771,0.7711,125456.475318
1788523200000,0.7713,0.7724,0.7356,0.7466,2490964.907615
1788526800000,0.7468,0.7549,0.7451,0.7508,591543.474982
1788530400000,0.7511,0.7516,0.7391,0.7452,649716.867128
1788534000000,0.7452,0.7476,0.742,0.743,325746.071772
1788537600000,0.743,0.7508,0.7428,0.7453,275055.853214
1788541200000,0.7453,0.7465,0.7415,0.7422,299044.526478
1788544800000,0.7422,0.7484,0.742,0.7483,187390.85246
1788548400000,0.7483,0.7521,0.7478,0.7518,203491.702868
1788552000000,0.7516,0.7517,0.7482,0.749,70819.686181
1788555600000,0.7491,0.7544,0.7489,0.7494,92032.437898
1788559200000,0.7494,0.7521,0.749,0.7501,34898.257094
1788562800000,0.7501,0.7607,0.7497,0.7597,243806.950924
1788566400000,0.7596,0.7633,0.7546,0.7598,166252.368769
1788570000000,0.76,0.7653,0.7596,0.7619,205276.196326
1788573600000,0.7621,0.7679,0.7588,0.7656,324304.789315
1788577200000,0.7656,0.7723,0.7645,0.7648,550564.145564
1788580800000,0.7648,0.7688,0.762,0.767,249920.612361
1788584400000,0.767,0.7696,0.7631,0.7664,144550.162879
1788588000000,0.7668,0.7752,0.7665,0.7714,481956.69226
1788591600000,0.7716,0.775,0.768,0.7686,162485.88962
1788595200000,0.7686,0.7701,0.7634,0.7646,146294.133478
1788598800000,0.7645,0.7696,0.7643,0.7693,68706.466335
1788602400000,0.7693,0.7721,0.7681,0.7708,128070.972267
1788606000000,0.7708,0.7784,0.7688,0.7752,357145.968292
1788609600000,0.7753,0.7923,0.7739,0.7879,594019.973743
1788613200000,0.7876,0.7959,0.7778,0.7812,849966.221257
1788616800000,0.7811,0.788,0.7777,0.7851,408298.225146
1788620400000,0.7849,0.7879,0.7787,0.7799,405559.07902
1788624000000,0.7799,0.7844,0.7736,0.779,477136.459335
1788627600000,0.779,0.7816,0.7763,0.7803,181433.731911
1788631200000,0.7801,0.7833,0.7784,0.782,214356.656084
1788634800000,0.782,0.7919,0.782,0.7883,308386.070523
1788638400000,0.7883,0.7923,0.7883,0.7889,404302.167192
1788642000000,0.7888,0.7988,0.7871,0.7957,348766.667787
1788645600000,0.7958,0.7969,0.7889,0.7916,271337.90412
1788649200000,0.7915,0.7919,0.786,0.787,232624.169707
1788652800000,0.7868,0.7959,0.7864,0.7914,197577.227975
1788656400000,0.7914,0.822,0.7908,0.814,1122238.416879
1788660000000,0.814,0.8407,0.811,0.8337,1635155.201851
1788663600000,0.8338,0.835,0.8123,0.8174,738528.237187
1788667200000,0.8176,0.818,0.8065,0.8127,625688.715605
1788670800000,0.8127,0.8144,0.807,0.8082,230050.667076
1788674400000,0.8078,0.8094,0.8019,0.8043,301512.465088
1788678000000,0.8042,0.8064,0.7935,0.804,611109.338714
1788681600000,0.804,0.8045,0.7963,0.7987,400446.839287
1788685200000,0.7988,0.8004,0.794,0.8,225533.772861
1788688800000,0.8,0.8001,0.795,0.7976,121694.022391
1788692400000,0.7976,0.7994,0.7966,0.7974,172484.88238
1788696000000,0.7974,0.7983,0.7878,0.7925,339284.012597
1788699600000,0.7926,0.7952,0.7883,0.7944,263613.607278
1788703200000,0.7944,0.7954,0.774,0.7853,865671.296711
1788706800000,0.7855,0.79,0.7799,0.7892,370173.843187
1788710400000,0.789,0.796,0.7881,0.7947,481671.678778
1788714000000,0.7947,0.7952,0.7909,0.7937,74815.790285
1788717600000,0.7938,0.7957,0.7926,0.7936,118939.261345
1788721200000,0.7935,0.7991,0.7926,0.7964,102130.649638
1788724800000,0.7969,0.8053,0.7969,0.8049,169665.409437
1788728400000,0.8046,0.8103,0.804,0.8073,258365.07433
1788732000000,0.8077,0.8085,0.7978,0.8046,310356.169388
1788735600000,0.8042,0.808,0.8017,0.8075,113596.619574
1788739200000,0.8069,0.8214,0.8059,0.8115,330864.447616
1788742800000,0.8116,0.8121,0.799,0.8017,364312.689499
1788746400000,0.8016,0.8133,0.7964,0.8056,403769.260092
1788750000000,0.8057,0.8068,0.7987,0.8016,267696.491596
1788753600000,0.8018,0.8052,0.7966,0.7989,280968.528883
1788757200000,0.7989,0.8111,0.798,0.8099,476280.0443
1788760800000,0.8092,0.8244,0.808,0.8188,511269.537317
1788764400000,0.8188,0.8266,0.8088,0.8175,680008.816821
1788768000000,0.8175,0.8268,0.8136,0.8167,475417.637634
1788771600000,0.8168,0.8266,0.8147,0.8195,962343.644275
1788775200000,0.8204,0.8236,0.8149,0.8162,298216.288747
1788778800000,0.816,0.8237,0.8139,0.8218,372954.367179
1788782400000,0.822,0.8576,0.8214,0.8559,1355520.0939
1788786000000,0.8558,0.882,0.8535,0.8605,2951068.236494
1788789600000,0.8604,0.868,0.8433,0.863,1913243.43029
1788793200000,0.8631,0.8667,0.8454,0.8523,949675.749625
1788796800000,0.8524,0.8784,0.8524,0.865,1001299.226738
1788800400000,0.8649,0.8756,0.8594,0.8603,447843.175704
1788804000000,0.8605,0.8605,0.8324,0.8343,1141143.466077
1788807600000,0.8343,0.8412,0.83,0.838,625595.570161
1788811200000,0.8379,0.8385,0.828,0.8367,250222.359605
1788814800000,0.8367,0.8425,0.8314,0.8355,233039.341866
1788818400000,0.8355,0.8355,0.8215,0.8298,485056.530195
1788822000000,0.8298,0.8381,0.8296,0.837,186153.938658
1788825600000,0.837,0.8458,0.8355,0.8451,376520.464833
1788829200000,0.8451,0.8479,0.8396,0.8468,301106.138659
1788832800000,0.8469,0.8522,0.8417,0.8433,351646.825611
1788836400000,0.8427,0.858,0.8416,0.8519,424482.836951
1788840000000,0.8519,0.8535,0.835,0.8372,335318.279523
1788843600000,0.8372,0.8541,0.8352,0.8499,459680.79318
1788847200000,0.85,0.852,0.8413,0.8484,424546.385554
1788850800000,0.8485,0.8501,0.8363,0.8393,216726.204579
1788854400000,0.8393,0.8496,0.834,0.8462,248339.659155
1788858000000,0.8465,0.8647,0.8416,0.8618,559675.419506
1788861600000,0.8618,0.8665,0.8572,0.8613,459772.193167
1788865200000,0.8614,0.8631,0.8517,0.8597,280518.519265
1788868800000,0.8597,0.86,0.8425,0.8524,445856.934054
1788872400000,0.8525,0.8533,0.8355,0.8452,628213.694033
1788876000000,0.8452,0.862,0.8436,0.8616,556456.42144
1788879600000,0.8616,0.877,0.8582,0.8667,1149413.087748
1788883200000,0.8666,0.8666,0.852,0.8556,324728.870873
1788886800000,0.8556,0.86,0.8434,0.8449,488542.55603
1788890400000,0.8449,0.8524,0.837,0.8403,437768.288238
1788894000000,0.8403,0.845,0.838,0.843,324719.230781
1788897600000,0.843,0.8571,0.8426,0.8525,113857.471972
1788901200000,0.8527,0.8591,0.8478,0.8508,268984.031662
1788904800000,0.8509,0.8562,0.8471,0.8505,64018.711518
1788908400000,0.8506,0.8511,0.8445,0.845,127208.3857
1788912000000,0.845,0.8554,0.8449,0.8503,108363.931848
1788915600000,0.8503,0.8508,0.8352,0.8412,540079.221518
1788919200000,0.8412,0.842,0.825,0.8346,379355.49964
1788922800000,0.8347,0.8383,0.8322,0.8341,321904.59159
1788926400000,0.8341,0.8452,0.8341,0.8445,197110.072922
1788930000000,0.8444,0.8448,0.8336,0.8346,146079.901093
1788933600000,0.8346,0.8395,0.8313,0.8374,137694.286872
1788937200000,0.8374,0.8439,0.8347,0.8361,157093.257416
1788940800000,0.8361,0.8409,0.8352,0.8372,85744.292498
1788944400000,0.8371,0.8382,0.8263,0.827,344169.199516
1788948000000,0.8269,0.8327,0.8212,0.8327,293011.456582
1788951600000,0.8328,0.8503,0.829,0.8482,450036.63339
1788955200000,0.8483,0.8489,0.8414,0.8416,260613.657038
1788958800000,0.8414,0.8525,0.8391,0.8431,218443.884199
1788962400000,0.8431,0.85,0.8373,0.8482,307190.679861
1788966000000,0.848,0.8548,0.8312,0.8507,675882.580456
1788969600000,0.8503,0.8512,0.8283,0.8434,594720.941122
1788973200000,0.8435,0.8539,0.8424,0.8433,183891.700999
1788976800000,0.8434,0.8503,0.8407,0.8453,102193.382656
1788980400000,0.8453,0.8482,0.826,0.8304,252171.821112
1788984000000,0.8303,0.8368,0.825,0.8346,159877.26647
1788987600000,0.8346,0.8375,0.8262,0.8335,128848.808041
1788991200000,0.8335,0.8346,0.8063,0.8115,881037.752224
1788994800000,0.8114,0.8227,0.8105,0.8202,169790.380833
1788998400000,0.8202,0.8232,0.8124,0.8155,163719.733772
1789002000000,0.8155,0.8238,0.8079,0.8118,270027.696008
1789005600000,0.8116,0.8161,0.8037,0.815,193724.164017
1789009200000,0.815,0.8203,0.8144,0.8169,153746.848032
1789012800000,0.8168,0.8201,0.8133,0.8163,123279.864866
1789016400000,0.8163,0.8214,0.8134,0.8173,82884.9769
1789020000000,0.8173,0.8173,0.8069,0.8143,161161.934864
1789023600000,0.8142,0.8144,0.794,0.8006,658106.839635
1789027200000,0.8006,0.8036,0.796,0.7962,499869.006681
1789030800000,0.7962,0.8027,0.795,0.7985,208008.718266
1789034400000,0.7986,0.8059,0.7985,0.8023,236001.860596
1789038000000,0.8023,0.8106,0.8004,0.8061,215455.985052
1789041600000,0.8061,0.8105,0.7832,0.7986,571014.305163
1789045200000,0.7988,0.8077,0.7983,0.8027,541636.757437
1789048800000,0.8028,0.808,0.7957,0.8011,368176.643193
1789052400000,0.8011,0.805,0.7964,0.8021,209872.992058
1789056000000,0.8021,0.8036,0.7851,0.7992,393353.352666
1789059600000,0.7993,0.8069,0.7979,0.8045,272772.139167
1789063200000,0.8044,0.8052,0.7975,0.8048,90164.139327
1789066800000,0.8048,0.8054,0.7949,0.7961,126808.440266
1789070400000,0.7962,0.8021,0.795,0.8012,194873.055658
1789074000000,0.8012,0.8012,0.7905,0.7912,183452.076205
1789077600000,0.7916,0.7952,0.7851,0.7856,183022.260619
1789081200000,0.7856,0.7894,0.7762,0.7802,620297.984849
1789084800000,0.7801,0.79,0.779,0.789,241062.945659
1789088400000,0.7887,0.7904,0.7803,0.7851,147278.262817
1789092000000,0.7851,0.7873,0.779,0.7856,144612.513948
1789095600000,0.7857,0.7891,0.7816,0.7876,119561.471179
1789099200000,0.7876,0.7946,0.7862,0.7932,189870.526869
1789102800000,0.7932,0.7982,0.7929,0.7967,211600.019705
1789106400000,0.7967,0.7968,0.791,0.7923,158189.76446
1789110000000,0.7923,0.797,0.7858,0.7873,194897.422596
1789113600000,0.7873,0.7916,0.7852,0.7873,167587.049697
1789117200000,0.7873,0.7877,0.7756,0.7812,443266.28965
1789120800000,0.7811,0.7891,0.7796,0.7805,288991.130622
1789124400000,0.7807,0.7837,0.7728,0.7822,530665.697697
1789128000000,0.7821,0.8014,0.7732,0.7981,849309.806263
1789131600000,0.7986,0.8196,0.787,0.8173,514013.744961
1789135200000,0.8176,0.8277,0.8105,0.8173,1974806.735959
1789138800000,0.8177,0.821,0.7931,0.7972,540887.782284
1789142400000,0.7972,0.8089,0.796,0.8074,244731.380848
1789146000000,0.8073,0.8089,0.7897,0.7913,325274.103384
1789149600000,0.7913,0.7928,0.7757,0.7777,359825.156968
1789153200000,0.778,0.7839,0.7754,0.7831,145307.950518
1789156800000,0.7831,0.787,0.7783,0.7815,117339.199021
1789160400000,0.7814,0.7852,0.775,0.7771,123686.511403
1789164000000,0.7771,0.7822,0.7751,0.7795,153104.440148
1789167600000,0.7793,0.7863,0.7791,0.7861,137443.367929
1789171200000,0.7862,0.8,0.7857,0.7987,158028.450312
1789174800000,0.7987,0.8021,0.7963,0.8007,232729.282021
1789178400000,0.8007,0.8013,0.7936,0.7959,320771.99248
1789182000000,0.7958,0.7988,0.7939,0.7971,73055.126519
1789185600000,0.7971,0.8025,0.797,0.7998,125497.595373
1789189200000,0.7998,0.803,0.7972,0.8004,152463.783642
1789192800000,0.8004,0.8068,0.7978,0.8034,223379.216277
1789196400000,0.8034,0.8154,0.802,0.8108,211942.167974
1789200000000,0.8108,0.8155,0.808,0.8126,326755.406723
1789203600000,0.8126,0.8158,0.809,0.8107,128472.028985
1789207200000,0.8106,0.8131,0.8091,0.8125,122505.155254
1789210800000,0.8127,0.816,0.8093,0.8135,124239.781211
1789214400000,0.8135,0.8155,0.8104,0.812,82155.931359
1789218000000,0.812,0.8129,0.8051,0.8071,328503.690648
1789221600000,0.8071,0.8107,0.8053,0.8089,47562.272957
1789225200000,0.8089,0.812,0.8072,0.8102,106129.823623
1789228800000,0.8102,0.8131,0.8075,0.8093,161231.317892
1789232400000,0.8092,0.8095,0.803,0.805,125051.320734
1789236000000,0.8049,0.806,0.8015,0.8023,64461.705399
1789239600000,0.8023,0.8027,0.7979,0.7995,268431.896944
1789243200000,0.7995,0.8031,0.799,0.8008,38947.536889
1789246800000,0.8007,0.805,0.8006,0.8018,68022.842869
1789250400000,0.8018,0.8037,0.7983,0.7984,62003.445924
1789254000000,0.7985,0.8021,0.7966,0.8013,55391.889755
1789257600000,0.8012,0.8082,0.8003,0.8077,84288.670554
1789261200000,0.8077,0.8092,0.8039,0.8056,120356.444011
1789264800000,0.8056,0.8111,0.8038,0.8079,99804.181985
1789268400000,0.8079,0.8115,0.8054,0.8077,99568.394677
1789272000000,0.8077,0.8236,0.8054,0.8142,424036.725416
1789275600000,0.8142,0.8188,0.8132,0.8154,148129.094315
1789279200000,0.8154,0.8168,0.8103,0.8131,84482.774493
1789282800000,0.8131,0.815,0.81,0.8102,107728.314443
1789286400000,0.8102,0.812,0.8014,0.8025,252235.700064
1789290000000,0.8025,0.8149,0.7998,0.8134,265096.998487
1789293600000,0.8134,0.82,0.8109,0.8145,602683.671485
1789297200000,0.8145,0.8238,0.809,0.8191,1036973.186586
1789300800000,0.8191,0.84,0.8158,0.8361,1007927.340101
1789304400000,0.8361,0.8557,0.8339,0.8544,1143757.961258
1789308000000,0.8542,0.9242,0.8517,0.912,4943413.120485
1789311600000,0.912,0.9649,0.9061,0.9471,3859572.62624
1789315200000,0.947,0.9869,0.9412,0.9834,2816534.083357
1789318800000,0.9835,1.0333,0.9539,0.9665,4901730.233656
1789322400000,0.967,1.009,0.9655,0.9844,1612212.52516
1789326000000,0.9844,1.0032,0.9751,0.9803,828906.88761
1789329600000,0.98,0.9966,0.9703,0.9904,531050.202028
1789333200000,0.9901,1.0016,0.976,0.9878,767866.517515
1789336800000,0.9875,0.9875,0.9339,0.9381,1797345.936811
1789340400000,0.938,0.9578,0.9366,0.9513,1023996.359051
1789344000000,0.9517,0.9869,0.9498,0.9766,1279641.997999
1789347600000,0.977,1.0071,0.9687,0.9872,1689345.227032
1789351200000,0.9872,1.0097,0.9775,0.9841,1196881.909494
1789354800000,0.9836,1.0306,0.9519,0.9682,2606255.208169
1789358400000,0.9683,0.9734,0.9468,0.9676,1014360.484792
1789362000000,0.9677,0.9711,0.9512,0.9634,375394.25163
1789365600000,0.9638,1.006,0.9604,0.996,2020644.768962
1789369200000,0.9959,1.0102,0.9873,1.0019,1115475.214655
1789372800000,1.0019,1.0216,0.9983,1.0158,1243628.964814
1789376400000,1.016,1.0346,0.9905,1.0059,1504463.257913
1789380000000,1.006,1.035,0.9974,1.0017,1210877.180451
1789383600000,1.0012,1.0097,0.9826,1.0003,867075.43511
1789387200000,1.0003,1.0035,0.9807,1.0002,774648.809792
1789390800000,1,1.002,0.9756,0.9941,789594.438504
1789394400000,0.9941,1.0395,0.9838,0.9858,2197560.809686
1789398000000,0.9858,0.9985,0.9459,0.9542,2211711.241744
1789401600000,0.954,0.9711,0.9379,0.9701,1242357.626321
1789405200000,0.97,0.972,0.9529,0.9606,773923.698174
1789408800000,0.9603,0.9681,0.9551,0.9596,464578.308386
1789412400000,0.9595,0.9617,0.9453,0.9481,497246.257171
1789416000000,0.9483,0.9618,0.9426,0.946,624503.852973
1789419600000,0.9461,0.9473,0.9328,0.9403,439072.178753
1789423200000,0.9404,0.9471,0.9332,0.9356,283304.598987
1789426800000,0.9359,0.9434,0.9343,0.9358,278656.951709
1789430400000,0.9356,0.9358,0.9053,0.9074,1393315.171021
1789434000000,0.9074,0.9133,0.8952,0.8993,1323973.696456
1789437600000,0.8993,0.9022,0.8933,0.8996,843421.585634
1789441200000,0.8996,0.9003,0.8907,0.892,586161.24663
1789444800000,0.8921,0.9019,0.8862,0.8995,702679.343653
1789448400000,0.8996,0.9013,0.8813,0.8899,823976.012762
1789452000000,0.8899,0.8958,0.8882,0.8949,338756.820039
1789455600000,0.8951,0.8973,0.8821,0.8875,338218.432959
1789459200000,0.8874,0.8914,0.885,0.8909,264081.342658
1789462800000,0.8908,0.898,0.8866,0.8947,614293.267095
1789466400000,0.8944,0.8959,0.8842,0.887,465825.316866
1789470000000,0.8868,0.8883,0.865,0.8744,1711562.346665
1789473600000,0.8744,0.8809,0.8714,0.8762,781484.289985
1789477200000,0.8762,0.886,0.876,0.8803,633817.909225
1789480800000,0.8803,0.8819,0.8554,0.8621,1274244.898452
1789484400000,0.8624,0.872,0.8579,0.8603,1103873.906955
1789488000000,0.8604,0.8688,0.8598,0.8599,549159.407363
1789491600000,0.8599,0.8599,0.844,0.8458,859943.741249
1789495200000,0.8458,0.8479,0.806,0.8255,1779532.027654
1789498800000,0.8252,0.8263,0.8073,0.8131,1220537.814779
1789502400000,0.813,0.8197,0.8036,0.8179,672270.957694
1789506000000,0.8178,0.8198,0.8054,0.8065,455439.999264
1789509600000,0.8066,0.816,0.805,0.8129,304467.010108
1789513200000,0.8131,0.8221,0.811,0.8158,397811.111239
1789516800000,0.8158,0.8164,0.8093,0.8098,446164.544858
1789520400000,0.8099,0.8108,0.8,0.8046,604435.64154
1789524000000,0.8053,0.82,0.8046,0.8137,477732.081762
1789527600000,0.8136,0.8169,0.811,0.8158,197727.756084
1789531200000,0.8156,0.826,0.814,0.8201,425896.50031
1789534800000,0.8201,0.8245,0.8132,0.814,327800.587775
1789538400000,0.8138,0.8168,0.8026,0.8106,434164.557743
1789542000000,0.8105,0.8128,0.8077,0.8097,142336.667095
1789545600000,0.8096,0.8109,0.8044,0.8082,218116.263792
1789549200000,0.8083,0.8138,0.8013,0.8046,342986.06277
1789552800000,0.8047,0.8096,0.8041,0.8083,143794.274107
1789556400000,0.8082,0.8128,0.8055,0.806,390134.828541
1789560000000,0.8059,0.8101,0.7541,0.7849,1874193.193454
1789563600000,0.7848,0.7937,0.7801,0.7867,835601.76932
1789567200000,0.787,0.7876,0.7739,0.7766,600934.126677
1789570800000,0.7766,0.782,0.7702,0.7764,544121.644568
1789574400000,0.7765,0.7772,0.7696,0.7725,284504.10924
1789578000000,0.7726,0.7769,0.7672,0.7744,314700.857045
1789581600000,0.7742,0.793,0.7688,0.7783,1102550.650872
1789585200000,0.7787,0.7902,0.7755,0.7886,498266.67571
1789588800000,0.7887,0.8036,0.7877,0.8033,1303644.364432
1789592400000,0.803,0.808,0.7957,0.8004,455221.504681
1789596000000,0.8007,0.8024,0.791,0.7996,234078.758215
1789599600000,0.7996,0.81,0.7966,0.8067,309070.747234
1789603200000,0.8068,0.8078,0.8009,0.8018,297983.148703
1789606800000,0.802,0.8063,0.7963,0.8011,240804.739252
1789610400000,0.8012,0.8044,0.7961,0.7984,309393.085974
1789614000000,0.7981,0.8039,0.798,0.8003,97907.647149
1789617600000,0.8003,0.801,0.786,0.7988,453149.305963
1789621200000,0.7988,0.8028,0.7982,0.7985,194153.471382
1789624800000,0.7988,0.8035,0.7953,0.7991,132188.884967
1789628400000,0.7988,0.8043,0.7973,0.7987,266654.137572
1789632000000,0.7989,0.7997,0.7956,0.7989,164221.638635
1789635600000,0.7985,0.803,0.7963,0.7983,271740.353789
1789639200000,0.7984,0.8039,0.7941,0.8015,194104.614659
1789642800000,0.8018,0.8036,0.7964,0.8009,79552.23631
1789646400000,0.8007,0.8196,0.7999,0.8123,790520.702386
1789650000000,0.8123,0.8179,0.8067,0.8175,576500.913288
1789653600000,0.818,0.8276,0.8128,0.8251,529640.906617
1789657200000,0.8249,0.8333,0.8138,0.829,479562.82033
1789660800000,0.8287,0.8307,0.8195,0.824,313397.149577
1789664400000,0.824,0.8272,0.814,0.8158,327245.829894
1789668000000,0.8158,0.8195,0.809,0.8123,517488.082035
1789671600000,0.8122,0.8214,0.8117,0.8178,152637.591507
1789675200000,0.8177,0.8259,0.8171,0.8249,148583.696077
1789678800000,0.8249,0.8265,0.819,0.8196,164128.885855
1789682400000,0.8195,0.8305,0.818,0.829,183671.87525
1789686000000,0.829,0.8488,0.8266,0.841,878601.3541
1789689600000,0.8407,0.8524,0.832,0.8511,1145420.26747
1789693200000,0.8511,0.8589,0.845,0.8574,416086.292534
1789696800000,0.8574,0.8616,0.8523,0.8542,577445.932204
1789700400000,0.8543,0.8734,0.8513,0.8655,651254.278059
1789704000000,0.8652,0.8674,0.8574,0.8625,280460.57839
1789707600000,0.8623,0.865,0.8538,0.8617,678151.69536
1789711200000,0.8614,0.8787,0.8577,0.8695,668660.471564
1789714800000,0.8696,0.8752,0.8649,0.8725,347689.686393
1789718400000,0.8725,0.8732,0.8642,0.8675,318101.488988
1789722000000,0.8673,0.8791,0.8654,0.8774,553989.312618
1789725600000,0.8778,0.8812,0.8689,0.871,428017.156144
1789729200000,0.8709,0.8711,0.8513,0.8579,928019.370439
1789732800000,0.858,0.8661,0.8562,0.8641,229409.525681
1789736400000,0.8641,0.8899,0.862,0.8798,1076822.202851
1789740000000,0.8797,0.8963,0.8777,0.8928,1036173.797047
1789743600000,0.8924,0.8952,0.8787,0.8928,663158.165388
1789747200000,0.8928,0.897,0.8817,0.8853,646665.085677
1789750800000,0.8854,0.8994,0.8813,0.8923,419883.618286
1789754400000,0.8921,0.8951,0.8879,0.8935,113460.29474
1789758000000,0.8933,0.9216,0.8922,0.9172,875524.39989
1789761600000,0.9171,0.9262,0.9061,0.923,434703.800754
1789765200000,0.923,0.926,0.9123,0.9235,264797.328939
1789768800000,0.9233,0.9352,0.918,0.9296,990653.767419
1789772400000,0.9301,0.9457,0.9223,0.9437,843642.8906
1789776000000,0.9436,0.9767,0.941,0.9551,1293003.73016
1789779600000,0.9547,0.9749,0.9364,0.9654,1488708.010666
1789783200000,0.9656,0.9841,0.9565,0.9806,835402.187984
1789786800000,0.9803,0.99,0.9638,0.9887,1080657.79718
1789790400000,0.9888,0.9975,0.9698,0.9833,1069284.264803
1789794000000,0.9832,0.9984,0.9785,0.9905,1117963.000507
1789797600000,0.9903,0.999,0.9533,0.9613,1740973.622617
1789801200000,0.9613,0.9623,0.9424,0.9529,1219833.648055
1789804800000,0.953,0.9895,0.9509,0.9791,1244131.657003
1789808400000,0.979,0.9795,0.9664,0.9714,747227.317585
1789812000000,0.9717,0.9884,0.9691,0.979,329890.667354
1789815600000,0.9787,0.992,0.9784,0.9864,841984.487795
1789819200000,0.9864,1.0029,0.9814,0.988,1203911.190548
1789822800000,0.9878,1.0065,0.9836,0.9882,1114280.722128
1789826400000,0.988,0.9959,0.975,0.9766,1170948.601674
1789830000000,0.9768,0.998,0.9721,0.9962,1012078.87378
1789833600000,0.996,1.078,0.9864,1.0757,2698489.777828
1789837200000,1.0758,1.1223,1.0546,1.1163,3725703.224711
1789840800000,1.1157,1.1334,1.062,1.0746,3615743.536232
1789844400000,1.0743,1.0792,1.0329,1.0384,1248684.713417
1789848000000,1.0384,1.0426,1.012,1.0147,665239.807119
1789851600000,1.0146,1.0295,0.9945,0.9961,730437.868795
1789855200000,0.9958,0.9999,0.94,0.9639,2040315.519922
1789858800000,0.964,0.9722,0.9608,0.9618,515813.232716
1789862400000,0.9618,0.9708,0.954,0.9669,746811.420729
1789866000000,0.967,0.9694,0.954,0.9685,610869.232815
1789869600000,0.9685,0.9769,0.9374,0.9489,1403074.169668
1789873200000,0.9488,0.9638,0.9434,0.9562,868180.003965
1789876800000,0.9561,0.9599,0.9495,0.9585,416450.164303
1789880400000,0.9589,0.9599,0.9505,0.9534,334207.034617
1789884000000,0.9532,0.9549,0.945,0.9498,363414.445344
1789887600000,0.9497,0.9611,0.9497,0.9536,255438.096225
1789891200000,0.9536,0.9613,0.9419,0.9466,534563.239679
1789894800000,0.9466,0.9611,0.9459,0.9549,236515.890097
1789898400000,0.9547,0.9566,0.9474,0.9525,130617.820121
1789902000000,0.9524,0.9572,0.948,0.9571,163817.877877
1789905600000,0.957,0.9593,0.9452,0.949,201697.055008
1789909200000,0.9487,0.9507,0.9152,0.9184,1346928.787509
1789912800000,0.9185,0.9258,0.91,0.9148,549131.085036
1789916400000,0.9148,0.9329,0.9148,0.9295,724937.517749
1789920000000,0.9292,0.9642,0.9257,0.9581,1249304.54987
1789923600000,0.9583,0.9583,0.9423,0.9486,757584.171713
1789927200000,0.948,0.9529,0.9309,0.9381,452398.721209
1789930800000,0.9389,0.9533,0.9361,0.9503,317753.798654
1789934400000,0.9511,0.9572,0.9446,0.9523,441335.597744
1789938000000,0.9525,0.9525,0.9351,0.9497,512025.775985
1789941600000,0.9498,0.9538,0.9441,0.9465,285214.778633
1789945200000,0.9463,0.9496,0.9421,0.9433,191300.370621
1789948800000,0.943,0.9647,0.943,0.959,720892.007053
1789952400000,0.9587,0.9681,0.9368,0.9396,984114.449713
1789956000000,0.9402,0.9506,0.9344,0.9465,552337.219361
1789959600000,0.9466,0.957,0.9466,0.9542,242343.640653
1789963200000,0.9542,0.9566,0.9447,0.9525,275013.564202
1789966800000,0.9526,0.959,0.9447,0.9535,308230.325869
1789970400000,0.9534,0.9651,0.9494,0.9631,528070.275648
1789974000000,0.9633,0.9688,0.9563,0.9653,523481.214587
1789977600000,0.965,0.9896,0.9602,0.9885,1032032.662527
1789981200000,0.9881,1.0186,0.965,0.9725,2443400.05753
1789984800000,0.9727,0.9905,0.9665,0.9884,1056950.831479
1789988400000,0.9883,0.995,0.9846,0.9858,461147.61883
1789992000000,0.9858,0.9965,0.9793,0.9945,566815.700291
1789995600000,0.9945,0.9984,0.9725,0.9805,870199.793007
1789999200000,0.9807,0.9843,0.9641,0.9766,901236.697545
1790002800000,0.9763,0.9827,0.9573,0.9722,861227.000418
1790006400000,0.9721,0.9788,0.9609,0.9653,590367.097688
1790010000000,0.9649,0.969,0.952,0.9585,838135.22929
1790013600000,0.9584,0.965,0.9551,0.9624,205705.426086
1790017200000,0.9629,0.9705,0.9589,0.9676,210060.610392
1790020800000,0.9677,0.9809,0.9661,0.9741,324937.483293
1790024400000,0.9737,0.9863,0.9698,0.9783,347050.612483
1790028000000,0.9784,0.9966,0.9783,0.995,530445.58355
1790031600000,0.995,0.995,0.9815,0.9861,495440.261957
1790035200000,0.9859,1.0028,0.9832,0.9877,901368.946317
1790038800000,0.9878,1.0107,0.9844,1.0018,789263.820374
1790042400000,1.0017,1.0127,0.9954,0.9993,682905.500729
1790046000000,0.9993,1.0069,0.9873,1.0018,607557.821511
1790049600000,1.0017,1.0098,0.9892,0.9923,557030.829775
1790053200000,0.9924,1.002,0.9821,0.9963,854056.068843
1790056800000,0.9963,1.0018,0.9859,0.9916,314343.211082
1790060400000,0.9917,0.9956,0.9845,0.9925,346486.381462
1790064000000,0.9925,1.0044,0.9868,0.994,691826.930424
1790067600000,0.9929,0.9929,0.9735,0.9863,534948.362876
1790071200000,0.9863,0.9876,0.9739,0.987,492817.349742
1790074800000,0.9873,0.9997,0.9838,0.9958,290746.983185
1790078400000,0.9956,1.0213,0.9888,1.0102,992833.713044
1790082000000,1.0103,1.0377,1.007,1.0194,1572501.31968
1790085600000,1.0193,1.0202,0.9826,0.9941,965150.243567
1790089200000,0.9942,1.0143,0.9932,1.0103,605422.20011
1790092800000,1.0104,1.0138,0.9989,1.0053,384452.85305
1790096400000,1.0055,1.0065,0.9967,1.0028,408576.378694
1790100000000,1.0028,1.0054,0.9968,0.998,269943.219149
1790103600000,0.9981,1.0115,0.9966,1.0048,678917.623282
1790107200000,1.0048,1.0186,1.0012,1.0167,296760.893873
1790110800000,1.017,1.023,1.0138,1.0164,296466.011318
1790114400000,1.0162,1.0398,1.0075,1.0324,643443.268083
1790118000000,1.0327,1.0558,1.0287,1.0437,669473.205255
1790121600000,1.0439,1.0624,1.0347,1.0376,620355.50562
1790125200000,1.0371,1.0462,1.0245,1.0301,758442.055428
1790128800000,1.03,1.0445,1.0222,1.044,536307.007636
1790132400000,1.0438,1.0651,1.0422,1.0558,804339.556257
1790136000000,1.056,1.0584,1.0452,1.0452,545672.572714
1790139600000,1.0452,1.0553,1.0384,1.0436,479416.884827
1790143200000,1.0435,1.0562,1.0404,1.0449,521335.245166
1790146800000,1.0448,1.0448,1.0293,1.0323,400643.998343
1790150400000,1.0322,1.0417,1.0216,1.0281,472110.037191
1790154000000,1.0276,1.04,1.0254,1.0293,354922.203559
1790157600000,1.0298,1.0429,1.0245,1.0416,315440.283983
1790161200000,1.0417,1.0417,1.0147,1.0282,681172.808775
1790164800000,1.0282,1.0337,1.0206,1.0263,479999.684033
1790168400000,1.0265,1.0265,1.0106,1.0159,659167.889047
1790172000000,1.0162,1.0216,0.9137,0.9568,4421900.666006
1790175600000,0.9569,0.9636,0.9245,0.9295,1348899.373861
1790179200000,0.9292,0.9418,0.9153,0.9412,1017428.145468
1790182800000,0.9409,0.9456,0.9291,0.9376,549288.973389
1790186400000,0.9378,0.9378,0.9251,0.9282,264359.069861
1790190000000,0.9284,0.9332,0.9253,0.9283,160487.600315
1790193600000,0.9284,0.9296,0.9175,0.9202,263723.377949
1790197200000,0.9204,0.9285,0.918,0.9234,179583.352218
1790200800000,0.9235,0.9337,0.9223,0.9266,385570.833618
1790204400000,0.9266,0.9398,0.9247,0.936,264169.227029
1790208000000,0.9361,0.9434,0.9316,0.9334,339032.894867
1790211600000,0.9334,0.9389,0.928,0.9295,241541.702135
1790215200000,0.9297,0.9616,0.9265,0.9564,595381.321401
1790218800000,0.9565,0.9585,0.9388,0.941,497386.097741
1790222400000,0.9412,0.9643,0.939,0.963,305400.10074
1790226000000,0.9632,0.9873,0.9619,0.9779,1476159.961701
1790229600000,0.9777,0.992,0.9741,0.9875,776803.329224
1790233200000,0.9873,0.9965,0.9788,0.9913,642375.051656
1790236800000,0.9918,0.9999,0.9651,0.9793,728863.632588
1790240400000,0.9797,0.985,0.953,0.9549,1116233.354986
1790244000000,0.9546,0.9693,0.954,0.9642,410220.221637
1790247600000,0.9639,0.9676,0.9533,0.9584,168547.088474
1790251200000,0.9585,0.9627,0.9488,0.9621,285162.602221
1790254800000,0.9621,0.9814,0.962,0.9811,415915.520424
1790258400000,0.9809,1.0198,0.9793,0.9919,2482229.629321
1790262000000,0.9918,1.0055,0.9829,0.9955,768600.983243
1790265600000,0.9958,1.0147,0.9878,1.0122,478070.495496
1790269200000,1.0108,1.0161,0.9974,1.0014,464442.808229
1790272800000,1.0013,1.0028,0.99,1.0008,196391.078465
1790276400000,1.0005,1.0031,0.9922,0.9976,210585.359217
1790280000000,0.9975,1.004,0.9946,1.0002,88428.934923
1790283600000,1.0003,1.005,0.9971,0.9987,96110.917797
1790287200000,0.9982,0.9987,0.9905,0.9933,252760.422625
1790290800000,0.9938,0.9984,0.9894,0.9906,171940.31312
1790294400000,0.9903,0.9987,0.9867,0.9911,315825.066142
1790298000000,0.9914,0.9996,0.9827,0.9859,290320.277201
1790301600000,0.9861,0.9941,0.9725,0.9769,500562.807769
1790305200000,0.9768,0.9875,0.9747,0.9863,257031.622762
1790308800000,0.9858,0.9944,0.9802,0.9896,124157.614891
1790312400000,0.9895,0.9927,0.9837,0.9868,151786.8052
1790316000000,0.9868,0.9961,0.9831,0.9931,165240.07523
1790319600000,0.993,1.0027,0.9897,1.0001,251307.405858
1790323200000,1,1.0228,0.9978,1.0179,997183.093387
1790326800000,1.0179,1.0207,1.0084,1.0173,426710.470282
1790330400000,1.0169,1.0208,1.009,1.0194,465366.282715
1790334000000,1.0193,1.039,1.0184,1.0299,860678.671861
1790337600000,1.0299,1.0352,1.0117,1.0284,630170.531712
1790341200000,1.029,1.0339,1.0073,1.0153,434120.183905
1790344800000,1.0158,1.0212,0.9935,1.0212,609748.852579
1790348400000,1.0213,1.03,1.0087,1.0276,590412.750963
1790352000000,1.0284,1.0401,1.0209,1.022,575658.952129
1790355600000,1.0224,1.0287,1.0125,1.0241,274881.781298
1790359200000,1.0242,1.0308,1.02,1.0286,228490.526321
1790362800000,1.0291,1.0307,1.023,1.0306,136745.115714
1790366400000,1.0305,1.0499,1.0305,1.0438,304082.67495
1790370000000,1.0428,1.0444,1.0308,1.0327,198761.534451
1790373600000,1.0328,1.0517,1.0321,1.0469,219843.275812
1790377200000,1.0474,1.0595,1.0453,1.0498,357539.641046
1790380800000,1.0496,1.0513,1.0401,1.0427,386131.739063
1790384400000,1.0421,1.0553,1.0416,1.044,770019.175692
1790388000000,1.044,1.0451,1.0369,1.0385,307408.971943
1790391600000,1.0384,1.0384,1.0313,1.0351,289139.941103
1790395200000,1.035,1.0504,1.0346,1.048,475972.6652
1790398800000,1.0476,1.0626,1.0453,1.0576,970979.783215
1790402400000,1.0575,1.0871,1.0534,1.0814,1063394.197129
1790406000000,1.0813,1.0888,1.0718,1.0765,1149034.864724
1790409600000,1.0759,1.0899,1.0736,1.0836,378836.929194
1790413200000,1.0843,1.0872,1.0641,1.0757,584276.065995
1790416800000,1.0766,1.0989,1.0766,1.0937,796088.517907
1790420400000,1.0935,1.1034,1.0833,1.0883,844883.579518
1790424000000,1.0882,1.0954,1.0786,1.0804,492450.351065
1790427600000,1.0803,1.1041,1.0756,1.1,598105.687683
1790431200000,1.1006,1.1842,1.0956,1.1668,2362046.932837
1790434800000,1.1676,1.2211,1.1666,1.199,3813486.77032
1790438400000,1.1988,1.2286,1.1862,1.2193,2236026.645955
1790442000000,1.2195,1.2259,1.1626,1.1706,1806013.16573
1790445600000,1.1693,1.1722,1.1413,1.1496,1539395.265144
1790449200000,1.1494,1.1523,1.1386,1.1397,412438.927523
1790452800000,1.1394,1.1415,1.106,1.1117,910610.960908
1790456400000,1.1119,1.1334,1.111,1.1211,526946.877204
1790460000000,1.1211,1.129,1.1161,1.1216,525771.697154
1790463600000,1.121,1.1397,1.121,1.1342,597239.595643
1790467200000,1.1336,1.1361,1.1257,1.1281,357745.593465
1790470800000,1.1271,1.1433,1.1227,1.1346,390851.894384
1790474400000,1.1346,1.1524,1.1344,1.1459,920963.312954
1790478000000,1.1461,1.1522,1.1382,1.1394,415799.662656
1790481600000,1.1389,1.1395,1.1139,1.1264,759698.379969
1790485200000,1.1263,1.14,1.1226,1.1367,337470.12694
1790488800000,1.1369,1.1444,1.1341,1.1398,235178.236629
1790492400000,1.1399,1.1564,1.1365,1.1533,545066.165913
1790496000000,1.1533,1.1583,1.147,1.1471,677571.972141
1790499600000,1.1471,1.1505,1.1396,1.143,457577.253269
1790503200000,1.1429,1.1471,1.134,1.135,402833.536652
1790506800000,1.135,1.1442,1.1319,1.1407,206421.845769
1790510400000,1.1403,1.1455,1.1249,1.1304,359202.739787
1790514000000,1.1304,1.1329,1.1161,1.1312,672933.180681
1790517600000,1.1313,1.1384,1.1283,1.134,275573.362568
1790521200000,1.1342,1.14,1.1231,1.1381,478260.576174
1790524800000,1.1381,1.1574,1.1336,1.149,685747.873861
1790528400000,1.148,1.1585,1.1458,1.1546,421944.890141
1790532000000,1.1544,1.1598,1.1454,1.1488,193146.063783
1790535600000,1.1489,1.15,1.1357,1.1366,233998.137263
1790539200000,1.1383,1.1425,1.1323,1.1343,157545.181642
1790542800000,1.1345,1.1447,1.1289,1.1379,214167.846841
1790546400000,1.1382,1.1397,1.1193,1.1285,376068.068164
1790550000000,1.1289,1.1415,1.1285,1.1408,219133.238094
1790553600000,1.1405,1.1537,1.1277,1.1306,582256.694117
1790557200000,1.13,1.1389,1.1125,1.116,952228.850482
1790560800000,1.1159,1.1219,1.1025,1.1089,1286359.246636
1790564400000,1.1092,1.1156,1.0823,1.0891,1210206.000705
1790568000000,1.0891,1.0996,1.0777,1.0983,487574.530297
1790571600000,1.0982,1.1026,1.0668,1.0824,1321299.917133
1790575200000,1.0823,1.0887,1.074,1.0804,440135.970516
1790578800000,1.0803,1.0878,1.0601,1.0635,808455.495224
1790582400000,1.0645,1.0748,1.0601,1.0615,509134.575335
1790586000000,1.0612,1.0626,1.0376,1.0463,1204554.043662
1790589600000,1.0467,1.0588,1.0451,1.0512,368712.437682
1790593200000,1.0512,1.0547,1.0448,1.0484,268996.843599
1790596800000,1.0473,1.0705,1.0453,1.068,730293.589083
1790600400000,1.0678,1.0688,1.0565,1.0601,417898.518166
1790604000000,1.0595,1.0596,1.0173,1.0288,1870640.024369
1790607600000,1.0288,1.0393,1.0213,1.0383,538567.20414
1790611200000,1.0382,1.068,1.0332,1.0594,538646.304379
1790614800000,1.0589,1.0684,1.0454,1.0547,481110.167603
1790618400000,1.0545,1.0625,1.0504,1.061,189768.336458
1790622000000,1.0613,1.0613,1.0332,1.0346,163131.262458
1790625600000,1.0347,1.0497,1.0293,1.0463,132863.221396
1790629200000,1.0466,1.0529,1.0358,1.0372,123847.671354
1790632800000,1.0363,1.0478,1.0306,1.0465,222479.713548
1790636400000,1.0471,1.0647,1.0454,1.0638,276424.456245
1790640000000,1.0637,1.0673,1.0539,1.0562,356081.946517
1790643600000,1.0557,1.063,1.0281,1.0353,794419.657691
1790647200000,1.0355,1.039,1.0114,1.0181,907256.836855
1790650800000,1.018,1.037,1.017,1.031,228490.805069
1790654400000,1.0316,1.0419,1.0226,1.0298,385948.940795
1790658000000,1.0299,1.0476,1.0264,1.0461,394343.240723
1790661600000,1.0462,1.0513,1.042,1.0476,282697.884066
1790665200000,1.0476,1.0616,1.043,1.0589,373180.165094
1790668800000,1.0593,1.071,1.0532,1.0656,595925.056751
1790672400000,1.0654,1.0819,1.0614,1.0738,694149.034294
1790676000000,1.0738,1.0821,1.0666,1.0805,236517.609355
1790679600000,1.0804,1.0899,1.0753,1.0852,480341.144554
1790683200000,1.0852,1.0912,1.0739,1.0761,326246.230766
1790686800000,1.0756,1.0815,1.0687,1.0774,423937.000212
1790690400000,1.0769,1.1153,1.0732,1.1078,819623.347534
1790694000000,1.1078,1.1093,1.0764,1.0843,1049052.096694
1790697600000,1.0845,1.0878,1.0587,1.0636,605154.750313
1790701200000,1.0633,1.0644,1.051,1.0598,267782.46162
1790704800000,1.0599,1.078,1.0594,1.0733,285518.920955
1790708400000,1.0732,1.082,1.0682,1.0686,216660.350213
1790712000000,1.0687,1.0873,1.0653,1.0829,195023.144739
1790715600000,1.0828,1.0866,1.0724,1.0794,371762.490393
1790719200000,1.08,1.0859,1.0701,1.074,239768.193125
1790722800000,1.074,1.0777,1.0521,1.0585,412826.350505
1790726400000,1.0583,1.062,1.0523,1.0585,477964.470442
1790730000000,1.0582,1.078,1.057,1.0679,260503.736933
1790733600000,1.0679,1.0733,1.0577,1.0663,473879.512778
1790737200000,1.0667,1.0676,1.0529,1.0552,273478.440222
1790740800000,1.0547,1.069,1.054,1.0614,168277.382767
1790744400000,1.0615,1.0749,1.0599,1.0694,157805.926258
1790748000000,1.0693,1.0727,1.0489,1.0538,330241.294398
1790751600000,1.0537,1.067,1.0513,1.0611,209638.693748
1790755200000,1.0611,1.0732,1.0557,1.0703,177081.397006
1790758800000,1.0703,1.0856,1.0693,1.0754,284121.451752
1790762400000,1.0755,1.0777,1.0708,1.0749,164265.086254
1790766000000,1.0749,1.0755,1.0614,1.0751,300318.44638
1790769600000,1.0749,1.0919,1.0632,1.0854,1067569.158953
1790773200000,1.0852,1.0907,1.056,1.0714,1130168.52303
1790776800000,1.0717,1.0742,1.0432,1.0546,991479.397881
1790780400000,1.0547,1.0628,1.0438,1.0607,615311.602337
1790784000000,1.0605,1.0707,1.0589,1.0647,346382.924164
1790787600000,1.0647,1.0674,1.038,1.0413,572364.834847
1790791200000,1.0409,1.0433,1.028,1.0335,456614.116736
1790794800000,1.0338,1.036,1.0236,1.0292,196020.618326
1790798400000,1.0296,1.0429,1.0296,1.0391,123077.363029
1790802000000,1.0399,1.0431,1.0353,1.036,126352.73471
1790805600000,1.036,1.0439,1.0267,1.0416,193173.898214
1790809200000,1.0415,1.0497,1.0412,1.0432,281230.03229
1790812800000,1.0436,1.0507,1.0389,1.0477,179689.201005
1790816400000,1.0477,1.0651,1.0438,1.0447,581266.690606
1790820000000,1.0448,1.0531,1.0392,1.0519,165678.421604
1790823600000,1.0521,1.0592,1.0492,1.0573,239915.557168
1790827200000,1.0577,1.0577,1.0473,1.0505,210986.308356
1790830800000,1.0507,1.055,1.0473,1.0493,150796.915047
1790834400000,1.0493,1.0512,1.0434,1.0495,228372.237696
1790838000000,1.0492,1.0509,1.02,1.0235,1093302.382243
1790841600000,1.0236,1.0294,1.0197,1.0286,558755.457883
1790845200000,1.0288,1.0314,1.0242,1.0265,197819.872782
1790848800000,1.0266,1.0273,1.0022,1.0217,1037813.154902
1790852400000,1.0209,1.0266,1.0148,1.0258,389335.304415
1790856000000,1.0257,1.0261,1.0098,1.0145,253522.28195
1790859600000,1.0146,1.0159,1.0006,1.0082,773911.479316
1790863200000,1.0081,1.0103,0.9907,0.9985,978482.563016
1790866800000,0.9984,1.0124,0.9926,1.0071,514107.756481
1790870400000,1.0069,1.0162,1.0042,1.0048,472232.023979
1790874000000,1.0052,1.0295,1.0046,1.0258,546216.509039
1790877600000,1.0256,1.0282,1.018,1.0206,189081.391394
1790881200000,1.0208,1.0239,1.0099,1.0182,159200.533278
1790884800000,1.0187,1.0219,1.016,1.0173,108869.583331
1790888400000,1.0173,1.0173,1.0059,1.0084,127806.723612
1790892000000,1.0083,1.0168,1.0083,1.0142,98431.346642
1790895600000,1.0142,1.0213,1.0125,1.0207,79954.455826
1790899200000,1.0204,1.024,1.0148,1.0153,94025.493436
1790902800000,1.0154,1.0192,1.0089,1.0179,174804.67699
1790906400000,1.0177,1.025,1.017,1.0237,171182.582809
1790910000000,1.0237,1.0279,1.0165,1.0206,167639.071825
1790913600000,1.0209,1.0452,1.0175,1.0421,937178.297723
1790917200000,1.0417,1.0417,1.0315,1.0337,342784.544314
1790920800000,1.034,1.0403,1.0322,1.0348,411538.731105
1790924400000,1.0349,1.0409,1.0316,1.0381,317026.920542
1790928000000,1.038,1.0468,1.0342,1.0352,397432.800664
1790931600000,1.0353,1.0382,1.0313,1.036,205324.690711
1790935200000,1.0359,1.0379,1.0287,1.0316,345412.683324
1790938800000,1.0319,1.0338,1.0273,1.0301,186487.95238
1790942400000,1.0299,1.0442,1.0262,1.0414,544420.447942
1790946000000,1.0413,1.0549,1.038,1.0502,833871.686572
1790949600000,1.0497,1.0599,1.0291,1.0369,951665.505506
1790953200000,1.0374,1.0468,1.0309,1.0454,262209.819535
1790956800000,1.0457,1.0578,1.0423,1.047,431929.460754
1790960400000,1.0472,1.05,1.0299,1.0355,407810.351669
1790964000000,1.0351,1.0381,0.9797,0.998,1769486.109395
1790967600000,0.9981,1.0068,0.9918,1,361910.778782
1790971200000,0.9997,1.0081,0.9994,1.0017,174408.83556
1790974800000,0.9996,1.0173,0.9994,1.017,179137.432055
1790978400000,1.017,1.0282,1.0091,1.0261,213635.146433
1790982000000,1.0261,1.036,1.0207,1.0331,432549.749947
1790985600000,1.0335,1.0467,1.0321,1.0417,356442.732031
1790989200000,1.0415,1.0452,1.0372,1.0408,187934.484016
1790992800000,1.0406,1.0578,1.0387,1.0519,525731.733481
1790996400000,1.0514,1.0674,1.047,1.0625,700674.261699
1791000000000,1.0623,1.0633,1.0489,1.0545,369277.99345
1791003600000,1.0546,1.061,1.0511,1.0515,141312.51243
1791007200000,1.0515,1.0546,1.0483,1.0509,158517.346092
1791010800000,1.051,1.0526,1.0421,1.0426,258287.424172
1791014400000,1.0424,1.0574,1.0404,1.0481,415425.535476
1791018000000,1.0484,1.0649,1.0481,1.0623,206656.98843
1791021600000,1.0627,1.0678,1.0575,1.0609,479884.200501
1791025200000,1.0605,1.072,1.0575,1.0678,345064.779629
1791028800000,1.0678,1.0727,1.053,1.0537,322647.341926
